Supplemental results for CODEML (seqf: Human_TAS1R1_breaks2_2nd_attempt.txt  treef: TAS1R1_revised_tree_following_error_message.txt)


MLEs of dN/dS (w) for site classes (K=4)

site class             0        1       2a       2b
proportion       0.00000  0.00000  0.76398  0.23602
background w     0.10441  1.00000  0.10441  1.00000
foreground w     0.10441  1.00000 313.55910 313.55910

Naive Empirical Bayes (NEB) probabilities for 4 classes
(amino acids refer to 1st sequence: 1.Tarsier)

   1 M   0.00000 0.00000 0.99204 0.00796 ( 3)
   2 F   0.00000 0.00000 0.68026 0.31974 ( 3)
   3 H   0.00000 0.00000 0.48917 0.51083 ( 4)
   4 H   0.00000 0.00000 0.00047 0.99953 ( 4)
   5 V   0.00000 0.00000 0.00001 0.99999 ( 4)
   6 A   0.00000 0.00000 0.63747 0.36253 ( 3)
   7 H   0.00000 0.00000 0.00726 0.99274 ( 4)
   8 L   0.00000 0.00000 0.95392 0.04608 ( 3)
   9 V   0.00000 0.00000 0.44435 0.55565 ( 4)
  10 G   0.00000 0.00000 0.90202 0.09798 ( 3)
  11 L   0.00000 0.00000 0.94723 0.05277 ( 3)
  12 Q   0.00000 0.00000 0.95069 0.04931 ( 3)
  13 L   0.00000 0.00000 0.94113 0.05887 ( 3)
  14 S   0.00000 0.00000 0.05770 0.94230 ( 4)
  15 I   0.00000 0.00000 0.60477 0.39523 ( 3)
  16 S   0.00000 0.00000 0.89997 0.10003 ( 3)
  17 C   0.00000 0.00000 0.87810 0.12190 ( 3)
  18 C   0.00000 0.00000 0.98581 0.01419 ( 3)
  19 W   0.00000 0.00000 0.68895 0.31105 ( 3)
  20 A   0.00000 0.00000 0.98119 0.01881 ( 3)
  21 F   0.00000 0.00000 0.80062 0.19938 ( 3)
  22 S   0.00000 0.00000 0.48610 0.51390 ( 4)
  23 C   0.00000 0.00000 0.98611 0.01389 ( 3)
  24 H   0.00000 0.00000 0.98319 0.01681 ( 3)
  25 N   0.00000 0.00000 0.08877 0.91123 ( 4)
  26 T   0.00000 0.00000 0.01710 0.98290 ( 4)
  27 E   0.00000 0.00000 0.83665 0.16335 ( 3)
  28 F   0.00000 0.00000 0.03985 0.96015 ( 4)
  29 S   0.00000 0.00000 0.93326 0.06674 ( 3)
  30 P   0.00000 0.00000 0.95631 0.04369 ( 3)
  31 D   0.00000 0.00000 0.92585 0.07415 ( 3)
  32 F   0.00000 0.00000 0.99281 0.00719 ( 3)
  33 S   0.00000 0.00000 0.90461 0.09539 ( 3)
  34 L   0.00000 0.00000 0.98924 0.01076 ( 3)
  35 P   0.00000 0.00000 0.79440 0.20560 ( 3)
  36 G   0.00000 0.00000 0.97160 0.02840 ( 3)
  37 N   0.00000 0.00000 0.70117 0.29883 ( 3)
  38 Y   0.00000 0.00000 0.98524 0.01476 ( 3)
  39 L   0.00000 0.00000 0.98901 0.01099 ( 3)
  40 L   0.00000 0.00000 0.95191 0.04809 ( 3)
  41 A   0.00000 0.00000 0.42242 0.57758 ( 4)
  42 G   0.00000 0.00000 0.98783 0.01217 ( 3)
  43 F   0.00000 0.00000 0.20125 0.79875 ( 4)
  44 F   0.00000 0.00000 0.99275 0.00725 ( 3)
  45 P   0.00000 0.00000 0.60987 0.39013 ( 3)
  46 L   0.00000 0.00000 0.99022 0.00978 ( 3)
  47 H   0.00000 0.00000 0.95049 0.04951 ( 3)
  48 G   0.00000 0.00000 0.13679 0.86321 ( 4)
  49 D   0.00000 0.00000 0.29654 0.70346 ( 4)
  50 C   0.00000 0.00000 0.13620 0.86380 ( 4)
  51 L   0.00000 0.00000 0.67392 0.32608 ( 3)
  52 Q   0.00000 0.00000 0.96368 0.03632 ( 3)
  53 V   0.00000 0.00000 0.98428 0.01572 ( 3)
  54 R   0.00000 0.00000 0.95525 0.04475 ( 3)
  55 H   0.00000 0.00000 0.47497 0.52503 ( 4)
  56 R   0.00000 0.00000 0.88960 0.11040 ( 3)
  57 P   0.00000 0.00000 0.98258 0.01742 ( 3)
  58 E   0.00000 0.00000 0.98186 0.01814 ( 3)
  59 V   0.00000 0.00000 0.98341 0.01659 ( 3)
  60 T   0.00000 0.00000 0.83089 0.16911 ( 3)
  61 L   0.00000 0.00000 0.96169 0.03831 ( 3)
  62 C   0.00000 0.00000 0.92568 0.07432 ( 3)
  63 D   0.00000 0.00000 0.98908 0.01092 ( 3)
  64 R   0.00000 0.00000 0.96790 0.03210 ( 3)
  65 T   0.00000 0.00000 0.00048 0.99952 ( 4)
  66 C   0.00000 0.00000 0.04344 0.95656 ( 4)
  67 G   0.00000 0.00000 0.07118 0.92882 ( 4)
  68 F   0.00000 0.00000 0.99044 0.00956 ( 3)
  69 N   0.00000 0.00000 0.95648 0.04352 ( 3)
  70 G   0.00000 0.00000 0.29591 0.70409 ( 4)
  71 H   0.00000 0.00000 0.97966 0.02034 ( 3)
  72 G   0.00000 0.00000 0.85019 0.14981 ( 3)
  73 Y   0.00000 0.00000 0.41228 0.58772 ( 4)
  74 H   0.00000 0.00000 0.38078 0.61922 ( 4)
  75 L   0.00000 0.00000 0.89328 0.10672 ( 3)
  76 F   0.00000 0.00000 0.93006 0.06994 ( 3)
  77 Q   0.00000 0.00000 0.22253 0.77747 ( 4)
  78 A   0.00000 0.00000 0.34444 0.65556 ( 4)
  79 M   0.00000 0.00000 0.42146 0.57854 ( 4)
  80 R   0.00000 0.00000 0.74951 0.25049 ( 3)
  81 L   0.00000 0.00000 0.68948 0.31052 ( 3)
  82 S   0.00000 0.00000 0.00059 0.99941 ( 4)
  83 I   0.00000 0.00000 0.18990 0.81010 ( 4)
  84 E   0.00000 0.00000 0.19632 0.80368 ( 4)
  85 A   0.00000 0.00000 0.77552 0.22448 ( 3)
  86 I   0.00000 0.00000 0.95080 0.04920 ( 3)
  87 N   0.00000 0.00000 0.98760 0.01240 ( 3)
  88 N   0.00000 0.00000 0.98760 0.01240 ( 3)
  89 S   0.00000 0.00000 0.98507 0.01493 ( 3)
  90 T   0.00000 0.00000 0.97230 0.02770 ( 3)
  91 V   0.00000 0.00000 0.49110 0.50890 ( 4)
  92 L   0.00000 0.00000 0.94471 0.05529 ( 3)
  93 L   0.00000 0.00000 0.94446 0.05554 ( 3)
  94 P   0.00000 0.00000 0.98900 0.01100 ( 3)
  95 N   0.00000 0.00000 0.79392 0.20608 ( 3)
  96 V   0.00000 0.00000 0.11108 0.88892 ( 4)
  97 T   0.00000 0.00000 0.91449 0.08551 ( 3)
  98 L   0.00000 0.00000 0.54448 0.45552 ( 3)
  99 G   0.00000 0.00000 0.97892 0.02108 ( 3)
 100 Y   0.00000 0.00000 0.19795 0.80205 ( 4)
 101 E   0.00000 0.00000 0.00398 0.99602 ( 4)
 102 L   0.00000 0.00000 0.95197 0.04803 ( 3)
 103 Y   0.00000 0.00000 0.08867 0.91133 ( 4)
 104 D   0.00000 0.00000 0.95965 0.04035 ( 3)
 105 V   0.00000 0.00000 0.97905 0.02095 ( 3)
 106 C   0.00000 0.00000 0.98001 0.01999 ( 3)
 107 S   0.00000 0.00000 0.94949 0.05051 ( 3)
 108 E   0.00000 0.00000 0.85948 0.14052 ( 3)
 109 S   0.00000 0.00000 0.93012 0.06988 ( 3)
 110 A   0.00000 0.00000 0.98973 0.01027 ( 3)
 111 N   0.00000 0.00000 0.95134 0.04866 ( 3)
 112 V   0.00000 0.00000 0.97905 0.02095 ( 3)
 113 Y   0.00000 0.00000 0.92763 0.07237 ( 3)
 114 A   0.00000 0.00000 0.98854 0.01146 ( 3)
 115 T   0.00000 0.00000 0.97249 0.02751 ( 3)
 116 L   0.00000 0.00000 0.94471 0.05529 ( 3)
 117 S   0.00000 0.00000 0.09353 0.90647 ( 4)
 118 V   0.00000 0.00000 0.83010 0.16990 ( 3)
 119 L   0.00000 0.00000 0.98755 0.01245 ( 3)
 120 S   0.00000 0.00000 0.98419 0.01581 ( 3)
 121 L   0.00000 0.00000 0.14745 0.85255 ( 4)
 122 P   0.00000 0.00000 0.43360 0.56640 ( 4)
 123 G   0.00000 0.00000 0.97638 0.02362 ( 3)
 124 T   0.00000 0.00000 0.08062 0.91938 ( 4)
 125 R   0.00000 0.00000 0.00001 0.99999 ( 4)
 126 H   0.00000 0.00000 0.98619 0.01381 ( 3)
 127 I   0.00000 0.00000 0.94793 0.05207 ( 3)
 128 D   0.00000 0.00000 0.32349 0.67651 ( 4)
 129 I   0.00000 0.00000 0.90167 0.09833 ( 3)
 130 Q   0.00000 0.00000 0.91624 0.08376 ( 3)
 131 G   0.00000 0.00000 0.45845 0.54155 ( 4)
 132 D   0.00000 0.00000 0.85894 0.14106 ( 3)
 133 F   0.00000 0.00000 0.13057 0.86943 ( 4)
 134 L   0.00000 0.00000 0.98755 0.01245 ( 3)
 135 H   0.00000 0.00000 0.00579 0.99421 ( 4)
 136 Y   0.00000 0.00000 0.92662 0.07338 ( 3)
 137 S   0.00000 0.00000 0.03961 0.96039 ( 4)
 138 P   0.00000 0.00000 0.97302 0.02698 ( 3)
 139 K   0.00000 0.00000 0.79739 0.20261 ( 3)
 140 I   0.00000 0.00000 0.71589 0.28411 ( 3)
 141 V   0.00000 0.00000 0.74527 0.25473 ( 3)
 142 A   0.00000 0.00000 0.96783 0.03217 ( 3)
 143 V   0.00000 0.00000 0.97923 0.02077 ( 3)
 144 I   0.00000 0.00000 0.54451 0.45549 ( 3)
 145 G   0.00000 0.00000 0.81950 0.18050 ( 3)
 146 P   0.00000 0.00000 0.64968 0.35032 ( 3)
 147 D   0.00000 0.00000 0.46888 0.53112 ( 4)
 148 S   0.00000 0.00000 0.00035 0.99965 ( 4)
 149 T   0.00000 0.00000 0.90251 0.09749 ( 3)
 150 D   0.00000 0.00000 0.10003 0.89997 ( 4)
 151 H   0.00000 0.00000 0.00015 0.99985 ( 4)
 152 A   0.00000 0.00000 0.64040 0.35960 ( 3)
 153 A   0.00000 0.00000 0.75680 0.24320 ( 3)
 154 T   0.00000 0.00000 0.65088 0.34912 ( 3)
 155 T   0.00000 0.00000 0.08723 0.91277 ( 4)
 156 A   0.00000 0.00000 0.97008 0.02992 ( 3)
 157 A   0.00000 0.00000 0.88918 0.11082 ( 3)
 158 L   0.00000 0.00000 0.94068 0.05932 ( 3)
 159 L   0.00000 0.00000 0.94901 0.05099 ( 3)
 160 S   0.00000 0.00000 0.88281 0.11719 ( 3)
 161 P   0.00000 0.00000 0.93004 0.06996 ( 3)
 162 F   0.00000 0.00000 0.40847 0.59153 ( 4)
 163 L   0.00000 0.00000 0.94216 0.05784 ( 3)
 164 V   0.00000 0.00000 0.37072 0.62928 ( 4)
 165 P   0.00000 0.00000 0.98869 0.01131 ( 3)
 166 L   0.00000 0.00000 0.17524 0.82476 ( 4)
 167 I   0.00000 0.00000 0.99308 0.00692 ( 3)
 168 S   0.00000 0.00000 0.98986 0.01014 ( 3)
 169 Y   0.00000 0.00000 0.95725 0.04275 ( 3)
 170 E   0.00000 0.00000 0.00407 0.99593 ( 4)
 171 A   0.00000 0.00000 0.99242 0.00758 ( 3)
 172 S   0.00000 0.00000 0.98986 0.01014 ( 3)
 173 S   0.00000 0.00000 0.98918 0.01082 ( 3)
 174 T   0.00000 0.00000 0.00040 0.99960 ( 4)
 175 T   0.00000 0.00000 0.02650 0.97350 ( 4)
 176 L   0.00000 0.00000 0.98552 0.01448 ( 3)
 177 S   0.00000 0.00000 0.47662 0.52338 ( 4)
 178 V   0.00000 0.00000 0.00062 0.99938 ( 4)
 179 K   0.00000 0.00000 0.97990 0.02010 ( 3)
 180 R   0.00000 0.00000 0.23854 0.76146 ( 4)
 181 Q   0.00000 0.00000 0.67910 0.32090 ( 3)
 182 Y   0.00000 0.00000 0.93447 0.06553 ( 3)
 183 P   0.00000 0.00000 0.99013 0.00987 ( 3)
 184 S   0.00000 0.00000 0.94174 0.05826 ( 3)
 185 F   0.00000 0.00000 0.98556 0.01444 ( 3)
 186 L   0.00000 0.00000 0.95197 0.04803 ( 3)
 187 R   0.00000 0.00000 0.98590 0.01410 ( 3)
 188 T   0.00000 0.00000 0.99112 0.00888 ( 3)
 189 I   0.00000 0.00000 0.94639 0.05361 ( 3)
 190 P   0.00000 0.00000 0.99013 0.00987 ( 3)
 191 S   0.00000 0.00000 0.32956 0.67044 ( 4)
 192 D   0.00000 0.00000 0.99143 0.00857 ( 3)
 193 R   0.00000 0.00000 0.34007 0.65993 ( 4)
 194 H   0.00000 0.00000 0.07263 0.92737 ( 4)
 195 Q   0.00000 0.00000 0.96368 0.03632 ( 3)
 196 V   0.00000 0.00000 0.98341 0.01659 ( 3)
 197 E   0.00000 0.00000 0.98277 0.01723 ( 3)
 198 V   0.00000 0.00000 0.54664 0.45336 ( 3)
 199 M   0.00000 0.00000 0.92234 0.07766 ( 3)
 200 V   0.00000 0.00000 0.98341 0.01659 ( 3)
 201 L   0.00000 0.00000 0.66564 0.33436 ( 3)
 202 L   0.00000 0.00000 0.95197 0.04803 ( 3)
 203 L   0.00000 0.00000 0.95177 0.04823 ( 3)
 204 Q   0.00000 0.00000 0.01903 0.98097 ( 4)
 205 R   0.00000 0.00000 0.29466 0.70534 ( 4)
 206 F   0.00000 0.00000 0.99296 0.00704 ( 3)
 207 R   0.00000 0.00000 0.00048 0.99952 ( 4)
 208 W   0.00000 0.00000 0.95441 0.04559 ( 3)
 209 V   0.00000 0.00000 0.46347 0.53653 ( 4)
 210 W   0.00000 0.00000 0.95441 0.04559 ( 3)
 211 I   0.00000 0.00000 0.99423 0.00577 ( 3)
 212 S   0.00000 0.00000 0.94232 0.05768 ( 3)
 213 L   0.00000 0.00000 0.95197 0.04803 ( 3)
 214 V   0.00000 0.00000 0.27913 0.72087 ( 4)
 215 G   0.00000 0.00000 0.98900 0.01100 ( 3)
 216 S   0.00000 0.00000 0.98926 0.01074 ( 3)
 217 Y   0.00000 0.00000 0.00144 0.99856 ( 4)
 218 G   0.00000 0.00000 0.80040 0.19960 ( 3)
 219 D   0.00000 0.00000 0.99187 0.00813 ( 3)
 220 Y   0.00000 0.00000 0.95725 0.04275 ( 3)
 221 G   0.00000 0.00000 0.97918 0.02082 ( 3)
 222 Q   0.00000 0.00000 0.76436 0.23564 ( 3)
 223 Q   0.00000 0.00000 0.12117 0.87883 ( 4)
 224 G   0.00000 0.00000 0.79473 0.20527 ( 3)
 225 V   0.00000 0.00000 0.98095 0.01905 ( 3)
 226 Q   0.00000 0.00000 0.73375 0.26625 ( 3)
 227 A   0.00000 0.00000 0.65358 0.34642 ( 3)
 228 L   0.00000 0.00000 0.95387 0.04613 ( 3)
 229 E   0.00000 0.00000 0.38054 0.61946 ( 4)
 230 N   0.00000 0.00000 0.00981 0.99019 ( 4)
 231 Q   0.00000 0.00000 0.73234 0.26766 ( 3)
 232 A   0.00000 0.00000 0.99242 0.00758 ( 3)
 233 T   0.00000 0.00000 0.97796 0.02204 ( 3)
 234 D   0.00000 0.00000 0.00160 0.99840 ( 4)
 235 Q   0.00000 0.00000 0.71216 0.28784 ( 3)
 236 G   0.00000 0.00000 0.36362 0.63638 ( 4)
 237 I   0.00000 0.00000 0.94546 0.05454 ( 3)
 238 C   0.00000 0.00000 0.98642 0.01358 ( 3)
 239 I   0.00000 0.00000 0.95704 0.04296 ( 3)
 240 A   0.00000 0.00000 0.94801 0.05199 ( 3)
 241 F   0.00000 0.00000 0.99296 0.00704 ( 3)
 242 K   0.00000 0.00000 0.97990 0.02010 ( 3)
 243 D   0.00000 0.00000 0.92177 0.07823 ( 3)
 244 I   0.00000 0.00000 0.43564 0.56436 ( 4)
 245 V   0.00000 0.00000 0.85131 0.14869 ( 3)
 246 P   0.00000 0.00000 0.98772 0.01228 ( 3)
 247 L   0.00000 0.00000 0.92474 0.07526 ( 3)
 248 S   0.00000 0.00000 0.60676 0.39324 ( 3)
 249 A   0.00000 0.00000 0.99242 0.00758 ( 3)
 250 R   0.00000 0.00000 0.00024 0.99976 ( 4)
 251 V   0.00000 0.00000 0.97814 0.02186 ( 3)
 252 G   0.00000 0.00000 0.96727 0.03273 ( 3)
 253 D   0.00000 0.00000 0.95555 0.04445 ( 3)
 254 E   0.00000 0.00000 0.37382 0.62618 ( 4)
 255 R   0.00000 0.00000 0.78595 0.21405 ( 3)
 256 M   0.00000 0.00000 0.99204 0.00796 ( 3)
 257 Q   0.00000 0.00000 0.73450 0.26550 ( 3)
 258 G   0.00000 0.00000 0.00493 0.99507 ( 4)
 259 M   0.00000 0.00000 0.08263 0.91737 ( 4)
 260 M   0.00000 0.00000 0.99204 0.00796 ( 3)
 261 N   0.00000 0.00000 0.00071 0.99929 ( 4)
 262 R   0.00000 0.00000 0.08931 0.91069 ( 4)
 263 L   0.00000 0.00000 0.95197 0.04803 ( 3)
 264 A   0.00000 0.00000 0.93135 0.06865 ( 3)
 265 R   0.00000 0.00000 0.02521 0.97479 ( 4)
 266 A   0.00000 0.00000 0.99093 0.00907 ( 3)
 267 G   0.00000 0.00000 0.00494 0.99506 ( 4)
 268 T   0.00000 0.00000 0.91715 0.08285 ( 3)
 269 T   0.00000 0.00000 0.83948 0.16052 ( 3)
 270 V   0.00000 0.00000 0.99005 0.00995 ( 3)
 271 V   0.00000 0.00000 0.98341 0.01659 ( 3)
 272 V   0.00000 0.00000 0.33500 0.66500 ( 4)
 273 V   0.00000 0.00000 0.94918 0.05082 ( 3)
 274 F   0.00000 0.00000 0.98256 0.01744 ( 3)
 275 S   0.00000 0.00000 0.98855 0.01145 ( 3)
 276 S   0.00000 0.00000 0.00635 0.99365 ( 4)
 277 R   0.00000 0.00000 0.11930 0.88070 ( 4)
 278 R   0.00000 0.00000 0.00032 0.99968 ( 4)
 279 L   0.00000 0.00000 0.09223 0.90777 ( 4)
 280 A   0.00000 0.00000 0.99242 0.00758 ( 3)
 281 R   0.00000 0.00000 0.82006 0.17994 ( 3)
 282 V   0.00000 0.00000 0.98341 0.01659 ( 3)
 283 F   0.00000 0.00000 0.98800 0.01200 ( 3)
 284 F   0.00000 0.00000 0.98977 0.01023 ( 3)
 285 E   0.00000 0.00000 0.98277 0.01723 ( 3)
 286 S   0.00000 0.00000 0.98347 0.01653 ( 3)
 287 V   0.00000 0.00000 0.98341 0.01659 ( 3)
 288 V   0.00000 0.00000 0.98341 0.01659 ( 3)
 289 L   0.00000 0.00000 0.95125 0.04875 ( 3)
 290 A   0.00000 0.00000 0.93062 0.06938 ( 3)
 291 N   0.00000 0.00000 0.91670 0.08330 ( 3)
 292 L   0.00000 0.00000 0.67429 0.32571 ( 3)
 293 T   0.00000 0.00000 0.94166 0.05834 ( 3)
 294 G   0.00000 0.00000 0.98900 0.01100 ( 3)
 295 K   0.00000 0.00000 0.97990 0.02010 ( 3)
 296 V   0.00000 0.00000 0.98341 0.01659 ( 3)
 297 W   0.00000 0.00000 0.95441 0.04559 ( 3)
 298 I   0.00000 0.00000 0.48173 0.51827 ( 4)
 299 A   0.00000 0.00000 0.99242 0.00758 ( 3)
 300 S   0.00000 0.00000 0.87536 0.12464 ( 3)
 301 E   0.00000 0.00000 0.91969 0.08031 ( 3)
 302 D   0.00000 0.00000 0.51252 0.48748 ( 3)
 303 W   0.00000 0.00000 0.95441 0.04559 ( 3)
 304 A   0.00000 0.00000 0.92005 0.07995 ( 3)
 305 I   0.00000 0.00000 0.92271 0.07729 ( 3)
 306 S   0.00000 0.00000 0.98855 0.01145 ( 3)
 307 R   0.00000 0.00000 0.04794 0.95206 ( 4)
 308 H   0.00000 0.00000 0.89601 0.10399 ( 3)
 309 I   0.00000 0.00000 0.99423 0.00577 ( 3)
 310 T   0.00000 0.00000 0.65129 0.34871 ( 3)
 311 G   0.00000 0.00000 0.29387 0.70613 ( 4)
 312 V   0.00000 0.00000 0.98068 0.01932 ( 3)
 313 P   0.00000 0.00000 0.98004 0.01996 ( 3)
 314 G   0.00000 0.00000 0.97733 0.02267 ( 3)
 315 I   0.00000 0.00000 0.99423 0.00577 ( 3)
 316 Q   0.00000 0.00000 0.20336 0.79664 ( 4)
 317 G   0.00000 0.00000 0.43812 0.56188 ( 4)
 318 I   0.00000 0.00000 0.96997 0.03003 ( 3)
 319 G   0.00000 0.00000 0.97672 0.02328 ( 3)
 320 T   0.00000 0.00000 0.00030 0.99970 ( 4)
 321 V   0.00000 0.00000 0.98404 0.01596 ( 3)
 322 L   0.00000 0.00000 0.95197 0.04803 ( 3)
 323 G   0.00000 0.00000 0.95912 0.04088 ( 3)
 324 V   0.00000 0.00000 0.98305 0.01695 ( 3)
 325 A   0.00000 0.00000 0.99242 0.00758 ( 3)
 326 I   0.00000 0.00000 0.99423 0.00577 ( 3)
 327 Q   0.00000 0.00000 0.96368 0.03632 ( 3)
 328 L   0.00000 0.00000 0.02924 0.97076 ( 4)
 329 R   0.00000 0.00000 0.31986 0.68014 ( 4)
 330 L   0.00000 0.00000 0.00013 0.99987 ( 4)
 331 V   0.00000 0.00000 0.92746 0.07254 ( 3)
 332 P   0.00000 0.00000 0.94930 0.05070 ( 3)
 333 G   0.00000 0.00000 0.90331 0.09669 ( 3)
 334 L   0.00000 0.00000 0.95166 0.04834 ( 3)
 335 K   0.00000 0.00000 0.83581 0.16419 ( 3)
 336 E   0.00000 0.00000 0.81036 0.18964 ( 3)
 337 F   0.00000 0.00000 0.68269 0.31731 ( 3)
 338 E   0.00000 0.00000 0.90847 0.09153 ( 3)
 339 E   0.00000 0.00000 0.96158 0.03842 ( 3)
 340 A   0.00000 0.00000 0.99242 0.00758 ( 3)
 341 Y   0.00000 0.00000 0.92570 0.07430 ( 3)
 342 A   0.00000 0.00000 0.93180 0.06820 ( 3)
 343 Q   0.00000 0.00000 0.00093 0.99907 ( 4)
 344 A   0.00000 0.00000 0.53283 0.46717 ( 3)
 345 D   0.00000 0.00000 0.99187 0.00813 ( 3)
 346 K   0.00000 0.00000 0.97990 0.02010 ( 3)
 347 G   0.00000 0.00000 0.00426 0.99574 ( 4)
 348 A   0.00000 0.00000 0.92169 0.07831 ( 3)
 349 P   0.00000 0.00000 0.04064 0.95936 ( 4)
 350 L   0.00000 0.00000 0.62340 0.37660 ( 3)
 351 P   0.00000 0.00000 0.47613 0.52387 ( 4)
 352 C   0.00000 0.00000 0.98459 0.01541 ( 3)
 353 P   0.00000 0.00000 0.00901 0.99099 ( 4)
 354 T   0.00000 0.00000 0.03276 0.96724 ( 4)
 355 G   0.00000 0.00000 0.90253 0.09747 ( 3)
 356 A   0.00000 0.00000 0.88577 0.11423 ( 3)
 357 W   0.00000 0.00000 0.70738 0.29262 ( 3)
 358 C   0.00000 0.00000 0.98642 0.01358 ( 3)
 359 S   0.00000 0.00000 0.98986 0.01014 ( 3)
 360 S   0.00000 0.00000 0.98986 0.01014 ( 3)
 361 N   0.00000 0.00000 0.94621 0.05379 ( 3)
 362 Q   0.00000 0.00000 0.96368 0.03632 ( 3)
 363 L   0.00000 0.00000 0.48397 0.51603 ( 4)
 364 C   0.00000 0.00000 0.98459 0.01541 ( 3)
 365 R   0.00000 0.00000 0.90086 0.09914 ( 3)
 366 E   0.00000 0.00000 0.09018 0.90982 ( 4)
 367 C   0.00000 0.00000 0.98446 0.01554 ( 3)
 368 C   0.00000 0.00000 0.00023 0.99977 ( 4)
 369 A   0.00000 0.00000 0.67744 0.32256 ( 3)
 370 F   0.00000 0.00000 0.99296 0.00704 ( 3)
 371 T   0.00000 0.00000 0.00005 0.99995 ( 4)
 372 A   0.00000 0.00000 0.06970 0.93030 ( 4)
 373 H   0.00000 0.00000 0.98922 0.01078 ( 3)
 374 T   0.00000 0.00000 0.00003 0.99997 ( 4)
 375 T   0.00000 0.00000 0.92259 0.07741 ( 3)
 376 P   0.00000 0.00000 0.98962 0.01038 ( 3)
 377 T   0.00000 0.00000 0.02638 0.97362 ( 4)
 378 L   0.00000 0.00000 0.98253 0.01747 ( 3)
 379 G   0.00000 0.00000 0.00008 0.99992 ( 4)
 380 P   0.00000 0.00000 0.52403 0.47597 ( 3)
 381 F   0.00000 0.00000 0.93113 0.06887 ( 3)
 382 S   0.00000 0.00000 0.98855 0.01145 ( 3)
 383 M   0.00000 0.00000 0.99204 0.00796 ( 3)
 384 S   0.00000 0.00000 0.94472 0.05528 ( 3)
 385 S   0.00000 0.00000 0.60446 0.39554 ( 3)
 386 A   0.00000 0.00000 0.99242 0.00758 ( 3)
 387 Y   0.00000 0.00000 0.98524 0.01476 ( 3)
 388 N   0.00000 0.00000 0.99041 0.00959 ( 3)
 389 V   0.00000 0.00000 0.24196 0.75804 ( 4)
 390 Y   0.00000 0.00000 0.97898 0.02102 ( 3)
 391 Q   0.00000 0.00000 0.02024 0.97976 ( 4)
 392 A   0.00000 0.00000 0.93541 0.06459 ( 3)
 393 V   0.00000 0.00000 0.98341 0.01659 ( 3)
 394 Y   0.00000 0.00000 0.95828 0.04172 ( 3)
 395 T   0.00000 0.00000 0.01852 0.98148 ( 4)
 396 V   0.00000 0.00000 0.98341 0.01659 ( 3)
 397 A   0.00000 0.00000 0.99214 0.00786 ( 3)
 398 H   0.00000 0.00000 0.94690 0.05310 ( 3)
 399 G   0.00000 0.00000 0.98900 0.01100 ( 3)
 400 L   0.00000 0.00000 0.99061 0.00939 ( 3)
 401 H   0.00000 0.00000 0.98945 0.01055 ( 3)
 402 Q   0.00000 0.00000 0.96368 0.03632 ( 3)
 403 L   0.00000 0.00000 0.99061 0.00939 ( 3)
 404 L   0.00000 0.00000 0.95197 0.04803 ( 3)
 405 G   0.00000 0.00000 0.98900 0.01100 ( 3)
 406 C   0.00000 0.00000 0.96204 0.03796 ( 3)
 407 A   0.00000 0.00000 0.91227 0.08773 ( 3)
 408 S   0.00000 0.00000 0.94747 0.05253 ( 3)
 409 G   0.00000 0.00000 0.88046 0.11954 ( 3)
 410 A   0.00000 0.00000 0.83729 0.16271 ( 3)
 411 C   0.00000 0.00000 0.93356 0.06644 ( 3)
 412 S   0.00000 0.00000 0.98855 0.01145 ( 3)
 413 R   0.00000 0.00000 0.97770 0.02230 ( 3)
 414 S   0.00000 0.00000 0.48419 0.51581 ( 4)
 415 Q   0.00000 0.00000 0.00722 0.99278 ( 4)
 416 V   0.00000 0.00000 0.99250 0.00750 ( 3)
 417 Y   0.00000 0.00000 0.36936 0.63064 ( 4)
 418 P   0.00000 0.00000 0.98953 0.01047 ( 3)
 419 W   0.00000 0.00000 0.95441 0.04559 ( 3)
 420 Q   0.00000 0.00000 0.96368 0.03632 ( 3)
 421 L   0.00000 0.00000 0.93991 0.06009 ( 3)
 422 L   0.00000 0.00000 0.94799 0.05201 ( 3)
 423 E   0.00000 0.00000 0.85284 0.14716 ( 3)
 424 Q   0.00000 0.00000 0.96368 0.03632 ( 3)
 425 I   0.00000 0.00000 0.99423 0.00577 ( 3)
 426 H   0.00000 0.00000 0.00774 0.99226 ( 4)
 427 K   0.00000 0.00000 0.97929 0.02071 ( 3)
 428 A   0.00000 0.00000 0.86642 0.13358 ( 3)
 429 N   0.00000 0.00000 0.64588 0.35412 ( 3)
 430 F   0.00000 0.00000 0.99275 0.00725 ( 3)
 431 L   0.00000 0.00000 0.93991 0.06009 ( 3)
 432 L   0.00000 0.00000 0.85554 0.14446 ( 3)
 433 H   0.00000 0.00000 0.98701 0.01299 ( 3)
 434 E   0.00000 0.00000 0.00491 0.99509 ( 4)
 435 D   0.00000 0.00000 0.99187 0.00813 ( 3)
 436 T   0.00000 0.00000 0.94947 0.05053 ( 3)
 437 V   0.00000 0.00000 0.98341 0.01659 ( 3)
 438 T   0.00000 0.00000 0.00165 0.99835 ( 4)
 439 F   0.00000 0.00000 0.67962 0.32038 ( 3)
 440 N   0.00000 0.00000 0.15933 0.84067 ( 4)
 441 D   0.00000 0.00000 0.99187 0.00813 ( 3)
 442 N   0.00000 0.00000 0.96358 0.03642 ( 3)
 443 G   0.00000 0.00000 0.15021 0.84979 ( 4)
 444 D   0.00000 0.00000 0.32451 0.67549 ( 4)
 445 P   0.00000 0.00000 0.90588 0.09412 ( 3)
 446 L   0.00000 0.00000 0.41537 0.58463 ( 4)
 447 S   0.00000 0.00000 0.94343 0.05657 ( 3)
 448 G   0.00000 0.00000 0.89456 0.10544 ( 3)
 449 Y   0.00000 0.00000 0.92570 0.07430 ( 3)
 450 N   0.00000 0.00000 0.09062 0.90938 ( 4)
 451 I   0.00000 0.00000 0.95702 0.04298 ( 3)
 452 I   0.00000 0.00000 0.95704 0.04296 ( 3)
 453 A   0.00000 0.00000 0.93050 0.06950 ( 3)
 454 W   0.00000 0.00000 0.95441 0.04559 ( 3)
 455 D   0.00000 0.00000 0.99187 0.00813 ( 3)
 456 W   0.00000 0.00000 0.95441 0.04559 ( 3)
 457 I   0.00000 0.00000 0.01765 0.98235 ( 4)
 458 G   0.00000 0.00000 0.97478 0.02522 ( 3)
 459 F   0.00000 0.00000 0.50005 0.49995 ( 3)
 460 K   0.00000 0.00000 0.85244 0.14756 ( 3)
 461 W   0.00000 0.00000 0.95441 0.04559 ( 3)
 462 T   0.00000 0.00000 0.99112 0.00888 ( 3)
 463 F   0.00000 0.00000 0.99184 0.00816 ( 3)
 464 T   0.00000 0.00000 0.96957 0.03043 ( 3)
 465 V   0.00000 0.00000 0.40189 0.59811 ( 4)
 466 I   0.00000 0.00000 0.02481 0.97519 ( 4)
 467 G   0.00000 0.00000 0.98072 0.01928 ( 3)
 468 S   0.00000 0.00000 0.98792 0.01208 ( 3)
 469 S   0.00000 0.00000 0.98855 0.01145 ( 3)
 470 T   0.00000 0.00000 0.89950 0.10050 ( 3)
 471 A   0.00000 0.00000 0.15688 0.84312 ( 4)
 472 S   0.00000 0.00000 0.59157 0.40843 ( 3)
 473 P   0.00000 0.00000 0.87197 0.12803 ( 3)
 474 V   0.00000 0.00000 0.63726 0.36274 ( 3)
 475 R   0.00000 0.00000 0.00103 0.99897 ( 4)
 476 L   0.00000 0.00000 0.89171 0.10829 ( 3)
 477 D   0.00000 0.00000 0.90362 0.09638 ( 3)
 478 I   0.00000 0.00000 0.95506 0.04494 ( 3)
 479 N   0.00000 0.00000 0.94621 0.05379 ( 3)
 480 E   0.00000 0.00000 0.85298 0.14702 ( 3)
 481 T   0.00000 0.00000 0.99110 0.00890 ( 3)
 482 K   0.00000 0.00000 0.89877 0.10123 ( 3)
 483 I   0.00000 0.00000 0.99383 0.00617 ( 3)
 484 Q   0.00000 0.00000 0.96368 0.03632 ( 3)
 485 W   0.00000 0.00000 0.95441 0.04559 ( 3)
 486 H   0.00000 0.00000 0.87869 0.12131 ( 3)
 487 R   0.00000 0.00000 0.06914 0.93086 ( 4)
 488 K   0.00000 0.00000 0.97990 0.02010 ( 3)
 489 D   0.00000 0.00000 0.92669 0.07331 ( 3)
 490 N   0.00000 0.00000 0.99066 0.00934 ( 3)
 491 Q   0.00000 0.00000 0.96368 0.03632 ( 3)
 492 V   0.00000 0.00000 0.98305 0.01695 ( 3)
 493 P   0.00000 0.00000 0.94544 0.05456 ( 3)
 494 Q   0.00000 0.00000 0.32115 0.67885 ( 4)
 495 S   0.00000 0.00000 0.93326 0.06674 ( 3)
 496 V   0.00000 0.00000 0.98341 0.01659 ( 3)
 497 C   0.00000 0.00000 0.97122 0.02878 ( 3)
 498 S   0.00000 0.00000 0.98855 0.01145 ( 3)
 499 S   0.00000 0.00000 0.97728 0.02272 ( 3)
 500 D   0.00000 0.00000 0.99136 0.00864 ( 3)
 501 C   0.00000 0.00000 0.93872 0.06128 ( 3)
 502 L   0.00000 0.00000 0.93991 0.06009 ( 3)
 503 E   0.00000 0.00000 0.50617 0.49383 ( 3)
 504 G   0.00000 0.00000 0.97389 0.02611 ( 3)
 505 H   0.00000 0.00000 0.90463 0.09537 ( 3)
 506 Q   0.00000 0.00000 0.96368 0.03632 ( 3)
 507 R   0.00000 0.00000 0.05595 0.94405 ( 4)
 508 V   0.00000 0.00000 0.98341 0.01659 ( 3)
 509 V   0.00000 0.00000 0.95073 0.04927 ( 3)
 510 V   0.00000 0.00000 0.00033 0.99967 ( 4)
 511 G   0.00000 0.00000 0.60082 0.39918 ( 3)
 512 S   0.00000 0.00000 0.93273 0.06727 ( 3)
 513 H   0.00000 0.00000 0.18491 0.81509 ( 4)
 514 H   0.00000 0.00000 0.90703 0.09297 ( 3)
 515 C   0.00000 0.00000 0.93618 0.06382 ( 3)
 516 C   0.00000 0.00000 0.98642 0.01358 ( 3)
 517 F   0.00000 0.00000 0.96391 0.03609 ( 3)
 518 E   0.00000 0.00000 0.85527 0.14473 ( 3)
 519 C   0.00000 0.00000 0.93356 0.06644 ( 3)
 520 V   0.00000 0.00000 0.97364 0.02636 ( 3)
 521 P   0.00000 0.00000 0.98697 0.01303 ( 3)
 522 C   0.00000 0.00000 0.93440 0.06560 ( 3)
 523 E   0.00000 0.00000 0.28625 0.71375 ( 4)
 524 S   0.00000 0.00000 0.61593 0.38407 ( 3)
 525 G   0.00000 0.00000 0.97636 0.02364 ( 3)
 526 T   0.00000 0.00000 0.33469 0.66531 ( 4)
 527 F   0.00000 0.00000 0.57629 0.42371 ( 3)
 528 L   0.00000 0.00000 0.45427 0.54573 ( 4)
 529 N   0.00000 0.00000 0.52253 0.47747 ( 3)
 530 K   0.00000 0.00000 0.33707 0.66293 ( 4)
 531 S   0.00000 0.00000 0.93580 0.06420 ( 3)
 532 D   0.00000 0.00000 0.98908 0.01092 ( 3)
 533 L   0.00000 0.00000 0.88293 0.11707 ( 3)
 534 Y   0.00000 0.00000 0.84444 0.15556 ( 3)
 535 R   0.00000 0.00000 0.11420 0.88580 ( 4)
 536 C   0.00000 0.00000 0.98176 0.01824 ( 3)
 537 Q   0.00000 0.00000 0.96368 0.03632 ( 3)
 538 P   0.00000 0.00000 0.60814 0.39186 ( 3)
 539 C   0.00000 0.00000 0.93356 0.06644 ( 3)
 540 G   0.00000 0.00000 0.97733 0.02267 ( 3)
 541 K   0.00000 0.00000 0.90924 0.09076 ( 3)
 542 E   0.00000 0.00000 0.90847 0.09153 ( 3)
 543 E   0.00000 0.00000 0.98274 0.01726 ( 3)
 544 W   0.00000 0.00000 0.95441 0.04559 ( 3)
 545 A   0.00000 0.00000 0.87873 0.12127 ( 3)
 546 P   0.00000 0.00000 0.94982 0.05018 ( 3)
 547 E   0.00000 0.00000 0.05392 0.94608 ( 4)
 548 G   0.00000 0.00000 0.39309 0.60691 ( 4)
 549 S   0.00000 0.00000 0.98986 0.01014 ( 3)
 550 Q   0.00000 0.00000 0.96368 0.03632 ( 3)
 551 T   0.00000 0.00000 0.90844 0.09156 ( 3)
 552 C   0.00000 0.00000 0.98642 0.01358 ( 3)
 553 F   0.00000 0.00000 0.99214 0.00786 ( 3)
 554 P   0.00000 0.00000 0.51577 0.48423 ( 3)
 555 R   0.00000 0.00000 0.97841 0.02159 ( 3)
 556 T   0.00000 0.00000 0.95077 0.04923 ( 3)
 557 V   0.00000 0.00000 0.98072 0.01928 ( 3)
 558 V   0.00000 0.00000 0.86069 0.13931 ( 3)
 559 F   0.00000 0.00000 0.16430 0.83570 ( 4)
 560 L   0.00000 0.00000 0.95124 0.04876 ( 3)
 561 A   0.00000 0.00000 0.14120 0.85880 ( 4)
 562 W   0.00000 0.00000 0.17577 0.82423 ( 4)
 563 H   0.00000 0.00000 0.16374 0.83626 ( 4)
 564 E   0.00000 0.00000 0.98277 0.01723 ( 3)
 565 C   0.00000 0.00000 0.00902 0.99098 ( 4)
 566 I   0.00000 0.00000 0.92524 0.07476 ( 3)
 567 S   0.00000 0.00000 0.93326 0.06674 ( 3)
 568 W   0.00000 0.00000 0.95441 0.04559 ( 3)
 569 V   0.00000 0.00000 0.98341 0.01659 ( 3)
 570 L   0.00000 0.00000 0.94854 0.05146 ( 3)
 571 L   0.00000 0.00000 0.95161 0.04839 ( 3)
 572 A   0.00000 0.00000 0.42039 0.57961 ( 4)
 573 A   0.00000 0.00000 0.66365 0.33635 ( 3)
 574 N   0.00000 0.00000 0.97568 0.02432 ( 3)
 575 T   0.00000 0.00000 0.78629 0.21371 ( 3)
 576 L   0.00000 0.00000 0.17226 0.82774 ( 4)
 577 L   0.00000 0.00000 0.95026 0.04974 ( 3)
 578 L   0.00000 0.00000 0.95186 0.04814 ( 3)
 579 V   0.00000 0.00000 0.67435 0.32565 ( 3)
 580 V   0.00000 0.00000 0.67342 0.32658 ( 3)
 581 V   0.00000 0.00000 0.68548 0.31452 ( 3)
 582 V   0.00000 0.00000 0.14473 0.85527 ( 4)
 583 G   0.00000 0.00000 0.97833 0.02167 ( 3)
 584 T   0.00000 0.00000 0.62095 0.37905 ( 3)
 585 V   0.00000 0.00000 0.63908 0.36092 ( 3)
 586 G   0.00000 0.00000 0.98654 0.01346 ( 3)
 587 L   0.00000 0.00000 0.95197 0.04803 ( 3)
 588 F   0.00000 0.00000 0.95365 0.04635 ( 3)
 589 A   0.00000 0.00000 0.99194 0.00806 ( 3)
 590 W   0.00000 0.00000 0.95441 0.04559 ( 3)
 591 H   0.00000 0.00000 0.98949 0.01051 ( 3)
 592 Q   0.00000 0.00000 0.35676 0.64324 ( 4)
 593 D   0.00000 0.00000 0.99187 0.00813 ( 3)
 594 T   0.00000 0.00000 0.99024 0.00976 ( 3)
 595 P   0.00000 0.00000 0.93783 0.06217 ( 3)
 596 V   0.00000 0.00000 0.98341 0.01659 ( 3)
 597 V   0.00000 0.00000 0.98281 0.01719 ( 3)
 598 R   0.00000 0.00000 0.97770 0.02230 ( 3)
 599 S   0.00000 0.00000 0.85731 0.14269 ( 3)
 600 A   0.00000 0.00000 0.92107 0.07893 ( 3)
 601 G   0.00000 0.00000 0.97733 0.02267 ( 3)
 602 G   0.00000 0.00000 0.98900 0.01100 ( 3)
 603 W   0.00000 0.00000 0.00373 0.99627 ( 4)
 604 L   0.00000 0.00000 0.95197 0.04803 ( 3)
 605 C   0.00000 0.00000 0.98626 0.01374 ( 3)
 606 F   0.00000 0.00000 0.98256 0.01744 ( 3)
 607 L   0.00000 0.00000 0.97842 0.02158 ( 3)
 608 M   0.00000 0.00000 0.99204 0.00796 ( 3)
 609 L   0.00000 0.00000 0.94901 0.05099 ( 3)
 610 G   0.00000 0.00000 0.98783 0.01217 ( 3)
 611 S   0.00000 0.00000 0.98777 0.01223 ( 3)
 612 L   0.00000 0.00000 0.95197 0.04803 ( 3)
 613 A   0.00000 0.00000 0.89423 0.10577 ( 3)
 614 G   0.00000 0.00000 0.01013 0.98987 ( 4)
 615 A   0.00000 0.00000 0.57896 0.42104 ( 3)
 616 S   0.00000 0.00000 0.98695 0.01305 ( 3)
 617 C   0.00000 0.00000 0.00816 0.99184 ( 4)
 618 S   0.00000 0.00000 0.98986 0.01014 ( 3)
 619 L   0.00000 0.00000 0.91169 0.08831 ( 3)
 620 Y   0.00000 0.00000 0.92570 0.07430 ( 3)
 621 G   0.00000 0.00000 0.98872 0.01128 ( 3)
 622 F   0.00000 0.00000 0.99257 0.00743 ( 3)
 623 F   0.00000 0.00000 0.95365 0.04635 ( 3)
 624 G   0.00000 0.00000 0.97389 0.02611 ( 3)
 625 E   0.00000 0.00000 0.97299 0.02701 ( 3)
 626 P   0.00000 0.00000 0.98864 0.01136 ( 3)
 627 T   0.00000 0.00000 0.52643 0.47357 ( 3)
 628 L   0.00000 0.00000 0.14300 0.85700 ( 4)
 629 P   0.00000 0.00000 0.73472 0.26528 ( 3)
 630 A   0.00000 0.00000 0.48417 0.51583 ( 4)
 631 C   0.00000 0.00000 0.98459 0.01541 ( 3)
 632 L   0.00000 0.00000 0.93969 0.06031 ( 3)
 633 L   0.00000 0.00000 0.95171 0.04829 ( 3)
 634 R   0.00000 0.00000 0.98603 0.01397 ( 3)
 635 Q   0.00000 0.00000 0.96014 0.03986 ( 3)
 636 A   0.00000 0.00000 0.90818 0.09182 ( 3)
 637 I   0.00000 0.00000 0.90274 0.09726 ( 3)
 638 F   0.00000 0.00000 0.95365 0.04635 ( 3)
 639 A   0.00000 0.00000 0.99119 0.00881 ( 3)
 640 L   0.00000 0.00000 0.94740 0.05260 ( 3)
 641 G   0.00000 0.00000 0.93682 0.06318 ( 3)
 642 F   0.00000 0.00000 0.98556 0.01444 ( 3)
 643 T   0.00000 0.00000 0.89713 0.10287 ( 3)
 644 I   0.00000 0.00000 0.94675 0.05325 ( 3)
 645 F   0.00000 0.00000 0.99271 0.00729 ( 3)
 646 L   0.00000 0.00000 0.95172 0.04828 ( 3)
 647 S   0.00000 0.00000 0.98840 0.01160 ( 3)
 648 C   0.00000 0.00000 0.98642 0.01358 ( 3)
 649 L   0.00000 0.00000 0.67429 0.32571 ( 3)
 650 T   0.00000 0.00000 0.87729 0.12271 ( 3)
 651 V   0.00000 0.00000 0.94595 0.05405 ( 3)
 652 R   0.00000 0.00000 0.98566 0.01434 ( 3)
 653 S   0.00000 0.00000 0.98340 0.01660 ( 3)
 654 F   0.00000 0.00000 0.99296 0.00704 ( 3)
 655 Q   0.00000 0.00000 0.88999 0.11001 ( 3)
 656 L   0.00000 0.00000 0.91465 0.08535 ( 3)
 657 V   0.00000 0.00000 0.91770 0.08230 ( 3)
 658 I   0.00000 0.00000 0.99423 0.00577 ( 3)
 659 I   0.00000 0.00000 0.99351 0.00649 ( 3)
 660 F   0.00000 0.00000 0.99296 0.00704 ( 3)
 661 K   0.00000 0.00000 0.97990 0.02010 ( 3)
 662 F   0.00000 0.00000 0.95365 0.04635 ( 3)
 663 S   0.00000 0.00000 0.98773 0.01227 ( 3)
 664 T   0.00000 0.00000 0.54853 0.45147 ( 3)
 665 K   0.00000 0.00000 0.97841 0.02159 ( 3)
 666 V   0.00000 0.00000 0.08703 0.91297 ( 4)
 667 P   0.00000 0.00000 0.97615 0.02385 ( 3)
 668 T   0.00000 0.00000 0.12528 0.87472 ( 4)
 669 F   0.00000 0.00000 0.99296 0.00704 ( 3)
 670 Y   0.00000 0.00000 0.41436 0.58564 ( 4)
 671 H   0.00000 0.00000 0.16583 0.83417 ( 4)
 672 T   0.00000 0.00000 0.57186 0.42814 ( 3)
 673 W   0.00000 0.00000 0.95441 0.04559 ( 3)
 674 V   0.00000 0.00000 0.99136 0.00864 ( 3)
 675 Q   0.00000 0.00000 0.88531 0.11469 ( 3)
 676 N   0.00000 0.00000 0.99066 0.00934 ( 3)
 677 H   0.00000 0.00000 0.98519 0.01481 ( 3)
 678 G   0.00000 0.00000 0.93490 0.06510 ( 3)
 679 A   0.00000 0.00000 0.95629 0.04371 ( 3)
 680 A   0.00000 0.00000 0.06355 0.93645 ( 4)
 681 L   0.00000 0.00000 0.95197 0.04803 ( 3)
 682 F   0.00000 0.00000 0.95365 0.04635 ( 3)
 683 I   0.00000 0.00000 0.65239 0.34761 ( 3)
 684 M   0.00000 0.00000 0.38110 0.61890 ( 4)
 685 I   0.00000 0.00000 0.99386 0.00614 ( 3)
 686 S   0.00000 0.00000 0.90984 0.09016 ( 3)
 687 S   0.00000 0.00000 0.85731 0.14269 ( 3)
 688 M   0.00000 0.00000 0.00646 0.99354 ( 4)
 689 A   0.00000 0.00000 0.07196 0.92804 ( 4)
 690 Q   0.00000 0.00000 0.96368 0.03632 ( 3)
 691 L   0.00000 0.00000 0.94850 0.05150 ( 3)
 692 L   0.00000 0.00000 0.94422 0.05578 ( 3)
 693 I   0.00000 0.00000 0.99423 0.00577 ( 3)
 694 C   0.00000 0.00000 0.93420 0.06580 ( 3)
 695 L   0.00000 0.00000 0.85554 0.14446 ( 3)
 696 T   0.00000 0.00000 0.95040 0.04960 ( 3)
 697 W   0.00000 0.00000 0.95441 0.04559 ( 3)
 698 L   0.00000 0.00000 0.94514 0.05486 ( 3)
 699 A   0.00000 0.00000 0.33039 0.66961 ( 4)
 700 V   0.00000 0.00000 0.86108 0.13892 ( 3)
 701 W   0.00000 0.00000 0.95441 0.04559 ( 3)
 702 T   0.00000 0.00000 0.98876 0.01124 ( 3)
 703 P   0.00000 0.00000 0.87197 0.12803 ( 3)
 704 L   0.00000 0.00000 0.95197 0.04803 ( 3)
 705 P   0.00000 0.00000 0.98854 0.01146 ( 3)
 706 T   0.00000 0.00000 0.82429 0.17571 ( 3)
 707 R   0.00000 0.00000 0.95549 0.04451 ( 3)
 708 E   0.00000 0.00000 0.90847 0.09153 ( 3)
 709 Y   0.00000 0.00000 0.98334 0.01666 ( 3)
 710 Q   0.00000 0.00000 0.21590 0.78410 ( 4)
 711 R   0.00000 0.00000 0.98607 0.01393 ( 3)
 712 F   0.00000 0.00000 0.99214 0.00786 ( 3)
 713 P   0.00000 0.00000 0.98864 0.01136 ( 3)
 714 Q   0.00000 0.00000 0.70542 0.29458 ( 3)
 715 L   0.00000 0.00000 0.95197 0.04803 ( 3)
 716 V   0.00000 0.00000 0.98072 0.01928 ( 3)
 717 V   0.00000 0.00000 0.51974 0.48026 ( 3)
 718 L   0.00000 0.00000 0.93991 0.06009 ( 3)
 719 E   0.00000 0.00000 0.83851 0.16149 ( 3)
 720 C   0.00000 0.00000 0.98642 0.01358 ( 3)
 721 T   0.00000 0.00000 0.87446 0.12554 ( 3)
 722 E   0.00000 0.00000 0.98277 0.01723 ( 3)
 723 T   0.00000 0.00000 0.00073 0.99927 ( 4)
 724 N   0.00000 0.00000 0.87159 0.12841 ( 3)
 725 S   0.00000 0.00000 0.96500 0.03500 ( 3)
 726 L   0.00000 0.00000 0.95197 0.04803 ( 3)
 727 G   0.00000 0.00000 0.98900 0.01100 ( 3)
 728 F   0.00000 0.00000 0.99296 0.00704 ( 3)
 729 M   0.00000 0.00000 0.28969 0.71031 ( 4)
 730 L   0.00000 0.00000 0.95172 0.04828 ( 3)
 731 A   0.00000 0.00000 0.99242 0.00758 ( 3)
 732 F   0.00000 0.00000 0.98923 0.01077 ( 3)
 733 G   0.00000 0.00000 0.00091 0.99909 ( 4)
 734 Y   0.00000 0.00000 0.98524 0.01476 ( 3)
 735 N   0.00000 0.00000 0.94621 0.05379 ( 3)
 736 G   0.00000 0.00000 0.89095 0.10905 ( 3)
 737 L   0.00000 0.00000 0.98894 0.01106 ( 3)
 738 L   0.00000 0.00000 0.98972 0.01028 ( 3)
 739 S   0.00000 0.00000 0.98143 0.01857 ( 3)
 740 V   0.00000 0.00000 0.09612 0.90388 ( 4)
 741 S   0.00000 0.00000 0.98028 0.01972 ( 3)
 742 A   0.00000 0.00000 0.99151 0.00849 ( 3)
 743 F   0.00000 0.00000 0.95365 0.04635 ( 3)
 744 A   0.00000 0.00000 0.99068 0.00932 ( 3)
 745 C   0.00000 0.00000 0.98511 0.01489 ( 3)
 746 S   0.00000 0.00000 0.90933 0.09067 ( 3)
 747 Y   0.00000 0.00000 0.98524 0.01476 ( 3)
 748 L   0.00000 0.00000 0.67446 0.32554 ( 3)
 749 G   0.00000 0.00000 0.98865 0.01135 ( 3)
 750 K   0.00000 0.00000 0.97841 0.02159 ( 3)
 751 D   0.00000 0.00000 0.99187 0.00813 ( 3)
 752 L   0.00000 0.00000 0.95066 0.04934 ( 3)
 753 P   0.00000 0.00000 0.87197 0.12803 ( 3)
 754 E   0.00000 0.00000 0.98277 0.01723 ( 3)
 755 N   0.00000 0.00000 0.99066 0.00934 ( 3)
 756 Y   0.00000 0.00000 0.96413 0.03587 ( 3)
 757 N   0.00000 0.00000 0.90728 0.09272 ( 3)
 758 E   0.00000 0.00000 0.98277 0.01723 ( 3)
 759 A   0.00000 0.00000 0.99194 0.00806 ( 3)
 760 K   0.00000 0.00000 0.89877 0.10123 ( 3)
 761 C   0.00000 0.00000 0.93356 0.06644 ( 3)
 762 V   0.00000 0.00000 0.99250 0.00750 ( 3)
 763 T   0.00000 0.00000 0.98873 0.01127 ( 3)
 764 F   0.00000 0.00000 0.98977 0.01023 ( 3)
 765 G   0.00000 0.00000 0.48933 0.51067 ( 4)
 766 L   0.00000 0.00000 0.95178 0.04822 ( 3)
 767 L   0.00000 0.00000 0.99061 0.00939 ( 3)
 768 L   0.00000 0.00000 0.91334 0.08666 ( 3)
 769 N   0.00000 0.00000 0.89157 0.10843 ( 3)
 770 F   0.00000 0.00000 0.99214 0.00786 ( 3)
 771 V   0.00000 0.00000 0.39849 0.60151 ( 4)
 772 S   0.00000 0.00000 0.98855 0.01145 ( 3)
 773 W   0.00000 0.00000 0.95441 0.04559 ( 3)
 774 I   0.00000 0.00000 0.99423 0.00577 ( 3)
 775 A   0.00000 0.00000 0.55503 0.44497 ( 3)
 776 F   0.00000 0.00000 0.93226 0.06774 ( 3)
 777 F   0.00000 0.00000 0.99253 0.00747 ( 3)
 778 T   0.00000 0.00000 0.99088 0.00912 ( 3)
 779 V   0.00000 0.00000 0.04300 0.95700 ( 4)
 780 A   0.00000 0.00000 0.99158 0.00842 ( 3)
 781 S   0.00000 0.00000 0.90084 0.09916 ( 3)
 782 V   0.00000 0.00000 0.93153 0.06847 ( 3)
 783 Y   0.00000 0.00000 0.86517 0.13483 ( 3)
 784 Q   0.00000 0.00000 0.34159 0.65841 ( 4)
 785 G   0.00000 0.00000 0.89935 0.10065 ( 3)
 786 K   0.00000 0.00000 0.97990 0.02010 ( 3)
 787 Y   0.00000 0.00000 0.98307 0.01693 ( 3)
 788 L   0.00000 0.00000 0.67425 0.32575 ( 3)
 789 P   0.00000 0.00000 0.90254 0.09746 ( 3)
 790 A   0.00000 0.00000 0.81630 0.18370 ( 3)
 791 V   0.00000 0.00000 0.90920 0.09080 ( 3)
 792 N   0.00000 0.00000 0.98186 0.01814 ( 3)
 793 V   0.00000 0.00000 0.42736 0.57264 ( 4)
 794 L   0.00000 0.00000 0.71804 0.28196 ( 3)
 795 A   0.00000 0.00000 0.98024 0.01976 ( 3)
 796 V   0.00000 0.00000 0.00287 0.99713 ( 4)
 797 L   0.00000 0.00000 0.71368 0.28632 ( 3)
 798 S   0.00000 0.00000 0.98986 0.01014 ( 3)
 799 S   0.00000 0.00000 0.98986 0.01014 ( 3)
 800 L   0.00000 0.00000 0.95189 0.04811 ( 3)
 801 S   0.00000 0.00000 0.91013 0.08987 ( 3)
 802 S   0.00000 0.00000 0.98743 0.01257 ( 3)
 803 G   0.00000 0.00000 0.98900 0.01100 ( 3)
 804 F   0.00000 0.00000 0.99296 0.00704 ( 3)
 805 S   0.00000 0.00000 0.82539 0.17461 ( 3)
 806 G   0.00000 0.00000 0.98136 0.01864 ( 3)
 807 Y   0.00000 0.00000 0.92570 0.07430 ( 3)
 808 F   0.00000 0.00000 0.98256 0.01744 ( 3)
 809 L   0.00000 0.00000 0.97970 0.02030 ( 3)
 810 P   0.00000 0.00000 0.98895 0.01105 ( 3)
 811 K   0.00000 0.00000 0.97786 0.02214 ( 3)
 812 C   0.00000 0.00000 0.98642 0.01358 ( 3)
 813 Y   0.00000 0.00000 0.95102 0.04898 ( 3)
 814 V   0.00000 0.00000 0.97859 0.02141 ( 3)
 815 I   0.00000 0.00000 0.99423 0.00577 ( 3)
 816 V   0.00000 0.00000 0.89780 0.10220 ( 3)
 817 C   0.00000 0.00000 0.88342 0.11658 ( 3)
 818 R   0.00000 0.00000 0.98289 0.01711 ( 3)
 819 P   0.00000 0.00000 0.46263 0.53737 ( 4)
 820 D   0.00000 0.00000 0.97968 0.02032 ( 3)
 821 L   0.00000 0.00000 0.98464 0.01536 ( 3)
 822 N   0.00000 0.00000 0.98964 0.01036 ( 3)
 823 S   0.00000 0.00000 0.90984 0.09016 ( 3)
 824 T   0.00000 0.00000 0.88966 0.11034 ( 3)
 825 E   0.00000 0.00000 0.98277 0.01723 ( 3)
 826 H   0.00000 0.00000 0.98949 0.01051 ( 3)
 827 F   0.00000 0.00000 0.99184 0.00816 ( 3)
 828 Q   0.00000 0.00000 0.96368 0.03632 ( 3)
 829 A   0.00000 0.00000 0.99232 0.00768 ( 3)
 830 S   0.00000 0.00000 0.98855 0.01145 ( 3)
 831 I   0.00000 0.00000 0.98473 0.01527 ( 3)
 832 Q   0.00000 0.00000 0.96368 0.03632 ( 3)
 833 D   0.00000 0.00000 0.92489 0.07511 ( 3)
 834 Y   0.00000 0.00000 0.98524 0.01476 ( 3)
 835 T   0.00000 0.00000 0.97851 0.02149 ( 3)
 836 R   0.00000 0.00000 0.97770 0.02230 ( 3)
 837 R   0.00000 0.00000 0.88137 0.11863 ( 3)
 838 W   0.00000 0.00000 0.01869 0.98131 ( 4)
 839 G   0.00000 0.00000 0.05676 0.94324 ( 4)
 840 S   0.00000 0.00000 0.86325 0.13675 ( 3)
 841 T   0.00000 0.00000 0.98663 0.01337 ( 3)


lnL = -10656.826027

Bayes Empirical Bayes (BEB) probabilities for 4 classes (class)
(amino acids refer to 1st sequence: 1.Tarsier)

   1 M   0.45559 0.00353 0.53666 0.00421 ( 3)
   2 F   0.35672 0.10240 0.41896 0.12192 ( 3)
   3 H   0.31027 0.14885 0.36383 0.17704 ( 3)
   4 H   0.00145 0.45767 0.00168 0.53920 ( 4)
   5 V   0.00006 0.45906 0.00007 0.54081 ( 4)
   6 A   0.34176 0.11736 0.40120 0.13968 ( 3)
   7 H   0.01499 0.44413 0.01735 0.52353 ( 4)
   8 L   0.44041 0.01871 0.51857 0.02231 ( 3)
   9 V   0.29247 0.16665 0.34275 0.19813 ( 3)
  10 G   0.42837 0.03075 0.50422 0.03665 ( 3)
  11 L   0.43784 0.02128 0.51551 0.02537 ( 3)
  12 Q   0.43918 0.01994 0.51710 0.02378 ( 3)
  13 L   0.43550 0.02362 0.51272 0.02816 ( 3)
  14 S   0.07597 0.38316 0.08821 0.45267 ( 4)
