Supplemental results for CODEML (seqf: Human_TAS1R1_breaks2_2nd_attempt.txt  treef: TAS1R1_revised_tree_following_error_message.txt)


MLEs of dN/dS (w) for site classes (K=4)

site class             0        1       2a       2b
proportion       0.75572  0.23359  0.00817  0.00252
background w     0.10141  1.00000  0.10141  1.00000
foreground w     0.10141  1.00000 15.56524 15.56524

Naive Empirical Bayes (NEB) probabilities for 4 classes
(amino acids refer to 1st sequence: 1.Tarsier)

   1 M   0.99050 0.00792 0.00157 0.00001 ( 1)
   2 F   0.67168 0.32486 0.00227 0.00119 ( 1)
   3 H   0.47394 0.52390 0.00094 0.00122 ( 2)
   4 H   0.00040 0.99648 0.00000 0.00312 ( 2)
   5 V   0.00001 0.99611 0.00000 0.00388 ( 2)
   6 A   0.62869 0.36749 0.00234 0.00147 ( 1)
   7 H   0.00644 0.99148 0.00001 0.00206 ( 2)
   8 L   0.95038 0.04615 0.00328 0.00018 ( 1)
   9 V   0.43136 0.56463 0.00166 0.00235 ( 2)
  10 G   0.89803 0.10013 0.00163 0.00021 ( 1)
  11 L   0.94373 0.05261 0.00346 0.00021 ( 1)
  12 Q   0.94554 0.04876 0.00541 0.00029 ( 1)
  13 L   0.93743 0.05856 0.00376 0.00025 ( 1)
  14 S   0.05303 0.94499 0.00009 0.00189 ( 2)
  15 I   0.59496 0.40178 0.00188 0.00138 ( 1)
  16 S   0.89616 0.10216 0.00148 0.00020 ( 1)
  17 C   0.87365 0.12460 0.00150 0.00025 ( 1)
  18 C   0.98281 0.01403 0.00311 0.00005 ( 1)
  19 W   0.68054 0.31628 0.00211 0.00107 ( 1)
  20 A   0.97775 0.01853 0.00364 0.00007 ( 1)
  21 F   0.79409 0.20399 0.00148 0.00043 ( 1)
  22 S   0.47132 0.52700 0.00073 0.00095 ( 2)
  23 C   0.98444 0.01383 0.00170 0.00003 ( 1)
  24 H   0.98141 0.01682 0.00173 0.00003 ( 1)
  25 N   0.08065 0.90089 0.00757 0.01089 ( 2)
  26 T   0.01561 0.98039 0.00006 0.00394 ( 2)
  27 E   0.83093 0.16693 0.00174 0.00040 ( 1)
  28 F   0.03648 0.96145 0.00006 0.00200 ( 2)
  29 S   0.92962 0.06638 0.00372 0.00028 ( 1)
  30 P   0.95426 0.04395 0.00169 0.00009 ( 1)
  31 D   0.92243 0.07588 0.00153 0.00015 ( 1)
  32 F   0.99129 0.00715 0.00154 0.00001 ( 1)
  33 S   0.90090 0.09752 0.00140 0.00018 ( 1)
  34 L   0.98729 0.01072 0.00196 0.00002 ( 1)
  35 P   0.78791 0.20810 0.00311 0.00088 ( 1)
  36 G   0.96927 0.02835 0.00231 0.00008 ( 1)
  37 N   0.69310 0.30350 0.00231 0.00110 ( 1)
  38 Y   0.98345 0.01469 0.00183 0.00003 ( 1)
  39 L   0.98706 0.01094 0.00197 0.00003 ( 1)
  40 L   0.94821 0.04778 0.00380 0.00021 ( 1)
  41 A   0.41284 0.58094 0.00253 0.00369 ( 2)
  42 G   0.98606 0.01212 0.00179 0.00003 ( 1)
  43 F   0.19156 0.80454 0.00070 0.00320 ( 2)
  44 F   0.99123 0.00722 0.00154 0.00001 ( 1)
  45 P   0.43478 0.28602 0.26072 0.01849 ( 1)
  46 L   0.98828 0.00974 0.00196 0.00002 ( 1)
  47 H   0.94715 0.04926 0.00340 0.00019 ( 1)
  48 G   0.12955 0.86649 0.00048 0.00348 ( 2)
  49 D   0.28545 0.70957 0.00138 0.00360 ( 2)
  50 C   0.12852 0.86805 0.00040 0.00303 ( 2)
  51 L   0.66502 0.33114 0.00249 0.00135 ( 1)
  52 Q   0.96091 0.03624 0.00274 0.00011 ( 1)
  53 V   0.98199 0.01563 0.00234 0.00004 ( 1)
  54 R   0.94828 0.04391 0.00745 0.00035 ( 1)
  55 H   0.43103 0.50818 0.05363 0.00717 ( 2)
  56 R   0.88466 0.10979 0.00492 0.00064 ( 1)
  57 P   0.97791 0.01709 0.00491 0.00009 ( 1)
  58 E   0.97983 0.01807 0.00206 0.00004 ( 1)
  59 V   0.98112 0.01650 0.00233 0.00004 ( 1)
  60 T   0.82539 0.17300 0.00129 0.00032 ( 1)
  61 L   0.95824 0.03810 0.00351 0.00015 ( 1)
  62 C   0.92203 0.07404 0.00362 0.00031 ( 1)
  63 D   0.98744 0.01090 0.00164 0.00002 ( 1)
  64 R   0.96578 0.03205 0.00209 0.00008 ( 1)
  65 T   0.00041 0.99732 0.00000 0.00227 ( 2)
  66 C   0.03976 0.95789 0.00008 0.00227 ( 2)
  67 G   0.06560 0.93245 0.00011 0.00184 ( 2)
  68 F   0.98890 0.00954 0.00154 0.00002 ( 1)
  69 N   0.95459 0.04384 0.00149 0.00008 ( 1)
  70 G   0.28267 0.71531 0.00051 0.00151 ( 2)
  71 H   0.97785 0.02037 0.00174 0.00004 ( 1)
  72 G   0.84472 0.15335 0.00159 0.00034 ( 1)
  73 Y   0.39804 0.59994 0.00074 0.00128 ( 2)
  74 H   0.36628 0.63178 0.00065 0.00130 ( 2)
  75 L   0.88903 0.10917 0.00157 0.00022 ( 1)
  76 F   0.92684 0.07159 0.00144 0.00013 ( 1)
  77 Q   0.21190 0.78504 0.00060 0.00246 ( 2)
  78 A   0.32996 0.66806 0.00057 0.00141 ( 2)
  79 M   0.40665 0.59160 0.00064 0.00110 ( 2)
  80 R   0.73867 0.25445 0.00495 0.00192 ( 1)
  81 L   0.68326 0.31429 0.00157 0.00088 ( 1)
  82 S   0.00051 0.99747 0.00000 0.00202 ( 2)
  83 I   0.15970 0.72231 0.07921 0.03879 ( 2)
  84 E   0.18633 0.81134 0.00039 0.00194 ( 2)
  85 A   0.76838 0.22942 0.00164 0.00056 ( 1)
  86 I   0.94814 0.04895 0.00275 0.00015 ( 1)
  87 N   0.98608 0.01237 0.00153 0.00002 ( 1)
  88 N   0.98608 0.01237 0.00153 0.00002 ( 1)
  89 S   0.98346 0.01488 0.00163 0.00003 ( 1)
  90 T   0.97030 0.02762 0.00201 0.00006 ( 1)
  91 V   0.47608 0.52205 0.00081 0.00106 ( 2)
  92 L   0.94120 0.05514 0.00345 0.00022 ( 1)
  93 L   0.94095 0.05539 0.00345 0.00022 ( 1)
  94 P   0.98728 0.01095 0.00175 0.00002 ( 1)
  95 N   0.78681 0.21005 0.00242 0.00072 ( 1)
  96 V   0.10272 0.89497 0.00020 0.00211 ( 2)
  97 T   0.91104 0.08737 0.00143 0.00016 ( 1)
  98 L   0.53445 0.45798 0.00403 0.00353 ( 1)
  99 G   0.97665 0.02097 0.00232 0.00006 ( 1)
 100 Y   0.18844 0.80917 0.00040 0.00198 ( 2)
 101 E   0.00353 0.99409 0.00001 0.00238 ( 2)
 102 L   0.94849 0.04785 0.00347 0.00019 ( 1)
 103 Y   0.08309 0.91480 0.00015 0.00195 ( 2)
 104 D   0.95745 0.04001 0.00242 0.00012 ( 1)
 105 V   0.97674 0.02088 0.00232 0.00006 ( 1)
 106 C   0.97830 0.01998 0.00168 0.00004 ( 1)
 107 S   0.94695 0.05049 0.00242 0.00014 ( 1)
 108 E   0.85439 0.14347 0.00179 0.00034 ( 1)
 109 S   0.92648 0.06952 0.00370 0.00030 ( 1)
 110 A   0.98806 0.01023 0.00169 0.00002 ( 1)
 111 N   0.94815 0.04840 0.00326 0.00018 ( 1)
 112 V   0.97674 0.02088 0.00232 0.00006 ( 1)
 113 Y   0.92371 0.07199 0.00397 0.00033 ( 1)
 114 A   0.98686 0.01143 0.00169 0.00002 ( 1)
 115 T   0.97049 0.02743 0.00201 0.00006 ( 1)
 116 L   0.94120 0.05514 0.00345 0.00022 ( 1)
 117 S   0.08832 0.90594 0.00049 0.00524 ( 2)
 118 V   0.82411 0.17346 0.00196 0.00047 ( 1)
 119 L   0.98560 0.01241 0.00196 0.00003 ( 1)
 120 S   0.98258 0.01576 0.00163 0.00003 ( 1)
 121 L   0.13131 0.81670 0.03051 0.02148 ( 2)
 122 P   0.42387 0.56967 0.00270 0.00375 ( 2)
 123 G   0.97410 0.02352 0.00232 0.00006 ( 1)
 124 T   0.07606 0.91756 0.00047 0.00591 ( 2)
 125 R   0.00001 0.99786 0.00000 0.00214 ( 2)
 126 H   0.98445 0.01379 0.00173 0.00003 ( 1)
 127 I   0.94527 0.05182 0.00275 0.00016 ( 1)
 128 D   0.31018 0.68753 0.00065 0.00164 ( 2)
 129 I   0.89749 0.10093 0.00140 0.00019 ( 1)
 130 Q   0.91308 0.08405 0.00260 0.00026 ( 1)
 131 G   0.44876 0.54451 0.00299 0.00374 ( 2)
 132 D   0.85384 0.14457 0.00133 0.00026 ( 1)
 133 F   0.12367 0.87195 0.00050 0.00388 ( 2)
 134 L   0.98560 0.01241 0.00196 0.00003 ( 1)
 135 H   0.00512 0.99288 0.00001 0.00198 ( 2)
 136 Y   0.92272 0.07297 0.00397 0.00033 ( 1)
 137 S   0.03515 0.94411 0.00570 0.01503 ( 2)
 138 P   0.97117 0.02706 0.00172 0.00006 ( 1)
 139 K   0.79060 0.20726 0.00165 0.00049 ( 1)
 140 I   0.70809 0.28798 0.00273 0.00120 ( 1)
 141 V   0.73714 0.26039 0.00175 0.00071 ( 1)
 142 A   0.96574 0.03201 0.00217 0.00008 ( 1)
 143 V   0.97692 0.02070 0.00232 0.00006 ( 1)
 144 I   0.53511 0.46162 0.00169 0.00159 ( 1)
 145 G   0.81353 0.18404 0.00194 0.00049 ( 1)
 146 P   0.64076 0.35709 0.00131 0.00084 ( 1)
 147 D   0.41627 0.49625 0.07574 0.01174 ( 2)
 148 S   0.00030 0.99773 0.00000 0.00198 ( 2)
 149 T   0.89880 0.09952 0.00149 0.00019 ( 1)
 150 D   0.09247 0.90574 0.00014 0.00165 ( 2)
 151 H   0.00013 0.99529 0.00000 0.00458 ( 2)
 152 A   0.63168 0.36449 0.00235 0.00148 ( 1)
 153 A   0.74892 0.24930 0.00128 0.00050 ( 1)
 154 T   0.64075 0.35759 0.00100 0.00066 ( 1)
 155 T   0.08215 0.91385 0.00031 0.00369 ( 2)
 156 A   0.96768 0.02982 0.00242 0.00008 ( 1)
 157 A   0.74641 0.09594 0.15530 0.00234 ( 1)
 158 L   0.93716 0.05918 0.00343 0.00024 ( 1)
 159 L   0.94552 0.05081 0.00346 0.00020 ( 1)
 160 S   0.87847 0.11995 0.00136 0.00022 ( 1)
 161 P   0.92640 0.06965 0.00365 0.00029 ( 1)
 162 F   0.39470 0.60236 0.00112 0.00182 ( 2)
 163 L   0.93841 0.05758 0.00376 0.00025 ( 1)
 164 V   0.35680 0.64058 0.00086 0.00176 ( 2)
 165 P   0.98697 0.01126 0.00175 0.00002 ( 1)
 166 L   0.16649 0.82960 0.00061 0.00330 ( 2)
 167 I   0.99155 0.00689 0.00154 0.00001 ( 1)
 168 S   0.98835 0.01010 0.00153 0.00002 ( 1)
 169 Y   0.95522 0.04291 0.00178 0.00009 ( 1)
 170 E   0.00362 0.99353 0.00001 0.00284 ( 2)
 171 A   0.99076 0.00753 0.00169 0.00002 ( 1)
 172 S   0.98835 0.01010 0.00153 0.00002 ( 1)
 173 S   0.98765 0.01079 0.00154 0.00002 ( 1)
 174 T   0.00034 0.99743 0.00000 0.00222 ( 2)
 175 T   0.02445 0.96916 0.00015 0.00625 ( 2)
 176 L   0.98175 0.01425 0.00393 0.00006 ( 1)
 177 S   0.43073 0.50242 0.05875 0.00809 ( 2)
 178 V   0.00054 0.98287 0.00006 0.01654 ( 2)
 179 K   0.97790 0.02001 0.00204 0.00005 ( 1)
 180 R   0.22770 0.76917 0.00066 0.00247 ( 2)
 181 Q   0.67014 0.32410 0.00383 0.00193 ( 1)
 182 Y   0.93058 0.06511 0.00400 0.00030 ( 1)
 183 P   0.98842 0.00981 0.00175 0.00002 ( 1)
 184 S   0.93813 0.05788 0.00375 0.00025 ( 1)
 185 F   0.98254 0.01424 0.00317 0.00005 ( 1)
 186 L   0.94849 0.04785 0.00347 0.00019 ( 1)
 187 R   0.98405 0.01404 0.00189 0.00003 ( 1)
 188 T   0.98960 0.00883 0.00155 0.00002 ( 1)
 189 I   0.94363 0.05479 0.00148 0.00011 ( 1)
 190 P   0.98842 0.00981 0.00175 0.00002 ( 1)
 191 S   0.31759 0.67871 0.00112 0.00258 ( 2)
 192 D   0.98843 0.00847 0.00307 0.00003 ( 1)
 193 R   0.29414 0.60493 0.08176 0.01917 ( 2)
 194 H   0.06695 0.93072 0.00013 0.00221 ( 2)
 195 Q   0.96091 0.03624 0.00274 0.00011 ( 1)
 196 V   0.98112 0.01650 0.00233 0.00004 ( 1)
 197 E   0.98074 0.01716 0.00206 0.00004 ( 1)
 198 V   0.53241 0.46590 0.00083 0.00086 ( 1)
 199 M   0.91894 0.07945 0.00145 0.00015 ( 1)
 200 V   0.98112 0.01650 0.00233 0.00004 ( 1)
 201 L   0.43861 0.22587 0.31810 0.01742 ( 1)
 202 L   0.94849 0.04785 0.00347 0.00019 ( 1)
 203 L   0.94827 0.04805 0.00349 0.00019 ( 1)
 204 Q   0.01740 0.97667 0.00010 0.00583 ( 2)
 205 R   0.23974 0.60409 0.12234 0.03382 ( 2)
 206 F   0.99144 0.00701 0.00154 0.00001 ( 1)
 207 R   0.00041 0.99691 0.00000 0.00267 ( 2)
 208 W   0.95144 0.04546 0.00295 0.00015 ( 1)
 209 V   0.44791 0.54990 0.00089 0.00130 ( 2)
 210 W   0.95144 0.04546 0.00295 0.00015 ( 1)
 211 I   0.99271 0.00574 0.00155 0.00001 ( 1)
 212 S   0.93990 0.05746 0.00247 0.00017 ( 1)
 213 L   0.94849 0.04785 0.00347 0.00019 ( 1)
 214 V   0.26591 0.73176 0.00053 0.00180 ( 2)
 215 G   0.98724 0.01095 0.00179 0.00002 ( 1)
 216 S   0.98775 0.01069 0.00154 0.00002 ( 1)
 217 Y   0.00127 0.99368 0.00001 0.00504 ( 2)
 218 G   0.79397 0.20195 0.00321 0.00087 ( 1)
 219 D   0.99024 0.00810 0.00165 0.00002 ( 1)
 220 Y   0.95522 0.04291 0.00178 0.00009 ( 1)
 221 G   0.97691 0.02071 0.00233 0.00006 ( 1)
 222 Q   0.75673 0.24110 0.00159 0.00058 ( 1)
 223 Q   0.11432 0.88161 0.00042 0.00365 ( 2)
 224 G   0.78821 0.20935 0.00188 0.00056 ( 1)
 225 V   0.97647 0.01880 0.00463 0.00010 ( 1)
 226 Q   0.72586 0.27102 0.00220 0.00092 ( 1)
 227 A   0.64448 0.35312 0.00147 0.00093 ( 1)
 228 L   0.95041 0.04593 0.00348 0.00018 ( 1)
 229 E   0.36657 0.63112 0.00077 0.00155 ( 2)
 230 N   0.00873 0.98907 0.00002 0.00219 ( 2)
 231 Q   0.72435 0.27273 0.00206 0.00086 ( 1)
 232 A   0.99076 0.00753 0.00169 0.00002 ( 1)
 233 T   0.97635 0.02208 0.00153 0.00004 ( 1)
 234 D   0.00141 0.99623 0.00000 0.00236 ( 2)
 235 Q   0.70257 0.29008 0.00519 0.00217 ( 1)
 236 G   0.25582 0.46871 0.23342 0.04205 ( 2)
 237 I   0.94264 0.05578 0.00147 0.00010 ( 1)
 238 C   0.98476 0.01352 0.00170 0.00003 ( 1)
 239 I   0.95408 0.04277 0.00301 0.00015 ( 1)
 240 A   0.94460 0.05168 0.00352 0.00021 ( 1)
 241 F   0.99144 0.00701 0.00154 0.00001 ( 1)
 242 K   0.97790 0.02001 0.00204 0.00005 ( 1)
 243 D   0.65488 0.05660 0.28576 0.00277 ( 1)
 244 I   0.42412 0.57315 0.00105 0.00168 ( 2)
 245 V   0.84588 0.15170 0.00201 0.00041 ( 1)
 246 P   0.98600 0.01224 0.00174 0.00003 ( 1)
 247 L   0.92136 0.07706 0.00143 0.00014 ( 1)
 248 S   0.59782 0.39810 0.00239 0.00170 ( 1)
 249 A   0.99076 0.00753 0.00169 0.00002 ( 1)
 250 R   0.00021 0.99288 0.00000 0.00691 ( 2)
 251 V   0.97583 0.02178 0.00232 0.00006 ( 1)
 252 G   0.96361 0.03236 0.00389 0.00014 ( 1)
 253 D   0.95242 0.04425 0.00318 0.00016 ( 1)
 254 E   0.36004 0.63747 0.00081 0.00167 ( 2)
 255 R   0.77934 0.21852 0.00163 0.00052 ( 1)
 256 M   0.99050 0.00792 0.00157 0.00001 ( 1)
 257 Q   0.72656 0.27052 0.00207 0.00085 ( 1)
 258 G   0.00423 0.97203 0.00091 0.02284 ( 2)
 259 M   0.07611 0.92205 0.00012 0.00172 ( 2)
 260 M   0.99050 0.00792 0.00157 0.00001 ( 1)
 261 N   0.00062 0.99672 0.00000 0.00266 ( 2)
 262 R   0.07900 0.87960 0.01819 0.02321 ( 2)
 263 L   0.94849 0.04785 0.00347 0.00019 ( 1)
 264 A   0.92814 0.07013 0.00159 0.00014 ( 1)
 265 R   0.02305 0.97384 0.00007 0.00305 ( 2)
 266 A   0.98926 0.00903 0.00169 0.00002 ( 1)
 267 G   0.00425 0.96153 0.00129 0.03293 ( 2)
 268 T   0.91374 0.08467 0.00143 0.00016 ( 1)
 269 T   0.83391 0.16230 0.00314 0.00065 ( 1)
 270 V   0.98811 0.00991 0.00196 0.00002 ( 1)
 271 V   0.98112 0.01650 0.00233 0.00004 ( 1)
 272 V   0.26952 0.56849 0.13301 0.02898 ( 2)
 273 V   0.94562 0.05053 0.00365 0.00021 ( 1)
 274 F   0.98095 0.01749 0.00153 0.00003 ( 1)
 275 S   0.98696 0.01139 0.00163 0.00002 ( 1)
 276 S   0.00571 0.98988 0.00003 0.00439 ( 2)
 277 R   0.11554 0.86701 0.00334 0.01411 ( 2)
 278 R   0.00027 0.99660 0.00000 0.00312 ( 2)
 279 L   0.08709 0.90576 0.00061 0.00654 ( 2)
 280 A   0.99076 0.00753 0.00169 0.00002 ( 1)
 281 R   0.81428 0.18338 0.00186 0.00048 ( 1)
 282 V   0.98112 0.01650 0.00233 0.00004 ( 1)
 283 F   0.98644 0.01200 0.00153 0.00002 ( 1)
 284 F   0.98823 0.01021 0.00154 0.00002 ( 1)
 285 E   0.98074 0.01716 0.00206 0.00004 ( 1)
 286 S   0.98186 0.01648 0.00162 0.00003 ( 1)
 287 V   0.98112 0.01650 0.00233 0.00004 ( 1)
 288 V   0.98112 0.01650 0.00233 0.00004 ( 1)
 289 L   0.94776 0.04857 0.00347 0.00019 ( 1)
 290 A   0.92738 0.07090 0.00158 0.00014 ( 1)
 291 N   0.91323 0.08508 0.00152 0.00017 ( 1)
 292 L   0.66539 0.33086 0.00244 0.00131 ( 1)
 293 T   0.93823 0.05801 0.00353 0.00023 ( 1)
 294 G   0.98724 0.01095 0.00179 0.00002 ( 1)
 295 K   0.97790 0.02001 0.00204 0.00005 ( 1)
 296 V   0.98112 0.01650 0.00233 0.00004 ( 1)
 297 W   0.95144 0.04546 0.00295 0.00015 ( 1)
 298 I   0.46595 0.53231 0.00073 0.00101 ( 2)
 299 A   0.99076 0.00753 0.00169 0.00002 ( 1)
 300 S   0.86953 0.12357 0.00602 0.00088 ( 1)
 301 E   0.91530 0.07988 0.00442 0.00041 ( 1)
 302 D   0.49734 0.50080 0.00085 0.00101 ( 2)
 303 W   0.95144 0.04546 0.00295 0.00015 ( 1)
 304 A   0.91650 0.08177 0.00157 0.00017 ( 1)
 305 I   0.91921 0.07921 0.00143 0.00015 ( 1)
 306 S   0.98696 0.01139 0.00163 0.00002 ( 1)
 307 R   0.04514 0.94903 0.00025 0.00558 ( 2)
 308 H   0.89178 0.10643 0.00157 0.00022 ( 1)
 309 I   0.99271 0.00574 0.00155 0.00001 ( 1)
 310 T   0.64284 0.35332 0.00242 0.00143 ( 1)
 311 G   0.02204 0.05626 0.89575 0.02594 ( 3)
 312 V   0.97837 0.01924 0.00234 0.00005 ( 1)
 313 P   0.97640 0.01967 0.00385 0.00008 ( 1)
 314 G   0.97506 0.02256 0.00232 0.00006 ( 1)
 315 I   0.99271 0.00574 0.00155 0.00001 ( 1)
 316 Q   0.19333 0.80360 0.00055 0.00252 ( 2)
 317 G   0.42357 0.57427 0.00082 0.00134 ( 2)
 318 I   0.96679 0.03020 0.00291 0.00010 ( 1)
 319 G   0.97444 0.02317 0.00233 0.00006 ( 1)
 320 T   0.00026 0.99337 0.00000 0.00636 ( 2)
 321 V   0.98175 0.01587 0.00234 0.00004 ( 1)
 322 L   0.94849 0.04785 0.00347 0.00019 ( 1)
 323 G   0.95548 0.04049 0.00386 0.00017 ( 1)
 324 V   0.98076 0.01686 0.00233 0.00005 ( 1)
 325 A   0.99076 0.00753 0.00169 0.00002 ( 1)
 326 I   0.99271 0.00574 0.00155 0.00001 ( 1)
 327 Q   0.96091 0.03624 0.00274 0.00011 ( 1)
 328 L   0.02679 0.97007 0.00008 0.00307 ( 2)
 329 R   0.30720 0.69030 0.00070 0.00180 ( 2)
 330 L   0.00011 0.99635 0.00000 0.00354 ( 2)
 331 V   0.92383 0.07417 0.00183 0.00017 ( 1)
 332 P   0.94571 0.05035 0.00373 0.00021 ( 1)
 333 G   0.89932 0.09884 0.00163 0.00021 ( 1)
 334 L   0.94818 0.04815 0.00347 0.00019 ( 1)
 335 K   0.83034 0.16752 0.00174 0.00040 ( 1)
 336 E   0.80312 0.19226 0.00366 0.00096 ( 1)
 337 F   0.67443 0.32120 0.00290 0.00147 ( 1)
 338 E   0.90405 0.09112 0.00437 0.00046 ( 1)
 339 E   0.95936 0.03853 0.00201 0.00009 ( 1)
 340 A   0.99076 0.00753 0.00169 0.00002 ( 1)
 341 Y   0.92178 0.07391 0.00397 0.00034 ( 1)
 342 A   0.92860 0.06967 0.00159 0.00014 ( 1)
 343 Q   0.00082 0.99580 0.00000 0.00338 ( 2)
 344 A   0.52186 0.47578 0.00115 0.00121 ( 1)
 345 D   0.99024 0.00810 0.00165 0.00002 ( 1)
 346 K   0.97790 0.02001 0.00204 0.00005 ( 1)
 347 G   0.00375 0.97993 0.00045 0.01587 ( 2)
 348 A   0.91813 0.08007 0.00163 0.00017 ( 1)
 349 P   0.03717 0.95979 0.00010 0.00294 ( 2)
 350 L   0.13959 0.85802 0.00030 0.00209 ( 2)
 351 P   0.02133 0.02417 0.89126 0.06324 ( 3)
 352 C   0.98291 0.01537 0.00169 0.00003 ( 1)
 353 P   0.00803 0.98992 0.00001 0.00203 ( 2)
 354 T   0.03014 0.96616 0.00010 0.00359 ( 2)
 355 G   0.89854 0.09962 0.00163 0.00021 ( 1)
 356 A   0.88154 0.11678 0.00146 0.00022 ( 1)
 357 W   0.69922 0.29761 0.00217 0.00100 ( 1)
 358 C   0.98476 0.01352 0.00170 0.00003 ( 1)
 359 S   0.98835 0.01010 0.00153 0.00002 ( 1)
 360 S   0.98835 0.01010 0.00153 0.00002 ( 1)
 361 N   0.94300 0.05356 0.00325 0.00020 ( 1)
 362 Q   0.96091 0.03624 0.00274 0.00011 ( 1)
 363 L   0.46881 0.52891 0.00097 0.00130 ( 2)
 364 C   0.98291 0.01537 0.00169 0.00003 ( 1)
 365 R   0.89596 0.09848 0.00498 0.00057 ( 1)
 366 E   0.08436 0.91135 0.00043 0.00387 ( 2)
 367 C   0.98279 0.01549 0.00169 0.00003 ( 1)
 368 C   0.00020 0.99389 0.00000 0.00591 ( 2)
 369 A   0.66920 0.32681 0.00260 0.00138 ( 1)
 370 F   0.99144 0.00701 0.00154 0.00001 ( 1)
 371 T   0.00004 0.94776 0.00010 0.05210 ( 2)
 372 A   0.06562 0.92784 0.00042 0.00612 ( 2)
 373 H   0.98750 0.01074 0.00174 0.00002 ( 1)
 374 T   0.00002 0.95809 0.00001 0.04188 ( 2)
 375 T   0.91921 0.07919 0.00145 0.00015 ( 1)
 376 P   0.98709 0.01026 0.00262 0.00003 ( 1)
 377 T   0.02410 0.97346 0.00005 0.00239 ( 2)
 378 L   0.97879 0.01724 0.00389 0.00007 ( 1)
 379 G   0.00007 0.98609 0.00000 0.01384 ( 2)
 380 P   0.50903 0.48911 0.00087 0.00099 ( 1)
 381 F   0.92788 0.07048 0.00150 0.00014 ( 1)
 382 S   0.98696 0.01139 0.00163 0.00002 ( 1)
 383 M   0.99050 0.00792 0.00157 0.00001 ( 1)
 384 S   0.94144 0.05503 0.00333 0.00021 ( 1)
 385 S   0.59546 0.40045 0.00238 0.00171 ( 1)
 386 A   0.99076 0.00753 0.00169 0.00002 ( 1)
 387 Y   0.98345 0.01469 0.00183 0.00003 ( 1)
 388 N   0.98890 0.00955 0.00154 0.00002 ( 1)
 389 V   0.23089 0.76682 0.00048 0.00182 ( 2)
 390 Y   0.97501 0.02070 0.00419 0.00009 ( 1)
 391 Q   0.01846 0.97822 0.00005 0.00326 ( 2)
 392 A   0.93008 0.06382 0.00570 0.00041 ( 1)
 393 V   0.98112 0.01650 0.00233 0.00004 ( 1)
 394 Y   0.95626 0.04187 0.00178 0.00009 ( 1)
 395 T   0.01696 0.97886 0.00007 0.00412 ( 2)
 396 V   0.98112 0.01650 0.00233 0.00004 ( 1)
 397 A   0.99048 0.00781 0.00169 0.00002 ( 1)
 398 H   0.94356 0.05286 0.00338 0.00020 ( 1)
 399 G   0.98724 0.01095 0.00179 0.00002 ( 1)
 400 L   0.98867 0.00934 0.00196 0.00002 ( 1)
 401 H   0.98773 0.01051 0.00174 0.00002 ( 1)
 402 Q   0.96091 0.03624 0.00274 0.00011 ( 1)
 403 L   0.98867 0.00934 0.00196 0.00002 ( 1)
 404 L   0.94849 0.04785 0.00347 0.00019 ( 1)
 405 G   0.98724 0.01095 0.00179 0.00002 ( 1)
 406 C   0.96015 0.03812 0.00165 0.00008 ( 1)
 407 A   0.90872 0.08968 0.00143 0.00017 ( 1)
 408 S   0.94385 0.05215 0.00377 0.00022 ( 1)
 409 G   0.87479 0.11858 0.00582 0.00081 ( 1)
 410 A   0.83125 0.16700 0.00142 0.00034 ( 1)
 411 C   0.92995 0.06613 0.00365 0.00028 ( 1)
 412 S   0.98696 0.01139 0.00163 0.00002 ( 1)
 413 R   0.97563 0.02220 0.00211 0.00005 ( 1)
 414 S   0.46942 0.52862 0.00085 0.00112 ( 2)
 415 Q   0.00589 0.88358 0.00666 0.10388 ( 2)
 416 V   0.99056 0.00746 0.00196 0.00002 ( 1)
 417 Y   0.35504 0.64295 0.00063 0.00138 ( 2)
 418 P   0.98781 0.01042 0.00175 0.00002 ( 1)
 419 W   0.95144 0.04546 0.00295 0.00015 ( 1)
 420 Q   0.96091 0.03624 0.00274 0.00011 ( 1)
 421 L   0.93621 0.05978 0.00375 0.00026 ( 1)
 422 L   0.94448 0.05186 0.00346 0.00021 ( 1)
 423 E   0.84753 0.15033 0.00178 0.00036 ( 1)
 424 Q   0.96091 0.03624 0.00274 0.00011 ( 1)
 425 I   0.99271 0.00574 0.00155 0.00001 ( 1)
 426 H   0.00691 0.99009 0.00002 0.00298 ( 2)
 427 K   0.97728 0.02063 0.00204 0.00005 ( 1)
 428 A   0.86133 0.13625 0.00205 0.00037 ( 1)
 429 N   0.63713 0.35935 0.00219 0.00133 ( 1)
 430 F   0.99123 0.00722 0.00154 0.00001 ( 1)
 431 L   0.93621 0.05978 0.00375 0.00026 ( 1)
 432 L   0.84917 0.14331 0.00641 0.00111 ( 1)
 433 H   0.98373 0.01294 0.00328 0.00005 ( 1)
 434 E   0.00436 0.99316 0.00001 0.00246 ( 2)
 435 D   0.99024 0.00810 0.00165 0.00002 ( 1)
 436 T   0.94606 0.05018 0.00356 0.00020 ( 1)
 437 V   0.98112 0.01650 0.00233 0.00004 ( 1)
 438 T   0.00147 0.99212 0.00001 0.00639 ( 2)
 439 F   0.49156 0.23827 0.25664 0.01354 ( 1)
 440 N   0.15123 0.84511 0.00052 0.00314 ( 2)
 441 D   0.99024 0.00810 0.00165 0.00002 ( 1)
 442 N   0.96045 0.03612 0.00331 0.00013 ( 1)
 443 G   0.14182 0.85555 0.00034 0.00229 ( 2)
 444 D   0.31051 0.68737 0.00057 0.00155 ( 2)
 445 P   0.90134 0.09517 0.00312 0.00037 ( 1)
 446 L   0.40119 0.59539 0.00129 0.00213 ( 2)
 447 S   0.94015 0.05632 0.00332 0.00021 ( 1)
 448 G   0.89031 0.10784 0.00161 0.00023 ( 1)
 449 Y   0.92178 0.07391 0.00397 0.00034 ( 1)
 450 N   0.08364 0.91450 0.00013 0.00172 ( 2)
 451 I   0.95439 0.04271 0.00277 0.00013 ( 1)
 452 I   0.95408 0.04277 0.00301 0.00015 ( 1)
 453 A   0.92727 0.07100 0.00158 0.00014 ( 1)
 454 W   0.95144 0.04546 0.00295 0.00015 ( 1)
 455 D   0.99024 0.00810 0.00165 0.00002 ( 1)
 456 W   0.95144 0.04546 0.00295 0.00015 ( 1)
 457 I   0.01615 0.98007 0.00006 0.00373 ( 2)
 458 G   0.97246 0.02515 0.00231 0.00007 ( 1)
 459 F   0.48540 0.51268 0.00086 0.00106 ( 2)
 460 K   0.84712 0.15128 0.00132 0.00028 ( 1)
 461 W   0.95144 0.04546 0.00295 0.00015 ( 1)
 462 T   0.98960 0.00883 0.00155 0.00002 ( 1)
 463 F   0.99031 0.00813 0.00154 0.00002 ( 1)
 464 T   0.96462 0.03040 0.00481 0.00017 ( 1)
 465 V   0.38950 0.60811 0.00081 0.00159 ( 2)
 466 I   0.02262 0.97231 0.00024 0.00483 ( 2)
 467 G   0.97890 0.01927 0.00179 0.00004 ( 1)
 468 S   0.98632 0.01202 0.00164 0.00002 ( 1)
 469 S   0.98696 0.01139 0.00163 0.00002 ( 1)
 470 T   0.89413 0.09966 0.00557 0.00064 ( 1)
 471 A   0.14859 0.84809 0.00046 0.00286 ( 2)
 472 S   0.58247 0.41344 0.00233 0.00176 ( 1)
 473 P   0.86647 0.12716 0.00553 0.00084 ( 1)
 474 V   0.62824 0.36772 0.00247 0.00157 ( 1)
 475 R   0.00086 0.96692 0.00031 0.03191 ( 2)
 476 L   0.88783 0.10847 0.00326 0.00043 ( 1)
 477 D   0.89956 0.09875 0.00150 0.00019 ( 1)
 478 I   0.95242 0.04467 0.00277 0.00014 ( 1)
 479 N   0.94300 0.05356 0.00325 0.00020 ( 1)
 480 E   0.84768 0.15019 0.00178 0.00036 ( 1)
 481 T   0.98958 0.00885 0.00155 0.00002 ( 1)
 482 K   0.89410 0.10072 0.00464 0.00055 ( 1)
 483 I   0.99230 0.00614 0.00155 0.00001 ( 1)
 484 Q   0.96091 0.03624 0.00274 0.00011 ( 1)
 485 W   0.95144 0.04546 0.00295 0.00015 ( 1)
 486 H   0.87402 0.12416 0.00156 0.00026 ( 1)
 487 R   0.06510 0.92810 0.00043 0.00637 ( 2)
 488 K   0.97790 0.02001 0.00204 0.00005 ( 1)
 489 D   0.92330 0.07502 0.00154 0.00015 ( 1)
 490 N   0.98914 0.00930 0.00154 0.00002 ( 1)
 491 Q   0.96091 0.03624 0.00274 0.00011 ( 1)
 492 V   0.98076 0.01686 0.00233 0.00005 ( 1)
 493 P   0.94185 0.05421 0.00371 0.00023 ( 1)
 494 Q   0.30809 0.68964 0.00064 0.00163 ( 2)
 495 S   0.92962 0.06638 0.00372 0.00028 ( 1)
 496 V   0.98112 0.01650 0.00233 0.00004 ( 1)
 497 C   0.96944 0.02883 0.00167 0.00006 ( 1)
 498 S   0.98696 0.01139 0.00163 0.00002 ( 1)
 499 S   0.97570 0.02274 0.00152 0.00004 ( 1)
 500 D   0.98972 0.00861 0.00165 0.00002 ( 1)
 501 C   0.93511 0.06096 0.00367 0.00026 ( 1)
 502 L   0.93621 0.05978 0.00375 0.00026 ( 1)
 503 E   0.49634 0.49874 0.00240 0.00253 ( 2)
 504 G   0.97160 0.02602 0.00231 0.00007 ( 1)
 505 H   0.90064 0.09757 0.00159 0.00020 ( 1)
 506 Q   0.96091 0.03624 0.00274 0.00011 ( 1)
 507 R   0.05251 0.94155 0.00030 0.00564 ( 2)
 508 V   0.98112 0.01650 0.00233 0.00004 ( 1)
 509 V   0.94717 0.04897 0.00365 0.00020 ( 1)
 510 V   0.00028 0.99686 0.00000 0.00286 ( 2)
 511 G   0.59170 0.40401 0.00248 0.00181 ( 1)
 512 S   0.92959 0.06884 0.00145 0.00013 ( 1)
 513 H   0.16857 0.78119 0.03104 0.01921 ( 2)
 514 H   0.90310 0.09512 0.00159 0.00020 ( 1)
 515 C   0.93263 0.06344 0.00366 0.00027 ( 1)
 516 C   0.98476 0.01352 0.00170 0.00003 ( 1)
 517 F   0.96090 0.03587 0.00310 0.00013 ( 1)
 518 E   0.85002 0.14784 0.00178 0.00035 ( 1)
 519 C   0.92995 0.06613 0.00365 0.00028 ( 1)
 520 V   0.97008 0.02607 0.00374 0.00011 ( 1)
 521 P   0.98525 0.01298 0.00174 0.00003 ( 1)
 522 C   0.93177 0.06546 0.00257 0.00020 ( 1)
 523 E   0.27355 0.72414 0.00057 0.00173 ( 2)
 524 S   0.60690 0.38928 0.00226 0.00156 ( 1)
 525 G   0.97408 0.02354 0.00232 0.00006 ( 1)
 526 T   0.32119 0.67707 0.00050 0.00124 ( 2)
 527 F   0.56159 0.43673 0.00087 0.00081 ( 1)
 528 L   0.43913 0.55870 0.00087 0.00130 ( 2)
 529 N   0.50775 0.49057 0.00079 0.00089 ( 1)
 530 K   0.32388 0.67385 0.00068 0.00159 ( 2)
 531 S   0.93249 0.06398 0.00330 0.00024 ( 1)
 532 D   0.98744 0.01090 0.00164 0.00002 ( 1)
 533 L   0.62534 0.08510 0.28533 0.00423 ( 1)
 534 Y   0.70045 0.13307 0.16289 0.00358 ( 1)
 535 R   0.09682 0.83218 0.04116 0.02984 ( 2)
 536 C   0.97877 0.01807 0.00309 0.00006 ( 1)
 537 Q   0.96091 0.03624 0.00274 0.00011 ( 1)
 538 P   0.59908 0.39689 0.00236 0.00168 ( 1)
 539 C   0.92995 0.06613 0.00365 0.00028 ( 1)
 540 G   0.97506 0.02256 0.00232 0.00006 ( 1)
 541 K   0.90462 0.09020 0.00469 0.00049 ( 1)
 542 E   0.90405 0.09112 0.00437 0.00046 ( 1)
 543 E   0.98071 0.01719 0.00206 0.00004 ( 1)
 544 W   0.95144 0.04546 0.00295 0.00015 ( 1)
 545 A   0.87342 0.12047 0.00535 0.00077 ( 1)
 546 P   0.94623 0.04983 0.00373 0.00021 ( 1)
 547 E   0.04746 0.90832 0.01397 0.03025 ( 2)
 548 G   0.38361 0.60965 0.00255 0.00418 ( 2)
 549 S   0.98835 0.01010 0.00153 0.00002 ( 1)
 550 Q   0.96091 0.03624 0.00274 0.00011 ( 1)
 551 T   0.90481 0.09348 0.00151 0.00019 ( 1)
 552 C   0.98476 0.01352 0.00170 0.00003 ( 1)
 553 F   0.99061 0.00783 0.00154 0.00001 ( 1)
 554 P   0.50632 0.48724 0.00323 0.00321 ( 1)
 555 R   0.97652 0.02156 0.00187 0.00005 ( 1)
 556 T   0.94736 0.04888 0.00356 0.00020 ( 1)
 557 V   0.97842 0.01920 0.00233 0.00005 ( 1)
 558 V   0.85544 0.14213 0.00204 0.00039 ( 1)
 559 F   0.15631 0.83851 0.00078 0.00440 ( 2)
 560 L   0.94800 0.04862 0.00320 0.00018 ( 1)
 561 A   0.13389 0.86208 0.00050 0.00353 ( 2)
 562 W   0.16687 0.82981 0.00052 0.00280 ( 2)
 563 H   0.15546 0.84073 0.00056 0.00325 ( 2)
 564 E   0.98074 0.01716 0.00206 0.00004 ( 1)
 565 C   0.00804 0.98965 0.00001 0.00229 ( 2)
 566 I   0.92181 0.07661 0.00144 0.00014 ( 1)
 567 S   0.92962 0.06638 0.00372 0.00028 ( 1)
 568 W   0.95144 0.04546 0.00295 0.00015 ( 1)
 569 V   0.98112 0.01650 0.00233 0.00004 ( 1)
 570 L   0.94529 0.05131 0.00321 0.00019 ( 1)
 571 L   0.94813 0.04820 0.00347 0.00019 ( 1)
 572 A   0.41081 0.58297 0.00252 0.00370 ( 2)
 573 A   0.65514 0.34105 0.00244 0.00137 ( 1)
 574 N   0.97251 0.02405 0.00335 0.00009 ( 1)
 575 T   0.77947 0.21617 0.00336 0.00100 ( 1)
 576 L   0.16346 0.83262 0.00060 0.00331 ( 2)
 577 L   0.94677 0.04956 0.00347 0.00020 ( 1)
 578 L   0.94837 0.04796 0.00347 0.00019 ( 1)
 579 V   0.66545 0.33080 0.00244 0.00131 ( 1)
 580 V   0.66450 0.33175 0.00243 0.00132 ( 1)
 581 V   0.67676 0.31949 0.00248 0.00127 ( 1)
 582 V   0.13719 0.85862 0.00053 0.00365 ( 2)
 583 G   0.97606 0.02156 0.00232 0.00006 ( 1)
 584 T   0.61212 0.38403 0.00230 0.00155 ( 1)
 585 V   0.63034 0.36585 0.00235 0.00147 ( 1)
 586 G   0.98477 0.01341 0.00179 0.00003 ( 1)
 587 L   0.94849 0.04785 0.00347 0.00019 ( 1)
 588 F   0.95062 0.04615 0.00307 0.00016 ( 1)
 589 A   0.99027 0.00801 0.00170 0.00002 ( 1)
 590 W   0.95144 0.04546 0.00295 0.00015 ( 1)
 591 H   0.98776 0.01047 0.00174 0.00002 ( 1)
 592 Q   0.34734 0.64506 0.00262 0.00498 ( 2)
 593 D   0.99024 0.00810 0.00165 0.00002 ( 1)
 594 T   0.98872 0.00971 0.00155 0.00002 ( 1)
 595 P   0.93422 0.06184 0.00368 0.00026 ( 1)
 596 V   0.98112 0.01650 0.00233 0.00004 ( 1)
 597 V   0.98051 0.01711 0.00233 0.00005 ( 1)
 598 R   0.97563 0.02220 0.00211 0.00005 ( 1)
 599 S   0.85146 0.14163 0.00590 0.00101 ( 1)
 600 A   0.91753 0.07874 0.00342 0.00032 ( 1)
 601 G   0.97506 0.02256 0.00232 0.00006 ( 1)
 602 G   0.98724 0.01095 0.00179 0.00002 ( 1)
 603 W   0.00332 0.99354 0.00001 0.00313 ( 2)
 604 L   0.94849 0.04785 0.00347 0.00019 ( 1)
 605 C   0.98460 0.01368 0.00170 0.00003 ( 1)
 606 F   0.98095 0.01749 0.00153 0.00003 ( 1)
 607 L   0.97639 0.02162 0.00194 0.00005 ( 1)
 608 M   0.99050 0.00792 0.00157 0.00001 ( 1)
 609 L   0.94552 0.05081 0.00346 0.00020 ( 1)
 610 G   0.98606 0.01212 0.00179 0.00003 ( 1)
 611 S   0.98618 0.01217 0.00163 0.00002 ( 1)
 612 L   0.94849 0.04785 0.00347 0.00019 ( 1)
 613 A   0.88892 0.10497 0.00545 0.00067 ( 1)
 614 G   0.00922 0.98443 0.00006 0.00630 ( 2)
 615 A   0.56957 0.42629 0.00230 0.00184 ( 1)
 616 S   0.98542 0.01303 0.00153 0.00002 ( 1)
 617 C   0.00727 0.99075 0.00001 0.00196 ( 2)
 618 S   0.98835 0.01010 0.00153 0.00002 ( 1)
 619 L   0.64976 0.06415 0.28294 0.00314 ( 1)
 620 Y   0.92178 0.07391 0.00397 0.00034 ( 1)
 621 G   0.98696 0.01123 0.00179 0.00002 ( 1)
 622 F   0.98962 0.00734 0.00302 0.00003 ( 1)
 623 F   0.95062 0.04615 0.00307 0.00016 ( 1)
 624 G   0.97160 0.02602 0.00231 0.00007 ( 1)
 625 E   0.97086 0.02704 0.00204 0.00006 ( 1)
 626 P   0.98692 0.01131 0.00175 0.00002 ( 1)
 627 T   0.51564 0.47823 0.00311 0.00302 ( 1)
 628 L   0.13553 0.86055 0.00050 0.00342 ( 2)
 629 P   0.72690 0.26928 0.00270 0.00112 ( 1)
 630 A   0.47384 0.52232 0.00174 0.00210 ( 2)
 631 C   0.98291 0.01537 0.00169 0.00003 ( 1)
 632 L   0.93639 0.06022 0.00316 0.00022 ( 1)
 633 L   0.94823 0.04811 0.00347 0.00019 ( 1)
 634 R   0.98418 0.01390 0.00189 0.00003 ( 1)
 635 Q   0.95736 0.03978 0.00273 0.00012 ( 1)
 636 A   0.90431 0.09395 0.00154 0.00019 ( 1)
 637 I   0.89846 0.09952 0.00178 0.00023 ( 1)
 638 F   0.95062 0.04615 0.00307 0.00016 ( 1)
 639 A   0.98952 0.00877 0.00169 0.00002 ( 1)
 640 L   0.94372 0.05227 0.00378 0.00022 ( 1)
 641 G   0.93312 0.06284 0.00377 0.00027 ( 1)
 642 F   0.98254 0.01424 0.00317 0.00005 ( 1)
 643 T   0.89300 0.10526 0.00153 0.00022 ( 1)
 644 I   0.94397 0.05446 0.00147 0.00010 ( 1)
 645 F   0.99119 0.00726 0.00154 0.00001 ( 1)
 646 L   0.94824 0.04810 0.00347 0.00019 ( 1)
 647 S   0.98681 0.01154 0.00163 0.00002 ( 1)
 648 C   0.98476 0.01352 0.00170 0.00003 ( 1)
 649 L   0.66539 0.33086 0.00244 0.00131 ( 1)
 650 T   0.87192 0.12186 0.00543 0.00079 ( 1)
 651 V   0.94238 0.05376 0.00364 0.00022 ( 1)
 652 R   0.98380 0.01428 0.00189 0.00003 ( 1)
 653 S   0.98177 0.01658 0.00162 0.00003 ( 1)
 654 F   0.99144 0.00701 0.00154 0.00001 ( 1)
 655 Q   0.88484 0.10944 0.00506 0.00065 ( 1)
 656 L   0.91093 0.08540 0.00334 0.00034 ( 1)
 657 V   0.91376 0.08423 0.00181 0.00020 ( 1)
 658 I   0.99271 0.00574 0.00155 0.00001 ( 1)
 659 I   0.99198 0.00646 0.00155 0.00001 ( 1)
 660 F   0.99144 0.00701 0.00154 0.00001 ( 1)
 661 K   0.97790 0.02001 0.00204 0.00005 ( 1)
 662 F   0.95062 0.04615 0.00307 0.00016 ( 1)
 663 S   0.98318 0.01205 0.00470 0.00006 ( 1)
 664 T   0.53427 0.46404 0.00084 0.00085 ( 1)
 665 K   0.97640 0.02151 0.00204 0.00005 ( 1)
 666 V   0.08216 0.91138 0.00051 0.00594 ( 2)
 667 P   0.97432 0.02390 0.00172 0.00005 ( 1)
 668 T   0.08084 0.62626 0.19819 0.09470 ( 2)
 669 F   0.99144 0.00701 0.00154 0.00001 ( 1)
 670 Y   0.40023 0.59769 0.00075 0.00133 ( 2)
 671 H   0.15777 0.83775 0.00067 0.00381 ( 2)
 672 T   0.55750 0.44066 0.00095 0.00089 ( 1)
 673 W   0.95144 0.04546 0.00295 0.00015 ( 1)
 674 V   0.98942 0.00860 0.00196 0.00002 ( 1)
 675 Q   0.88015 0.11414 0.00503 0.00068 ( 1)
 676 N   0.98914 0.00930 0.00154 0.00002 ( 1)
 677 H   0.98188 0.01478 0.00328 0.00006 ( 1)
 678 G   0.93120 0.06476 0.00376 0.00028 ( 1)
 679 A   0.95287 0.04341 0.00355 0.00017 ( 1)
 680 A   0.05841 0.93951 0.00011 0.00198 ( 2)
 681 L   0.94849 0.04785 0.00347 0.00019 ( 1)
 682 F   0.95062 0.04615 0.00307 0.00016 ( 1)
 683 I   0.64306 0.35445 0.00153 0.00096 ( 1)
 684 M   0.36835 0.62781 0.00135 0.00250 ( 2)
 685 I   0.99232 0.00611 0.00156 0.00001 ( 1)
 686 S   0.90624 0.09219 0.00141 0.00017 ( 1)
 687 S   0.85146 0.14163 0.00590 0.00101 ( 1)
 688 M   0.00572 0.99242 0.00001 0.00185 ( 2)
 689 A   0.06628 0.93189 0.00010 0.00173 ( 2)
 690 Q   0.96091 0.03624 0.00274 0.00011 ( 1)
 691 L   0.94501 0.05133 0.00346 0.00020 ( 1)
 692 L   0.94052 0.05546 0.00377 0.00024 ( 1)
 693 I   0.99271 0.00574 0.00155 0.00001 ( 1)
 694 C   0.93058 0.06549 0.00365 0.00027 ( 1)
 695 L   0.84917 0.14331 0.00641 0.00111 ( 1)
 696 T   0.94846 0.04969 0.00174 0.00011 ( 1)
 697 W   0.95144 0.04546 0.00295 0.00015 ( 1)
 698 L   0.94143 0.05456 0.00378 0.00023 ( 1)
 699 A   0.31707 0.68053 0.00069 0.00170 ( 2)
 700 V   0.85583 0.14175 0.00204 0.00039 ( 1)
 701 W   0.95144 0.04546 0.00295 0.00015 ( 1)
 702 T   0.98541 0.01106 0.00349 0.00004 ( 1)
 703 P   0.86647 0.12716 0.00553 0.00084 ( 1)
 704 L   0.94849 0.04785 0.00347 0.00019 ( 1)
 705 P   0.98682 0.01141 0.00175 0.00002 ( 1)
 706 T   0.81818 0.18021 0.00128 0.00033 ( 1)
 707 R   0.95055 0.04391 0.00528 0.00025 ( 1)
 708 E   0.90405 0.09112 0.00437 0.00046 ( 1)
 709 Y   0.98155 0.01659 0.00183 0.00004 ( 1)
 710 Q   0.19315 0.74787 0.04111 0.01787 ( 2)
 711 R   0.98422 0.01386 0.00189 0.00003 ( 1)
 712 F   0.99061 0.00783 0.00154 0.00001 ( 1)
 713 P   0.98692 0.01131 0.00175 0.00002 ( 1)
 714 Q   0.69699 0.30009 0.00199 0.00094 ( 1)
 715 L   0.94849 0.04785 0.00347 0.00019 ( 1)
 716 V   0.97842 0.01920 0.00233 0.00005 ( 1)
 717 V   0.50477 0.49351 0.00080 0.00092 ( 1)
 718 L   0.93621 0.05978 0.00375 0.00026 ( 1)
 719 E   0.83282 0.16504 0.00175 0.00039 ( 1)
 720 C   0.98476 0.01352 0.00170 0.00003 ( 1)
 721 T   0.86909 0.12469 0.00541 0.00080 ( 1)
 722 E   0.98074 0.01716 0.00206 0.00004 ( 1)
 723 T   0.00062 0.97688 0.00011 0.02239 ( 2)
 724 N   0.86383 0.12886 0.00635 0.00095 ( 1)
 725 S   0.96054 0.03470 0.00458 0.00018 ( 1)
 726 L   0.94849 0.04785 0.00347 0.00019 ( 1)
 727 G   0.98724 0.01095 0.00179 0.00002 ( 1)
 728 F   0.99144 0.00701 0.00154 0.00001 ( 1)
 729 M   0.27721 0.72002 0.00067 0.00210 ( 2)
 730 L   0.94823 0.04811 0.00347 0.00019 ( 1)
 731 A   0.99076 0.00753 0.00169 0.00002 ( 1)
 732 F   0.98616 0.01065 0.00315 0.00004 ( 1)
 733 G   0.00076 0.97746 0.00015 0.02163 ( 2)
 734 Y   0.98345 0.01469 0.00183 0.00003 ( 1)
 735 N   0.94300 0.05356 0.00325 0.00020 ( 1)
 736 G   0.88665 0.11151 0.00161 0.00024 ( 1)
 737 L   0.98700 0.01101 0.00196 0.00003 ( 1)
 738 L   0.98778 0.01024 0.00196 0.00002 ( 1)
 739 S   0.97904 0.01841 0.00250 0.00005 ( 1)
 740 V   0.08861 0.90907 0.00018 0.00214 ( 2)
 741 S   0.97869 0.01975 0.00152 0.00004 ( 1)
 742 A   0.98984 0.00845 0.00169 0.00002 ( 1)
 743 F   0.95062 0.04615 0.00307 0.00016 ( 1)
 744 A   0.98901 0.00928 0.00169 0.00002 ( 1)
 745 C   0.98344 0.01484 0.00169 0.00003 ( 1)
 746 S   0.90572 0.09271 0.00141 0.00017 ( 1)
 747 Y   0.98345 0.01469 0.00183 0.00003 ( 1)
 748 L   0.66556 0.33069 0.00244 0.00131 ( 1)
 749 G   0.98688 0.01130 0.00179 0.00002 ( 1)
 750 K   0.97640 0.02151 0.00204 0.00005 ( 1)
 751 D   0.99024 0.00810 0.00165 0.00002 ( 1)
 752 L   0.94716 0.04918 0.00347 0.00020 ( 1)
 753 P   0.86647 0.12716 0.00553 0.00084 ( 1)
 754 E   0.98074 0.01716 0.00206 0.00004 ( 1)
 755 N   0.98914 0.00930 0.00154 0.00002 ( 1)
 756 Y   0.96025 0.03546 0.00413 0.00016 ( 1)
 757 N   0.90354 0.09488 0.00140 0.00017 ( 1)
 758 E   0.98074 0.01716 0.00206 0.00004 ( 1)
 759 A   0.99027 0.00801 0.00170 0.00002 ( 1)
 760 K   0.89410 0.10072 0.00464 0.00055 ( 1)
 761 C   0.92995 0.06613 0.00365 0.00028 ( 1)
 762 V   0.99056 0.00746 0.00196 0.00002 ( 1)
 763 T   0.98721 0.01123 0.00155 0.00002 ( 1)
 764 F   0.98823 0.01021 0.00154 0.00002 ( 1)
 765 G   0.47452 0.52378 0.00074 0.00096 ( 2)
 766 L   0.94826 0.04803 0.00352 0.00019 ( 1)
 767 L   0.98867 0.00934 0.00196 0.00002 ( 1)
 768 L   0.90935 0.08864 0.00181 0.00021 ( 1)
 769 N   0.88737 0.11105 0.00138 0.00020 ( 1)
 770 F   0.99061 0.00783 0.00154 0.00001 ( 1)
 771 V   0.38433 0.61309 0.00091 0.00167 ( 2)
 772 S   0.98696 0.01139 0.00163 0.00002 ( 1)
 773 W   0.95144 0.04546 0.00295 0.00015 ( 1)
 774 I   0.99271 0.00574 0.00155 0.00001 ( 1)
 775 A   0.54046 0.45757 0.00096 0.00101 ( 1)
 776 F   0.67402 0.04987 0.27381 0.00230 ( 1)
 777 F   0.99099 0.00744 0.00156 0.00001 ( 1)
 778 T   0.98937 0.00906 0.00155 0.00002 ( 1)
 779 V   0.03689 0.89051 0.01985 0.05275 ( 2)
 780 A   0.98991 0.00838 0.00169 0.00002 ( 1)
 781 S   0.89693 0.10144 0.00144 0.00019 ( 1)
 782 V   0.92802 0.06998 0.00184 0.00016 ( 1)
 783 Y   0.86032 0.13774 0.00164 0.00030 ( 1)
 784 Q   0.32872 0.66826 0.00094 0.00209 ( 2)
 785 G   0.75434 0.08696 0.15660 0.00211 ( 1)
 786 K   0.97790 0.02001 0.00204 0.00005 ( 1)
 787 Y   0.98127 0.01687 0.00182 0.00004 ( 1)
 788 L   0.66534 0.33091 0.00244 0.00132 ( 1)
 789 P   0.89847 0.09959 0.00171 0.00023 ( 1)
 790 A   0.81023 0.18753 0.00178 0.00047 ( 1)
 791 V   0.90500 0.09299 0.00179 0.00022 ( 1)
 792 N   0.97867 0.01790 0.00337 0.00007 ( 1)
 793 V   0.41386 0.58316 0.00102 0.00196 ( 2)
 794 L   0.71007 0.28619 0.00260 0.00114 ( 1)
 795 A   0.97848 0.01981 0.00167 0.00004 ( 1)
 796 V   0.00246 0.96866 0.00065 0.02823 ( 2)
 797 L   0.70536 0.29090 0.00259 0.00116 ( 1)
 798 S   0.98835 0.01010 0.00153 0.00002 ( 1)
 799 S   0.98835 0.01010 0.00153 0.00002 ( 1)
 800 L   0.94841 0.04792 0.00347 0.00019 ( 1)
 801 S   0.90654 0.09189 0.00141 0.00017 ( 1)
 802 S   0.98592 0.01253 0.00153 0.00002 ( 1)
 803 G   0.98724 0.01095 0.00179 0.00002 ( 1)
 804 F   0.99144 0.00701 0.00154 0.00001 ( 1)
 805 S   0.81954 0.17689 0.00290 0.00067 ( 1)
 806 G   0.97955 0.01863 0.00178 0.00004 ( 1)
 807 Y   0.92178 0.07391 0.00397 0.00034 ( 1)
 808 F   0.98095 0.01749 0.00153 0.00003 ( 1)
 809 L   0.97767 0.02034 0.00194 0.00005 ( 1)
 810 P   0.98722 0.01102 0.00175 0.00002 ( 1)
 811 K   0.97585 0.02206 0.00204 0.00005 ( 1)
 812 C   0.98476 0.01352 0.00170 0.00003 ( 1)
 813 Y   0.94717 0.04853 0.00408 0.00022 ( 1)
 814 V   0.97628 0.02134 0.00232 0.00006 ( 1)
 815 I   0.99271 0.00574 0.00155 0.00001 ( 1)
 816 V   0.89329 0.10395 0.00244 0.00032 ( 1)
 817 C   0.87905 0.11920 0.00151 0.00024 ( 1)
 818 R   0.98102 0.01706 0.00188 0.00004 ( 1)
 819 P   0.45300 0.54054 0.00289 0.00357 ( 2)
 820 D   0.97658 0.02009 0.00326 0.00007 ( 1)
 821 L   0.98189 0.01532 0.00274 0.00005 ( 1)
 822 N   0.98813 0.01032 0.00153 0.00002 ( 1)
 823 S   0.76183 0.07762 0.15866 0.00189 ( 1)
 824 T   0.88432 0.10946 0.00551 0.00071 ( 1)
 825 E   0.98074 0.01716 0.00206 0.00004 ( 1)
 826 H   0.98776 0.01047 0.00174 0.00002 ( 1)
 827 F   0.99031 0.00813 0.00154 0.00002 ( 1)
 828 Q   0.96091 0.03624 0.00274 0.00011 ( 1)
 829 A   0.99066 0.00764 0.00169 0.00002 ( 1)
 830 S   0.98696 0.01139 0.00163 0.00002 ( 1)
 831 I   0.98313 0.01531 0.00153 0.00003 ( 1)
 832 Q   0.96091 0.03624 0.00274 0.00011 ( 1)
 833 D   0.92145 0.07687 0.00153 0.00015 ( 1)
 834 Y   0.98345 0.01469 0.00183 0.00003 ( 1)
 835 T   0.97654 0.02139 0.00202 0.00005 ( 1)
 836 R   0.97563 0.02220 0.00211 0.00005 ( 1)
 837 R   0.87685 0.12120 0.00168 0.00027 ( 1)
 838 W   0.01728 0.97773 0.00005 0.00494 ( 2)
 839 G   0.05227 0.94501 0.00011 0.00261 ( 2)
 840 S   0.85855 0.13975 0.00143 0.00028 ( 1)
 841 T   0.98510 0.01333 0.00154 0.00002 ( 1)


lnL = -10653.436816

Bayes Empirical Bayes (BEB) probabilities for 4 classes (class)
(amino acids refer to 1st sequence: 1.Tarsier)

   1 M   0.95140 0.00718 0.04107 0.00035 ( 1)
   2 F   0.74016 0.20864 0.03959 0.01161 ( 1)
   3 H   0.64835 0.30732 0.02897 0.01535 ( 1)
   4 H   0.00313 0.94391 0.00016 0.05279 ( 2)
   5 V   0.00012 0.94678 0.00001 0.05309 ( 2)
   6 A   0.70947 0.23846 0.03863 0.01343 ( 1)
   7 H   0.03216 0.91919 0.00147 0.04717 ( 2)
   8 L   0.91542 0.03802 0.04457 0.00199 ( 1)
   9 V   0.60918 0.33844 0.03322 0.01916 ( 1)
  10 G   0.89323 0.06352 0.04010 0.00315 ( 1)
  11 L   0.90648 0.04288 0.04827 0.00237 ( 1)
  12 Q   0.90413 0.03973 0.05378 0.00236 ( 1)
  13 L   0.90064 0.04743 0.04927 0.00266 ( 1)
  14 S   0.16201 0.78952 0.00758 0.04088 ( 2)
