Supplemental results for CODEML (seqf: Human_TAS1R1_breaks2_2nd_attempt.txt  treef: TAS1R1_revised_tree_following_error_message.txt)


MLEs of dN/dS (w) for site classes (K=4)

site class             0        1       2a       2b
proportion       0.73389  0.22397  0.03229  0.00985
background w     0.09836  1.00000  0.09836  1.00000
foreground w     0.09836  1.00000  3.02159  3.02159

Naive Empirical Bayes (NEB) probabilities for 4 classes
(amino acids refer to 1st sequence: 1.Tarsier)

   1 M   0.97192 0.00747 0.02041 0.00020 ( 1)
   2 F   0.65263 0.31676 0.01980 0.01081 ( 1)
   3 H   0.45732 0.51839 0.01001 0.01428 ( 2)
   4 H   0.00035 0.96875 0.00001 0.03089 ( 2)
   5 V   0.00001 0.96204 0.00000 0.03795 ( 2)
   6 A   0.60988 0.35857 0.01906 0.01249 ( 1)
   7 H   0.00575 0.96696 0.00013 0.02716 ( 2)
   8 L   0.92678 0.04354 0.02818 0.00149 ( 1)
   9 V   0.41420 0.55565 0.01188 0.01827 ( 2)
  10 G   0.88001 0.09750 0.01976 0.00273 ( 1)
  11 L   0.92029 0.05001 0.02799 0.00171 ( 1)
  12 Q   0.91995 0.04612 0.03220 0.00173 ( 1)
  13 L   0.91329 0.05565 0.02909 0.00196 ( 1)
  14 S   0.04880 0.92384 0.00113 0.02623 ( 2)
  15 I   0.57681 0.39293 0.01707 0.01318 ( 1)
  16 S   0.55269 0.06272 0.37935 0.00524 ( 1)
  17 C   0.85521 0.12140 0.01993 0.00346 ( 1)
  18 C   0.96379 0.01336 0.02247 0.00038 ( 1)
  19 W   0.66144 0.30834 0.01981 0.01042 ( 1)
  20 A   0.95441 0.01749 0.02752 0.00058 ( 1)
  21 F   0.77555 0.19921 0.01929 0.00595 ( 1)
  22 S   0.45457 0.52136 0.00987 0.01420 ( 2)
  23 C   0.96409 0.01307 0.02247 0.00037 ( 1)
  24 H   0.96081 0.01589 0.02284 0.00046 ( 1)
  25 N   0.07253 0.85823 0.02376 0.04548 ( 2)
  26 T   0.01409 0.95649 0.00036 0.02906 ( 2)
  27 E   0.81236 0.16289 0.01993 0.00482 ( 1)
  28 F   0.03344 0.93811 0.00081 0.02764 ( 2)
  29 S   0.90517 0.06313 0.02944 0.00226 ( 1)
  30 P   0.93458 0.04201 0.02218 0.00122 ( 1)
  31 D   0.56479 0.04593 0.38543 0.00385 ( 1)
  32 F   0.97310 0.00674 0.01997 0.00018 ( 1)
  33 S   0.88307 0.09503 0.01931 0.00260 ( 1)
  34 L   0.96839 0.01014 0.02119 0.00028 ( 1)
  35 P   0.76574 0.20351 0.02371 0.00705 ( 1)
  36 G   0.94592 0.02677 0.02644 0.00087 ( 1)
  37 N   0.67374 0.29569 0.02047 0.01010 ( 1)
  38 Y   0.96285 0.01389 0.02286 0.00040 ( 1)
  39 L   0.96816 0.01035 0.02121 0.00029 ( 1)
  40 L   0.92395 0.04531 0.02915 0.00159 ( 1)
  41 A   0.39718 0.56584 0.01479 0.02219 ( 2)
  42 G   0.96651 0.01146 0.02170 0.00032 ( 1)
  43 F   0.18123 0.78634 0.00551 0.02692 ( 2)
  44 F   0.97305 0.00680 0.01997 0.00018 ( 1)
  45 P   0.58223 0.38544 0.01866 0.01367 ( 1)
  46 L   0.96934 0.00920 0.02121 0.00025 ( 1)
  47 H   0.92282 0.04671 0.02884 0.00163 ( 1)
  48 G   0.12165 0.84494 0.00383 0.02958 ( 2)
  49 D   0.27169 0.69508 0.00869 0.02455 ( 2)
  50 C   0.10270 0.71491 0.10431 0.07807 ( 2)
  51 L   0.64617 0.32311 0.01965 0.01107 ( 1)
  52 Q   0.93775 0.03434 0.02679 0.00112 ( 1)
  53 V   0.96124 0.01478 0.02354 0.00044 ( 1)
  54 R   0.92277 0.04153 0.03408 0.00162 ( 1)
  55 H   0.37616 0.45478 0.14389 0.02518 ( 2)
  56 R   0.86003 0.10463 0.03130 0.00404 ( 1)
  57 P   0.95496 0.01617 0.02833 0.00054 ( 1)
  58 E   0.95887 0.01710 0.02353 0.00051 ( 1)
  59 V   0.96041 0.01561 0.02352 0.00046 ( 1)
  60 T   0.80899 0.16907 0.01736 0.00458 ( 1)
  61 L   0.93428 0.03607 0.02841 0.00123 ( 1)
  62 C   0.89783 0.07051 0.02915 0.00252 ( 1)
  63 D   0.96892 0.01031 0.02049 0.00028 ( 1)
  64 R   0.94422 0.03049 0.02436 0.00093 ( 1)
  65 T   0.00036 0.96806 0.00001 0.03157 ( 2)
  66 C   0.03649 0.93477 0.00089 0.02785 ( 2)
  67 G   0.06051 0.91296 0.00133 0.02520 ( 2)
  68 F   0.97081 0.00903 0.01993 0.00024 ( 1)
  69 N   0.93509 0.04193 0.02178 0.00120 ( 1)
  70 G   0.26947 0.70443 0.00616 0.01993 ( 2)
  71 H   0.95737 0.01928 0.02279 0.00056 ( 1)
  72 G   0.82712 0.15011 0.01857 0.00420 ( 1)
  73 Y   0.38221 0.59159 0.00908 0.01712 ( 2)
  74 H   0.35178 0.62313 0.00782 0.01727 ( 2)
  75 L   0.87121 0.10659 0.01925 0.00294 ( 1)
  76 F   0.90983 0.06966 0.01868 0.00183 ( 1)
  77 Q   0.20086 0.76824 0.00574 0.02516 ( 2)
  78 A   0.25209 0.52683 0.17661 0.04448 ( 2)
  79 M   0.39173 0.58446 0.00823 0.01558 ( 2)
  80 R   0.72298 0.24880 0.02018 0.00803 ( 1)
  81 L   0.66638 0.30808 0.01628 0.00925 ( 1)
  82 S   0.00044 0.97280 0.00001 0.02676 ( 2)
  83 I   0.17080 0.79674 0.00511 0.02735 ( 2)
  84 E   0.17673 0.79540 0.00434 0.02354 ( 2)
  85 A   0.75024 0.22467 0.01843 0.00666 ( 1)
  86 I   0.92436 0.04654 0.02754 0.00157 ( 1)
  87 N   0.96702 0.01172 0.02094 0.00032 ( 1)
  88 N   0.96702 0.01172 0.02094 0.00032 ( 1)
  89 S   0.96377 0.01411 0.02173 0.00039 ( 1)
  90 T   0.94915 0.02627 0.02379 0.00079 ( 1)
  91 V   0.45932 0.51728 0.00960 0.01379 ( 2)
  92 L   0.91784 0.05245 0.02791 0.00180 ( 1)
  93 L   0.91760 0.05270 0.02790 0.00180 ( 1)
  94 P   0.96809 0.01035 0.02127 0.00028 ( 1)
  95 N   0.76742 0.20368 0.02218 0.00672 ( 1)
  96 V   0.09591 0.87648 0.00222 0.02539 ( 2)
  97 T   0.89340 0.08512 0.01917 0.00230 ( 1)
  98 L   0.51671 0.44620 0.01946 0.01764 ( 1)
  99 G   0.95477 0.01984 0.02478 0.00061 ( 1)
 100 Y   0.17800 0.78932 0.00547 0.02720 ( 2)
 101 E   0.00313 0.96756 0.00008 0.02923 ( 2)
 102 L   0.92490 0.04542 0.02813 0.00155 ( 1)
 103 Y   0.07790 0.89306 0.00198 0.02706 ( 2)
 104 D   0.93717 0.03811 0.02356 0.00116 ( 1)
 105 V   0.95618 0.01982 0.02341 0.00059 ( 1)
 106 C   0.95815 0.01897 0.02234 0.00054 ( 1)
 107 S   0.92444 0.04811 0.02589 0.00156 ( 1)
 108 E   0.83594 0.14011 0.01990 0.00406 ( 1)
 109 S   0.90213 0.06617 0.02934 0.00237 ( 1)
 110 A   0.96978 0.00969 0.02027 0.00026 ( 1)
 111 N   0.92384 0.04592 0.02865 0.00159 ( 1)
 112 V   0.95618 0.01982 0.02341 0.00059 ( 1)
 113 Y   0.89910 0.06848 0.02994 0.00249 ( 1)
 114 A   0.96863 0.01084 0.02024 0.00029 ( 1)
 115 T   0.94933 0.02609 0.02379 0.00078 ( 1)
 116 L   0.91784 0.05245 0.02791 0.00180 ( 1)
 117 S   0.08252 0.88049 0.00300 0.03399 ( 2)
 118 V   0.80569 0.16956 0.01973 0.00503 ( 1)
 119 L   0.96676 0.01176 0.02116 0.00032 ( 1)
 120 S   0.95959 0.01477 0.02518 0.00046 ( 1)
 121 L   0.13121 0.83872 0.00338 0.02669 ( 2)
 122 P   0.40801 0.55466 0.01538 0.02194 ( 2)
 123 G   0.95231 0.02229 0.02472 0.00068 ( 1)
 124 T   0.07092 0.89122 0.00267 0.03520 ( 2)
 125 R   0.00001 0.97298 0.00000 0.02701 ( 2)
 126 H   0.96513 0.01306 0.02145 0.00036 ( 1)
 127 I   0.92157 0.04932 0.02745 0.00166 ( 1)
 128 D   0.29612 0.67660 0.00727 0.02002 ( 2)
 129 I   0.88096 0.09870 0.01777 0.00257 ( 1)
 130 Q   0.89035 0.08025 0.02668 0.00272 ( 1)
 131 G   0.43242 0.52989 0.01653 0.02116 ( 2)
 132 D   0.83648 0.14166 0.01801 0.00385 ( 1)
 133 F   0.09923 0.73007 0.09487 0.07583 ( 2)
 134 L   0.96676 0.01176 0.02116 0.00032 ( 1)
 135 H   0.00456 0.96887 0.00010 0.02647 ( 2)
 136 Y   0.89815 0.06942 0.02991 0.00252 ( 1)
 137 S   0.03029 0.83752 0.03566 0.09652 ( 2)
 138 P   0.95101 0.02573 0.02252 0.00075 ( 1)
 139 K   0.77181 0.20252 0.01956 0.00612 ( 1)
 140 I   0.68874 0.28134 0.02045 0.00947 ( 1)
 141 V   0.71904 0.25479 0.01839 0.00778 ( 1)
 142 A   0.94350 0.03034 0.02521 0.00096 ( 1)
 143 V   0.95635 0.01965 0.02342 0.00058 ( 1)
 144 I   0.51903 0.45049 0.01536 0.01511 ( 1)
 145 G   0.79440 0.17946 0.02062 0.00552 ( 1)
 146 P   0.62149 0.34674 0.01961 0.01216 ( 1)
 147 D   0.35701 0.43600 0.17727 0.02971 ( 2)
 148 S   0.00025 0.97316 0.00001 0.02658 ( 2)
 149 T   0.88054 0.09695 0.01979 0.00271 ( 1)
 150 D   0.08590 0.88808 0.00186 0.02417 ( 2)
 151 H   0.00011 0.96495 0.00000 0.03494 ( 2)
 152 A   0.38455 0.22335 0.36870 0.02340 ( 1)
 153 A   0.73340 0.24475 0.01533 0.00652 ( 1)
 154 T   0.62513 0.35193 0.01342 0.00952 ( 1)
 155 T   0.07669 0.88885 0.00251 0.03195 ( 2)
 156 A   0.94378 0.02810 0.02720 0.00093 ( 1)
 157 A   0.86783 0.11102 0.01816 0.00299 ( 1)
 158 L   0.91372 0.05633 0.02801 0.00194 ( 1)
 159 L   0.92202 0.04829 0.02804 0.00165 ( 1)
 160 S   0.86074 0.11712 0.01893 0.00322 ( 1)
 161 P   0.90239 0.06634 0.02892 0.00235 ( 1)
 162 F   0.37839 0.59468 0.00936 0.01757 ( 2)
 163 L   0.91448 0.05475 0.02885 0.00192 ( 1)
 164 V   0.34181 0.63108 0.00838 0.01873 ( 2)
 165 P   0.96779 0.01065 0.02127 0.00029 ( 1)
 166 L   0.15686 0.81181 0.00452 0.02680 ( 2)
 167 I   0.97405 0.00651 0.01928 0.00017 ( 1)
 168 S   0.96890 0.00953 0.02130 0.00026 ( 1)
 169 Y   0.93416 0.04089 0.02371 0.00124 ( 1)
 170 E   0.00322 0.96562 0.00009 0.03107 ( 2)
 171 A   0.97238 0.00711 0.02032 0.00019 ( 1)
 172 S   0.96890 0.00953 0.02130 0.00026 ( 1)
 173 S   0.96823 0.01019 0.02130 0.00028 ( 1)
 174 T   0.00028 0.91802 0.00021 0.08148 ( 2)
 175 T   0.02229 0.94172 0.00077 0.03522 ( 2)
 176 L   0.95789 0.01341 0.02825 0.00045 ( 1)
 177 S   0.37037 0.44314 0.15958 0.02691 ( 2)
 178 V   0.00044 0.95038 0.00016 0.04901 ( 2)
 179 K   0.95633 0.01894 0.02416 0.00057 ( 1)
 180 R   0.21597 0.75367 0.00603 0.02433 ( 2)
 181 Q   0.38068 0.18430 0.41394 0.02108 ( 3)
 182 Y   0.90575 0.06184 0.03016 0.00225 ( 1)
 183 P   0.96918 0.00927 0.02130 0.00026 ( 1)
 184 S   0.91339 0.05494 0.02970 0.00196 ( 1)
 185 F   0.95942 0.01342 0.02673 0.00043 ( 1)
 186 L   0.92490 0.04542 0.02813 0.00155 ( 1)
 187 R   0.96296 0.01323 0.02341 0.00039 ( 1)
 188 T   0.97061 0.00834 0.02083 0.00023 ( 1)
 189 I   0.59695 0.03437 0.36603 0.00265 ( 1)
 190 P   0.96918 0.00927 0.02130 0.00026 ( 1)
 191 S   0.30288 0.66619 0.00883 0.02210 ( 2)
 192 D   0.97117 0.00805 0.02056 0.00022 ( 1)
 193 R   0.31240 0.65973 0.00790 0.01997 ( 2)
 194 H   0.06186 0.91062 0.00142 0.02610 ( 2)
 195 Q   0.93775 0.03434 0.02679 0.00112 ( 1)
 196 V   0.96041 0.01561 0.02352 0.00046 ( 1)
 197 E   0.95974 0.01623 0.02355 0.00048 ( 1)
 198 V   0.51520 0.46126 0.01106 0.01248 ( 1)
 199 M   0.90167 0.07734 0.01893 0.00206 ( 1)
 200 V   0.96041 0.01561 0.02352 0.00046 ( 1)
 201 L   0.63785 0.33139 0.01940 0.01136 ( 1)
 202 L   0.92490 0.04542 0.02813 0.00155 ( 1)
 203 L   0.92370 0.04554 0.02915 0.00161 ( 1)
 204 Q   0.01586 0.94799 0.00055 0.03560 ( 2)
 205 R   0.26888 0.70276 0.00691 0.02146 ( 2)
 206 F   0.97325 0.00660 0.01998 0.00017 ( 1)
 207 R   0.00034 0.91474 0.00027 0.08466 ( 2)
 208 W   0.92765 0.04312 0.02778 0.00146 ( 1)
 209 V   0.43174 0.54437 0.00915 0.01474 ( 2)
 210 W   0.92765 0.04312 0.02778 0.00146 ( 1)
 211 I   0.97515 0.00541 0.01930 0.00014 ( 1)
 212 S   0.91228 0.05510 0.03059 0.00203 ( 1)
 213 L   0.92490 0.04542 0.02813 0.00155 ( 1)
 214 V   0.20995 0.59970 0.14114 0.04922 ( 2)
 215 G   0.96764 0.01034 0.02173 0.00029 ( 1)
 216 S   0.96484 0.00998 0.02488 0.00031 ( 1)
 217 Y   0.00112 0.96323 0.00004 0.03561 ( 2)
 218 G   0.77353 0.19679 0.02303 0.00665 ( 1)
 219 D   0.97161 0.00764 0.02055 0.00020 ( 1)
 220 Y   0.93416 0.04089 0.02371 0.00124 ( 1)
 221 G   0.95502 0.01959 0.02479 0.00060 ( 1)
 222 Q   0.73851 0.23569 0.01867 0.00712 ( 1)
 223 Q   0.09270 0.74764 0.08449 0.07516 ( 2)
 224 G   0.43348 0.11366 0.44045 0.01241 ( 3)
 225 V   0.95800 0.01798 0.02348 0.00053 ( 1)
 226 Q   0.70668 0.26442 0.02020 0.00870 ( 1)
 227 A   0.62268 0.34498 0.01999 0.01235 ( 1)
 228 L   0.92673 0.04360 0.02818 0.00149 ( 1)
 229 E   0.04006 0.07124 0.87042 0.01827 ( 3)
 230 N   0.00781 0.96561 0.00017 0.02641 ( 2)
 231 Q   0.43165 0.16248 0.38952 0.01636 ( 1)
 232 A   0.97238 0.00711 0.02032 0.00019 ( 1)
 233 T   0.95628 0.02096 0.02216 0.00060 ( 1)
 234 D   0.00124 0.96850 0.00003 0.03024 ( 2)
 235 Q   0.68491 0.28084 0.02385 0.01040 ( 1)
 236 G   0.33799 0.62948 0.01048 0.02205 ( 2)
 237 I   0.92606 0.05422 0.01833 0.00140 ( 1)
 238 C   0.96439 0.01277 0.02247 0.00036 ( 1)
 239 I   0.93051 0.04059 0.02754 0.00136 ( 1)
 240 A   0.92409 0.04975 0.02460 0.00156 ( 1)
 241 F   0.97325 0.00660 0.01998 0.00017 ( 1)
 242 K   0.95633 0.01894 0.02416 0.00057 ( 1)
 243 D   0.90091 0.07794 0.01906 0.00210 ( 1)
 244 I   0.03845 0.05406 0.89195 0.01554 ( 3)
 245 V   0.82764 0.14832 0.01971 0.00432 ( 1)
 246 P   0.96685 0.01159 0.02125 0.00032 ( 1)
 247 L   0.90442 0.07505 0.01856 0.00197 ( 1)
 248 S   0.57934 0.39165 0.01629 0.01271 ( 1)
 249 A   0.97238 0.00711 0.02032 0.00019 ( 1)
 250 R   0.00017 0.93085 0.00012 0.06887 ( 2)
 251 V   0.95530 0.02069 0.02339 0.00061 ( 1)
 252 G   0.93997 0.03068 0.02831 0.00104 ( 1)
 253 D   0.92841 0.04195 0.02821 0.00143 ( 1)
 254 E   0.34479 0.62805 0.00847 0.01869 ( 2)
 255 R   0.76059 0.21364 0.01930 0.00647 ( 1)
 256 M   0.97192 0.00747 0.02041 0.00020 ( 1)
 257 Q   0.70745 0.26370 0.02021 0.00864 ( 1)
 258 G   0.00390 0.96581 0.00012 0.03017 ( 2)
 259 M   0.06456 0.82960 0.04048 0.06536 ( 2)
 260 M   0.97192 0.00747 0.02041 0.00020 ( 1)
 261 N   0.00050 0.92244 0.00035 0.07670 ( 2)
 262 R   0.07651 0.89639 0.00171 0.02539 ( 2)
 263 L   0.92490 0.04542 0.02813 0.00155 ( 1)
 264 A   0.91091 0.06824 0.01904 0.00182 ( 1)
 265 R   0.02103 0.94734 0.00060 0.03103 ( 2)
 266 A   0.97094 0.00854 0.02029 0.00023 ( 1)
 267 G   0.00391 0.96600 0.00010 0.02998 ( 2)
 268 T   0.89621 0.08248 0.01910 0.00222 ( 1)
 269 T   0.81299 0.15784 0.02390 0.00527 ( 1)
 270 V   0.96670 0.00928 0.02374 0.00028 ( 1)
 271 V   0.96041 0.01561 0.02352 0.00046 ( 1)
 272 V   0.30935 0.65721 0.00978 0.02366 ( 2)
 273 V   0.92531 0.04864 0.02454 0.00152 ( 1)
 274 F   0.96167 0.01658 0.02130 0.00046 ( 1)
 275 S   0.96713 0.01076 0.02181 0.00030 ( 1)
 276 S   0.00507 0.96303 0.00016 0.03175 ( 2)
 277 R   0.09117 0.78084 0.07206 0.05593 ( 2)
 278 R   0.00022 0.90941 0.00019 0.09018 ( 2)
 279 L   0.08129 0.88131 0.00300 0.03439 ( 2)
 280 A   0.97238 0.00711 0.02032 0.00019 ( 1)
 281 R   0.79506 0.17894 0.02052 0.00548 ( 1)
 282 V   0.96041 0.01561 0.02352 0.00046 ( 1)
 283 F   0.96695 0.01133 0.02141 0.00031 ( 1)
 284 F   0.97015 0.00966 0.01993 0.00025 ( 1)
 285 E   0.95974 0.01623 0.02355 0.00048 ( 1)
 286 S   0.96222 0.01565 0.02170 0.00044 ( 1)
 287 V   0.96041 0.01561 0.02352 0.00046 ( 1)
 288 V   0.96041 0.01561 0.02352 0.00046 ( 1)
 289 L   0.92419 0.04612 0.02810 0.00158 ( 1)
 290 A   0.90977 0.06881 0.01954 0.00188 ( 1)
 291 N   0.89547 0.08286 0.01941 0.00227 ( 1)
 292 L   0.64655 0.32274 0.01966 0.01105 ( 1)
 293 T   0.91745 0.05585 0.02493 0.00177 ( 1)
 294 G   0.96764 0.01034 0.02173 0.00029 ( 1)
 295 K   0.95633 0.01894 0.02416 0.00057 ( 1)
 296 V   0.96041 0.01561 0.02352 0.00046 ( 1)
 297 W   0.92765 0.04312 0.02778 0.00146 ( 1)
 298 I   0.44954 0.52773 0.00899 0.01375 ( 2)
 299 A   0.97238 0.00711 0.02032 0.00019 ( 1)
 300 S   0.84479 0.11778 0.03269 0.00474 ( 1)
 301 E   0.89022 0.07590 0.03104 0.00284 ( 1)
 302 D   0.48051 0.49622 0.01004 0.01323 ( 2)
 303 W   0.92765 0.04312 0.02778 0.00146 ( 1)
 304 A   0.89936 0.07972 0.01879 0.00213 ( 1)
 305 I   0.90256 0.07722 0.01820 0.00201 ( 1)
 306 S   0.96713 0.01076 0.02181 0.00030 ( 1)
 307 R   0.04202 0.92250 0.00143 0.03404 ( 2)
 308 H   0.87400 0.10370 0.01942 0.00287 ( 1)
 309 I   0.97515 0.00541 0.01930 0.00014 ( 1)
 310 T   0.62368 0.34441 0.01980 0.01211 ( 1)
 311 G   0.26816 0.70304 0.00697 0.02183 ( 2)
 312 V   0.95546 0.01811 0.02585 0.00057 ( 1)
 313 P   0.95208 0.01854 0.02876 0.00063 ( 1)
 314 G   0.95324 0.02137 0.02474 0.00066 ( 1)
 315 I   0.97515 0.00541 0.01930 0.00014 ( 1)
 316 Q   0.18292 0.78610 0.00523 0.02575 ( 2)
 317 G   0.40719 0.56750 0.00924 0.01607 ( 2)
 318 I   0.94804 0.02825 0.02287 0.00084 ( 1)
 319 G   0.94869 0.02168 0.02888 0.00074 ( 1)
 320 T   0.00023 0.96654 0.00001 0.03322 ( 2)
 321 V   0.96101 0.01501 0.02353 0.00045 ( 1)
 322 L   0.92490 0.04542 0.02813 0.00155 ( 1)
 323 G   0.93212 0.03850 0.02807 0.00131 ( 1)
 324 V   0.96006 0.01596 0.02351 0.00047 ( 1)
 325 A   0.97238 0.00711 0.02032 0.00019 ( 1)
 326 I   0.97515 0.00541 0.01930 0.00014 ( 1)
 327 Q   0.93775 0.03434 0.02679 0.00112 ( 1)
 328 L   0.02445 0.94443 0.00068 0.03044 ( 2)
 329 R   0.29305 0.67859 0.00756 0.02080 ( 2)
 330 L   0.00009 0.96745 0.00000 0.03245 ( 2)
 331 V   0.90678 0.07223 0.01905 0.00194 ( 1)
 332 P   0.92105 0.04774 0.02952 0.00169 ( 1)
 333 G   0.88129 0.09623 0.01979 0.00269 ( 1)
 334 L   0.92460 0.04572 0.02812 0.00157 ( 1)
 335 K   0.50434 0.10174 0.38480 0.00911 ( 1)
 336 E   0.78571 0.18942 0.01927 0.00560 ( 1)
 337 F   0.65474 0.31258 0.02145 0.01123 ( 1)
 338 E   0.87936 0.08673 0.03066 0.00325 ( 1)
 339 E   0.93762 0.03661 0.02463 0.00114 ( 1)
 340 A   0.97238 0.00711 0.02032 0.00019 ( 1)
 341 Y   0.89724 0.07032 0.02988 0.00256 ( 1)
 342 A   0.91136 0.06779 0.01905 0.00181 ( 1)
 343 Q   0.00072 0.96679 0.00002 0.03247 ( 2)
 344 A   0.35434 0.32740 0.28760 0.03066 ( 1)
 345 D   0.97161 0.00764 0.02055 0.00020 ( 1)
 346 K   0.95633 0.01894 0.02416 0.00057 ( 1)
 347 G   0.00323 0.93654 0.00145 0.05877 ( 2)
 348 A   0.89849 0.07709 0.02213 0.00229 ( 1)
 349 P   0.03420 0.93764 0.00081 0.02734 ( 2)
 350 L   0.13167 0.83928 0.00340 0.02565 ( 2)
 351 P   0.45148 0.51574 0.01447 0.01830 ( 2)
 352 C   0.96261 0.01454 0.02243 0.00042 ( 1)
 353 P   0.00717 0.96603 0.00016 0.02665 ( 2)
 354 T   0.02756 0.93990 0.00082 0.03172 ( 2)
 355 G   0.88052 0.09699 0.01977 0.00271 ( 1)
 356 A   0.86345 0.11390 0.01947 0.00318 ( 1)
 357 W   0.67990 0.28995 0.02036 0.00980 ( 1)
 358 C   0.96439 0.01277 0.02247 0.00036 ( 1)
 359 S   0.96890 0.00953 0.02130 0.00026 ( 1)
 360 S   0.96890 0.00953 0.02130 0.00026 ( 1)
 361 N   0.91887 0.05087 0.02850 0.00176 ( 1)
 362 Q   0.93775 0.03434 0.02679 0.00112 ( 1)
 363 L   0.45220 0.52345 0.00990 0.01445 ( 2)
 364 C   0.96261 0.01454 0.02243 0.00042 ( 1)
 365 R   0.87097 0.09372 0.03170 0.00362 ( 1)
 366 E   0.08102 0.86520 0.00623 0.04754 ( 2)
 367 C   0.96250 0.01465 0.02243 0.00042 ( 1)
 368 C   0.00018 0.96244 0.00001 0.03738 ( 2)
 369 A   0.64984 0.31873 0.02031 0.01112 ( 1)
 370 F   0.97325 0.00660 0.01998 0.00017 ( 1)
 371 T   0.00003 0.92650 0.00005 0.07342 ( 2)
 372 A   0.06104 0.90103 0.00230 0.03562 ( 2)
 373 H   0.96807 0.01014 0.02151 0.00028 ( 1)
 374 T   0.00002 0.91259 0.00002 0.08738 ( 2)
 375 T   0.90193 0.07707 0.01894 0.00206 ( 1)
 376 P   0.96867 0.00976 0.02130 0.00027 ( 1)
 377 T   0.02195 0.94841 0.00057 0.02907 ( 2)
 378 L   0.95926 0.01635 0.02390 0.00049 ( 1)
 379 G   0.00006 0.89069 0.00007 0.10919 ( 2)
 380 P   0.49205 0.48475 0.01028 0.01292 ( 1)
 381 F   0.91093 0.06856 0.01870 0.00181 ( 1)
 382 S   0.96713 0.01076 0.02181 0.00030 ( 1)
 383 M   0.97192 0.00747 0.02041 0.00020 ( 1)
 384 S   0.91716 0.05226 0.02875 0.00182 ( 1)
 385 S   0.57683 0.39045 0.01876 0.01396 ( 1)
 386 A   0.97238 0.00711 0.02032 0.00019 ( 1)
 387 Y   0.96285 0.01389 0.02286 0.00040 ( 1)
 388 N   0.96974 0.00901 0.02100 0.00025 ( 1)
 389 V   0.21922 0.74906 0.00649 0.02523 ( 2)
 390 Y   0.95021 0.01949 0.02962 0.00068 ( 1)
 391 Q   0.01679 0.95137 0.00048 0.03136 ( 2)
 392 A   0.90458 0.06052 0.03258 0.00232 ( 1)
 393 V   0.96041 0.01561 0.02352 0.00046 ( 1)
 394 Y   0.93518 0.03988 0.02374 0.00121 ( 1)
 395 T   0.01541 0.94980 0.00051 0.03428 ( 2)
 396 V   0.96041 0.01561 0.02352 0.00046 ( 1)
 397 A   0.97211 0.00737 0.02032 0.00020 ( 1)
 398 H   0.91934 0.05019 0.02873 0.00175 ( 1)
 399 G   0.96764 0.01034 0.02173 0.00029 ( 1)
 400 L   0.96971 0.00882 0.02122 0.00024 ( 1)
 401 H   0.96829 0.00992 0.02152 0.00027 ( 1)
 402 Q   0.93775 0.03434 0.02679 0.00112 ( 1)
 403 L   0.96971 0.00882 0.02122 0.00024 ( 1)
 404 L   0.92490 0.04542 0.02813 0.00155 ( 1)
 405 G   0.96764 0.01034 0.02173 0.00029 ( 1)
 406 C   0.93928 0.03630 0.02334 0.00108 ( 1)
 407 A   0.89071 0.08734 0.01955 0.00241 ( 1)
 408 S   0.91891 0.04944 0.02988 0.00177 ( 1)
 409 G   0.85002 0.11298 0.03249 0.00451 ( 1)
 410 A   0.81375 0.16321 0.01843 0.00460 ( 1)
 411 C   0.90549 0.06287 0.02940 0.00224 ( 1)
 412 S   0.96713 0.01076 0.02181 0.00030 ( 1)
 413 R   0.95374 0.02102 0.02460 0.00064 ( 1)
 414 S   0.45278 0.52246 0.01017 0.01459 ( 2)
 415 Q   0.00544 0.88178 0.00648 0.10629 ( 2)
 416 V   0.97235 0.00704 0.02043 0.00019 ( 1)
 417 Y   0.26797 0.50038 0.18912 0.04253 ( 2)
 418 P   0.96522 0.00973 0.02475 0.00030 ( 1)
 419 W   0.92765 0.04312 0.02778 0.00146 ( 1)
 420 Q   0.93775 0.03434 0.02679 0.00112 ( 1)
 421 L   0.91210 0.05683 0.02906 0.00201 ( 1)
 422 L   0.92101 0.04928 0.02803 0.00169 ( 1)
 423 E   0.82882 0.14651 0.02033 0.00434 ( 1)
 424 Q   0.93775 0.03434 0.02679 0.00112 ( 1)
 425 I   0.97515 0.00541 0.01930 0.00014 ( 1)
 426 H   0.00614 0.96678 0.00014 0.02694 ( 2)
 427 K   0.95574 0.01953 0.02415 0.00059 ( 1)
 428 A   0.84265 0.13278 0.02063 0.00394 ( 1)
 429 N   0.61822 0.35041 0.01922 0.01215 ( 1)
 430 F   0.97305 0.00680 0.01997 0.00018 ( 1)
 431 L   0.91210 0.05683 0.02906 0.00201 ( 1)
 432 L   0.82497 0.13675 0.03269 0.00560 ( 1)
 433 H   0.96574 0.01219 0.02173 0.00034 ( 1)
 434 E   0.00365 0.91224 0.00278 0.08133 ( 2)
 435 D   0.97161 0.00764 0.02055 0.00020 ( 1)
 436 T   0.92147 0.04760 0.02925 0.00167 ( 1)
 437 V   0.96041 0.01561 0.02352 0.00046 ( 1)
 438 T   0.00130 0.96114 0.00005 0.03751 ( 2)
 439 F   0.65215 0.31747 0.01961 0.01078 ( 1)
 440 N   0.14240 0.82464 0.00442 0.02854 ( 2)
 441 D   0.97161 0.00764 0.02055 0.00020 ( 1)
 442 N   0.93744 0.03432 0.02710 0.00113 ( 1)
 443 G   0.13346 0.83596 0.00370 0.02688 ( 2)
 444 D   0.29681 0.67561 0.00733 0.02026 ( 2)
 445 P   0.55656 0.05905 0.37949 0.00490 ( 1)
 446 L   0.38605 0.58895 0.00859 0.01641 ( 2)
 447 S   0.91592 0.05350 0.02872 0.00187 ( 1)
 448 G   0.87243 0.10509 0.01954 0.00293 ( 1)
 449 Y   0.89724 0.07032 0.02988 0.00256 ( 1)
 450 N   0.06979 0.79714 0.05741 0.07566 ( 2)
 451 I   0.93039 0.04053 0.02772 0.00136 ( 1)
 452 I   0.93051 0.04059 0.02754 0.00136 ( 1)
 453 A   0.91005 0.06909 0.01902 0.00184 ( 1)
 454 W   0.92765 0.04312 0.02778 0.00146 ( 1)
 455 D   0.97161 0.00764 0.02055 0.00020 ( 1)
 456 W   0.92765 0.04312 0.02778 0.00146 ( 1)
 457 I   0.01466 0.95174 0.00046 0.03314 ( 2)
 458 G   0.94900 0.02371 0.02652 0.00077 ( 1)
 459 F   0.46861 0.50713 0.01030 0.01396 ( 2)
 460 K   0.82942 0.14779 0.01867 0.00413 ( 1)
 461 W   0.92765 0.04312 0.02778 0.00146 ( 1)
 462 T   0.97061 0.00834 0.02083 0.00023 ( 1)
 463 F   0.97216 0.00768 0.01995 0.00020 ( 1)
 464 T   0.94652 0.02858 0.02402 0.00087 ( 1)
 465 V   0.26981 0.44243 0.24289 0.04487 ( 2)
 466 I   0.02162 0.92308 0.00306 0.05223 ( 2)
 467 G   0.95808 0.01823 0.02316 0.00054 ( 1)
 468 S   0.96653 0.01136 0.02180 0.00032 ( 1)
 469 S   0.96713 0.01076 0.02181 0.00030 ( 1)
 470 T   0.86884 0.09481 0.03261 0.00374 ( 1)
 471 A   0.13989 0.82794 0.00419 0.02798 ( 2)
 472 S   0.56402 0.40322 0.01834 0.01442 ( 1)
 473 P   0.84210 0.12135 0.03175 0.00480 ( 1)
 474 V   0.60962 0.35889 0.01900 0.01249 ( 1)
 475 R   0.00081 0.95412 0.00007 0.04500 ( 2)
 476 L   0.86493 0.10368 0.02772 0.00368 ( 1)
 477 D   0.88231 0.09631 0.01878 0.00260 ( 1)
 478 I   0.92848 0.04243 0.02766 0.00143 ( 1)
 479 N   0.91887 0.05087 0.02850 0.00176 ( 1)
 480 E   0.82897 0.14636 0.02034 0.00433 ( 1)
 481 T   0.97059 0.00835 0.02083 0.00023 ( 1)
 482 K   0.86941 0.09593 0.03101 0.00365 ( 1)
 483 I   0.97116 0.00572 0.02296 0.00017 ( 1)
 484 Q   0.93775 0.03434 0.02679 0.00112 ( 1)
 485 W   0.92765 0.04312 0.02778 0.00146 ( 1)
 486 H   0.85640 0.12118 0.01906 0.00336 ( 1)
 487 R   0.05356 0.80325 0.05481 0.08838 ( 2)
 488 K   0.95633 0.01894 0.02416 0.00057 ( 1)
 489 D   0.90594 0.07294 0.01916 0.00196 ( 1)
 490 N   0.96998 0.00878 0.02101 0.00024 ( 1)
 491 Q   0.93775 0.03434 0.02679 0.00112 ( 1)
 492 V   0.96006 0.01596 0.02351 0.00047 ( 1)
 493 P   0.91733 0.05145 0.02940 0.00182 ( 1)
 494 Q   0.29409 0.67804 0.00743 0.02044 ( 2)
 495 S   0.90517 0.06313 0.02944 0.00226 ( 1)
 496 V   0.96041 0.01561 0.02352 0.00046 ( 1)
 497 C   0.94826 0.02737 0.02356 0.00082 ( 1)
 498 S   0.96713 0.01076 0.02181 0.00030 ( 1)
 499 S   0.95668 0.02167 0.02106 0.00060 ( 1)
 500 D   0.96762 0.00803 0.02411 0.00024 ( 1)
 501 C   0.91048 0.05789 0.02956 0.00207 ( 1)
 502 L   0.91210 0.05683 0.02906 0.00201 ( 1)
 503 E   0.47919 0.48589 0.01671 0.01821 ( 2)
 504 G   0.94990 0.02469 0.02465 0.00076 ( 1)
 505 H   0.88278 0.09497 0.01962 0.00263 ( 1)
 506 Q   0.93775 0.03434 0.02679 0.00112 ( 1)
 507 R   0.04338 0.81740 0.04651 0.09270 ( 2)
 508 V   0.96041 0.01561 0.02352 0.00046 ( 1)
 509 V   0.92313 0.04648 0.02877 0.00162 ( 1)
 510 V   0.00025 0.95823 0.00001 0.04151 ( 2)
 511 G   0.57315 0.39422 0.01856 0.01407 ( 1)
 512 S   0.91256 0.06694 0.01873 0.00176 ( 1)
 513 H   0.15593 0.76476 0.04279 0.03652 ( 2)
 514 H   0.88521 0.09255 0.01967 0.00256 ( 1)
 515 C   0.90808 0.06028 0.02948 0.00215 ( 1)
 516 C   0.96439 0.01277 0.02247 0.00036 ( 1)
 517 F   0.93676 0.03394 0.02816 0.00115 ( 1)
 518 E   0.83128 0.14406 0.02040 0.00426 ( 1)
 519 C   0.90549 0.06287 0.02940 0.00224 ( 1)
 520 V   0.94642 0.02465 0.02810 0.00083 ( 1)
 521 P   0.96613 0.01231 0.02123 0.00034 ( 1)
 522 C   0.91026 0.06256 0.02517 0.00201 ( 1)
 523 E   0.26043 0.71189 0.00646 0.02123 ( 2)
 524 S   0.58834 0.38004 0.01839 0.01323 ( 1)
 525 G   0.95229 0.02231 0.02472 0.00069 ( 1)
 526 T   0.30779 0.66754 0.00661 0.01806 ( 2)
 527 F   0.54452 0.43292 0.01118 0.01138 ( 1)
 528 L   0.42283 0.55269 0.00925 0.01523 ( 2)
 529 N   0.49080 0.48536 0.01063 0.01320 ( 1)
 530 K   0.30949 0.66272 0.00782 0.01998 ( 2)
 531 S   0.90850 0.06089 0.02848 0.00212 ( 1)
 532 D   0.96892 0.01031 0.02049 0.00028 ( 1)
 533 L   0.86083 0.11696 0.01890 0.00331 ( 1)
 534 Y   0.82070 0.15528 0.01950 0.00452 ( 1)
 535 R   0.10249 0.85376 0.00418 0.03957 ( 2)
 536 C   0.95987 0.01726 0.02238 0.00049 ( 1)
 537 Q   0.93775 0.03434 0.02679 0.00112 ( 1)
 538 P   0.58052 0.38716 0.01860 0.01371 ( 1)
 539 C   0.90549 0.06287 0.02940 0.00224 ( 1)
 540 G   0.95324 0.02137 0.02474 0.00066 ( 1)
 541 K   0.87958 0.08578 0.03137 0.00327 ( 1)
 542 E   0.87936 0.08673 0.03066 0.00325 ( 1)
 543 E   0.95972 0.01625 0.02355 0.00048 ( 1)
 544 W   0.92765 0.04312 0.02778 0.00146 ( 1)
 545 A   0.84896 0.11493 0.03161 0.00451 ( 1)
 546 P   0.92154 0.04725 0.02953 0.00167 ( 1)
 547 E   0.04564 0.92566 0.00112 0.02758 ( 2)
 548 G   0.36862 0.59359 0.01409 0.02370 ( 2)
 549 S   0.96890 0.00953 0.02130 0.00026 ( 1)
 550 Q   0.93775 0.03434 0.02679 0.00112 ( 1)
 551 T   0.88721 0.09125 0.01905 0.00248 ( 1)
 552 C   0.96439 0.01277 0.02247 0.00036 ( 1)
 553 F   0.97245 0.00739 0.01996 0.00019 ( 1)
 554 P   0.48775 0.47597 0.01783 0.01845 ( 1)
 555 R   0.95643 0.02049 0.02248 0.00059 ( 1)
 556 T   0.92637 0.04696 0.02518 0.00149 ( 1)
 557 V   0.95780 0.01820 0.02345 0.00054 ( 1)
 558 V   0.83681 0.13859 0.02049 0.00411 ( 1)
 559 F   0.12454 0.69471 0.11182 0.06893 ( 2)
 560 L   0.92423 0.04614 0.02806 0.00158 ( 1)
 561 A   0.12577 0.84042 0.00403 0.02979 ( 2)
 562 W   0.15750 0.80998 0.00480 0.02771 ( 2)
 563 H   0.14650 0.82038 0.00458 0.02855 ( 2)
 564 E   0.95974 0.01623 0.02355 0.00048 ( 1)
 565 C   0.00676 0.90592 0.00537 0.08196 ( 2)
 566 I   0.90463 0.07443 0.01895 0.00199 ( 1)
 567 S   0.90517 0.06313 0.02944 0.00226 ( 1)
 568 W   0.92765 0.04312 0.02778 0.00146 ( 1)
 569 V   0.96041 0.01561 0.02352 0.00046 ( 1)
 570 L   0.92161 0.04875 0.02798 0.00166 ( 1)
 571 L   0.92455 0.04577 0.02811 0.00157 ( 1)
 572 A   0.39520 0.56782 0.01471 0.02227 ( 2)
 573 A   0.37560 0.19504 0.40709 0.02226 ( 3)
 574 N   0.94907 0.02274 0.02744 0.00075 ( 1)
 575 T   0.76055 0.21241 0.02037 0.00667 ( 1)
 576 L   0.15454 0.81040 0.00523 0.02983 ( 2)
 577 L   0.92324 0.04707 0.02808 0.00161 ( 1)
 578 L   0.92478 0.04554 0.02812 0.00156 ( 1)
 579 V   0.64661 0.32268 0.01966 0.01105 ( 1)
 580 V   0.64568 0.32360 0.01963 0.01108 ( 1)
 581 V   0.65827 0.31418 0.01764 0.00991 ( 1)
 582 V   0.10955 0.71377 0.10308 0.07359 ( 2)
 583 G   0.95420 0.02040 0.02477 0.00063 ( 1)
 584 T   0.59336 0.37462 0.01884 0.01318 ( 1)
 585 V   0.61151 0.35695 0.01911 0.01243 ( 1)
 586 G   0.96193 0.01257 0.02512 0.00039 ( 1)
 587 L   0.92490 0.04542 0.02813 0.00155 ( 1)
 588 F   0.92685 0.04381 0.02786 0.00148 ( 1)
 589 A   0.97191 0.00756 0.02033 0.00020 ( 1)
 590 W   0.92765 0.04312 0.02778 0.00146 ( 1)
 591 H   0.96832 0.00988 0.02152 0.00027 ( 1)
 592 Q   0.33334 0.62776 0.01321 0.02570 ( 2)
 593 D   0.97161 0.00764 0.02055 0.00020 ( 1)
 594 T   0.96976 0.00918 0.02081 0.00025 ( 1)
 595 P   0.90996 0.05880 0.02916 0.00208 ( 1)
 596 V   0.96041 0.01561 0.02352 0.00046 ( 1)
 597 V   0.95982 0.01620 0.02350 0.00048 ( 1)
 598 R   0.95374 0.02102 0.02460 0.00064 ( 1)
 599 S   0.82728 0.13527 0.03201 0.00545 ( 1)
 600 A   0.89349 0.07498 0.02886 0.00267 ( 1)
 601 G   0.95324 0.02137 0.02474 0.00066 ( 1)
 602 G   0.96764 0.01034 0.02173 0.00029 ( 1)
 603 W   0.00294 0.96610 0.00008 0.03088 ( 2)
 604 L   0.92490 0.04542 0.02813 0.00155 ( 1)
 605 C   0.96349 0.01289 0.02324 0.00038 ( 1)
 606 F   0.96167 0.01658 0.02130 0.00046 ( 1)
 607 L   0.95631 0.02051 0.02258 0.00060 ( 1)
 608 M   0.97192 0.00747 0.02041 0.00020 ( 1)
 609 L   0.92203 0.04828 0.02804 0.00165 ( 1)
 610 G   0.96651 0.01146 0.02170 0.00032 ( 1)
 611 S   0.96638 0.01151 0.02179 0.00032 ( 1)
 612 L   0.92490 0.04542 0.02813 0.00155 ( 1)
 613 A   0.86397 0.09994 0.03216 0.00392 ( 1)
 614 G   0.00832 0.95405 0.00031 0.03733 ( 2)
 615 A   0.55140 0.41592 0.01785 0.01483 ( 1)
 616 S   0.96465 0.01227 0.02273 0.00035 ( 1)
 617 C   0.00650 0.96595 0.00015 0.02740 ( 2)
 618 S   0.96890 0.00953 0.02130 0.00026 ( 1)
 619 L   0.89013 0.08796 0.01948 0.00243 ( 1)
 620 Y   0.89724 0.07032 0.02988 0.00256 ( 1)
 621 G   0.96737 0.01061 0.02172 0.00030 ( 1)
 622 F   0.97285 0.00698 0.01999 0.00018 ( 1)
 623 F   0.92685 0.04381 0.02786 0.00148 ( 1)
 624 G   0.94990 0.02469 0.02465 0.00076 ( 1)
 625 E   0.94870 0.02559 0.02492 0.00079 ( 1)
 626 P   0.96774 0.01070 0.02126 0.00029 ( 1)
 627 T   0.50053 0.46752 0.01560 0.01634 ( 1)
 628 L   0.12758 0.84047 0.00376 0.02818 ( 2)
 629 P   0.70955 0.26571 0.01695 0.00778 ( 1)
 630 A   0.29548 0.32630 0.33947 0.03874 ( 3)
 631 C   0.96261 0.01454 0.02243 0.00042 ( 1)
 632 L   0.91299 0.05733 0.02772 0.00196 ( 1)
 633 L   0.92464 0.04568 0.02812 0.00156 ( 1)
 634 R   0.96382 0.01314 0.02266 0.00038 ( 1)
 635 Q   0.93433 0.03774 0.02669 0.00124 ( 1)
 636 A   0.88727 0.09174 0.01854 0.00245 ( 1)
 637 I   0.88101 0.09704 0.01928 0.00267 ( 1)
 638 F   0.92685 0.04381 0.02786 0.00148 ( 1)
 639 A   0.97119 0.00829 0.02030 0.00022 ( 1)
 640 L   0.91936 0.04960 0.02929 0.00175 ( 1)
 641 G   0.90872 0.05973 0.02942 0.00213 ( 1)
 642 F   0.95942 0.01342 0.02673 0.00043 ( 1)
 643 T   0.87592 0.10287 0.01845 0.00277 ( 1)
 644 I   0.59685 0.03409 0.36640 0.00265 ( 1)
 645 F   0.97301 0.00684 0.01997 0.00018 ( 1)
 646 L   0.92465 0.04567 0.02812 0.00156 ( 1)
 647 S   0.96699 0.01090 0.02180 0.00030 ( 1)
 648 C   0.96439 0.01277 0.02247 0.00036 ( 1)
 649 L   0.64655 0.32274 0.01966 0.01105 ( 1)
 650 T   0.84736 0.11624 0.03181 0.00458 ( 1)
 651 V   0.91851 0.05109 0.02862 0.00178 ( 1)
 652 R   0.96346 0.01350 0.02265 0.00039 ( 1)
 653 S   0.95992 0.01561 0.02400 0.00047 ( 1)
 654 F   0.97325 0.00660 0.01998 0.00017 ( 1)
 655 Q   0.86015 0.10422 0.03159 0.00405 ( 1)
 656 L   0.88734 0.08138 0.02839 0.00289 ( 1)
 657 V   0.89690 0.08223 0.01867 0.00220 ( 1)
 658 I   0.97515 0.00541 0.01930 0.00014 ( 1)
 659 I   0.97446 0.00609 0.01929 0.00016 ( 1)
 660 F   0.97325 0.00660 0.01998 0.00017 ( 1)
 661 K   0.95633 0.01894 0.02416 0.00057 ( 1)
 662 F   0.92685 0.04381 0.02786 0.00148 ( 1)
 663 S   0.96635 0.01154 0.02179 0.00032 ( 1)
 664 T   0.38225 0.34025 0.24996 0.02753 ( 1)
 665 K   0.95489 0.02037 0.02412 0.00061 ( 1)
 666 V   0.07645 0.88236 0.00324 0.03795 ( 2)
 667 P   0.95407 0.02269 0.02259 0.00066 ( 1)
 668 T   0.11235 0.84463 0.00596 0.03706 ( 2)
 669 F   0.97325 0.00660 0.01998 0.00017 ( 1)
 670 Y   0.03828 0.05875 0.88730 0.01568 ( 3)
 671 H   0.14795 0.81838 0.00473 0.02894 ( 2)
 672 T   0.54029 0.43678 0.01129 0.01165 ( 1)
 673 W   0.92765 0.04312 0.02778 0.00146 ( 1)
 674 V   0.97125 0.00813 0.02040 0.00022 ( 1)
 675 Q   0.85560 0.10876 0.03142 0.00422 ( 1)
 676 N   0.96998 0.00878 0.02101 0.00024 ( 1)
 677 H   0.96398 0.01391 0.02172 0.00039 ( 1)
 678 G   0.90686 0.06158 0.02936 0.00220 ( 1)
 679 A   0.92842 0.04113 0.02901 0.00143 ( 1)
 680 A   0.05385 0.91927 0.00121 0.02568 ( 2)
 681 L   0.92490 0.04542 0.02813 0.00155 ( 1)
 682 F   0.92685 0.04381 0.02786 0.00148 ( 1)
 683 I   0.62705 0.34730 0.01535 0.01030 ( 1)
 684 M   0.26409 0.46261 0.22801 0.04529 ( 2)
 685 I   0.97477 0.00576 0.01931 0.00015 ( 1)
 686 S   0.88830 0.08971 0.01953 0.00246 ( 1)
 687 S   0.82728 0.13527 0.03201 0.00545 ( 1)
 688 M   0.00510 0.96842 0.00011 0.02637 ( 2)
 689 A   0.06113 0.91289 0.00130 0.02468 ( 2)
 690 Q   0.93775 0.03434 0.02679 0.00112 ( 1)
 691 L   0.92153 0.04878 0.02802 0.00167 ( 1)
 692 L   0.91628 0.05267 0.02919 0.00186 ( 1)
 693 I   0.97515 0.00541 0.01930 0.00014 ( 1)
 694 C   0.90610 0.06225 0.02942 0.00222 ( 1)
 695 L   0.82497 0.13675 0.03269 0.00560 ( 1)
 696 T   0.92265 0.04687 0.02885 0.00163 ( 1)
 697 W   0.92765 0.04312 0.02778 0.00146 ( 1)
 698 L   0.91740 0.05183 0.02894 0.00182 ( 1)
 699 A   0.30283 0.66996 0.00740 0.01981 ( 2)
 700 V   0.83719 0.13821 0.02050 0.00410 ( 1)
 701 W   0.92765 0.04312 0.02778 0.00146 ( 1)
 702 T   0.96834 0.01059 0.02078 0.00029 ( 1)
 703 P   0.84210 0.12135 0.03175 0.00480 ( 1)
 704 L   0.92490 0.04542 0.02813 0.00155 ( 1)
 705 P   0.96765 0.01079 0.02126 0.00030 ( 1)
 706 T   0.80034 0.17609 0.01855 0.00502 ( 1)
 707 R   0.92535 0.04158 0.03154 0.00153 ( 1)
 708 E   0.87936 0.08673 0.03066 0.00325 ( 1)
 709 Y   0.96101 0.01571 0.02282 0.00045 ( 1)
 710 Q   0.17377 0.69543 0.08460 0.04620 ( 2)
 711 R   0.96386 0.01310 0.02266 0.00038 ( 1)
 712 F   0.97245 0.00739 0.01996 0.00019 ( 1)
 713 P   0.96774 0.01070 0.02126 0.00029 ( 1)
 714 Q   0.67803 0.29256 0.01971 0.00970 ( 1)
 715 L   0.92490 0.04542 0.02813 0.00155 ( 1)
 716 V   0.95780 0.01820 0.02345 0.00054 ( 1)
 717 V   0.48801 0.48871 0.01025 0.01304 ( 2)
 718 L   0.91210 0.05683 0.02906 0.00201 ( 1)
 719 E   0.81423 0.16103 0.01998 0.00476 ( 1)
 720 C   0.96439 0.01277 0.02247 0.00036 ( 1)
 721 T   0.84463 0.11898 0.03171 0.00469 ( 1)
 722 E   0.95974 0.01623 0.02355 0.00048 ( 1)
 723 T   0.00052 0.94280 0.00022 0.05645 ( 2)
 724 N   0.84673 0.12516 0.02401 0.00410 ( 1)
 725 S   0.93375 0.03246 0.03257 0.00122 ( 1)
 726 L   0.92490 0.04542 0.02813 0.00155 ( 1)
 727 G   0.96764 0.01034 0.02173 0.00029 ( 1)
 728 F   0.97325 0.00660 0.01998 0.00017 ( 1)
 729 M   0.26475 0.70594 0.00702 0.02230 ( 2)
 730 L   0.92465 0.04567 0.02812 0.00156 ( 1)
 731 A   0.97238 0.00711 0.02032 0.00019 ( 1)
 732 F   0.96868 0.01007 0.02097 0.00028 ( 1)
 733 G   0.00068 0.97032 0.00002 0.02899 ( 2)
 734 Y   0.96285 0.01389 0.02286 0.00040 ( 1)
 735 N   0.91887 0.05087 0.02850 0.00176 ( 1)
 736 G   0.86873 0.10872 0.01951 0.00304 ( 1)
 737 L   0.96811 0.01042 0.02119 0.00029 ( 1)
 738 L   0.96885 0.00968 0.02120 0.00027 ( 1)
 739 S   0.95708 0.01742 0.02497 0.00054 ( 1)
 740 V   0.08214 0.89231 0.00171 0.02384 ( 2)
 741 S   0.95817 0.01871 0.02258 0.00054 ( 1)
 742 A   0.97150 0.00798 0.02030 0.00021 ( 1)
 743 F   0.92685 0.04381 0.02786 0.00148 ( 1)
 744 A   0.97070 0.00878 0.02029 0.00023 ( 1)
 745 C   0.96312 0.01403 0.02245 0.00040 ( 1)
 746 S   0.88778 0.09022 0.01952 0.00248 ( 1)
 747 Y   0.96285 0.01389 0.02286 0.00040 ( 1)
 748 L   0.64672 0.32257 0.01967 0.01104 ( 1)
 749 G   0.96553 0.01062 0.02353 0.00032 ( 1)
 750 K   0.95489 0.02037 0.02412 0.00061 ( 1)
 751 D   0.97161 0.00764 0.02055 0.00020 ( 1)
 752 L   0.92360 0.04670 0.02810 0.00160 ( 1)
 753 P   0.84210 0.12135 0.03175 0.00480 ( 1)
 754 E   0.95974 0.01623 0.02355 0.00048 ( 1)
 755 N   0.96998 0.00878 0.02101 0.00024 ( 1)
 756 Y   0.93604 0.03360 0.02920 0.00117 ( 1)
 757 N   0.88588 0.09242 0.01919 0.00251 ( 1)
 758 E   0.95974 0.01623 0.02355 0.00048 ( 1)
 759 A   0.97191 0.00756 0.02033 0.00020 ( 1)
 760 K   0.86941 0.09593 0.03101 0.00365 ( 1)
 761 C   0.90549 0.06287 0.02940 0.00224 ( 1)
 762 V   0.97235 0.00704 0.02043 0.00019 ( 1)
 763 T   0.96830 0.01063 0.02078 0.00029 ( 1)
 764 F   0.97015 0.00966 0.01993 0.00025 ( 1)
 765 G   0.32792 0.36668 0.27063 0.03476 ( 2)
 766 L   0.92471 0.04561 0.02812 0.00156 ( 1)
 767 L   0.96971 0.00882 0.02122 0.00024 ( 1)
 768 L   0.89197 0.08634 0.01932 0.00236 ( 1)
 769 N   0.86984 0.10837 0.01884 0.00295 ( 1)
 770 F   0.97245 0.00739 0.01996 0.00019 ( 1)
 771 V   0.36874 0.60431 0.00903 0.01792 ( 2)
 772 S   0.96713 0.01076 0.02181 0.00030 ( 1)
 773 W   0.92765 0.04312 0.02778 0.00146 ( 1)
 774 I   0.97515 0.00541 0.01930 0.00014 ( 1)
 775 A   0.52340 0.45346 0.01095 0.01219 ( 1)
 776 F   0.91206 0.06744 0.01872 0.00178 ( 1)
 777 F   0.97282 0.00701 0.01998 0.00018 ( 1)
 778 T   0.96865 0.00851 0.02260 0.00024 ( 1)
 779 V   0.03617 0.93490 0.00089 0.02804 ( 2)
 780 A   0.97157 0.00792 0.02030 0.00021 ( 1)
 781 S   0.87915 0.09881 0.01933 0.00272 ( 1)
 782 V   0.91093 0.06810 0.01914 0.00183 ( 1)
 783 Y   0.83991 0.13295 0.02292 0.00423 ( 1)
 784 Q   0.31404 0.65687 0.00845 0.02064 ( 2)
 785 G   0.87730 0.10016 0.01972 0.00282 ( 1)
 786 K   0.95633 0.01894 0.02416 0.00057 ( 1)
 787 Y   0.96075 0.01598 0.02281 0.00046 ( 1)
 788 L   0.64651 0.32278 0.01966 0.01105 ( 1)
 789 P   0.87965 0.09670 0.02084 0.00282 ( 1)
 790 A   0.79079 0.18212 0.02134 0.00575 ( 1)
 791 V   0.88675 0.09039 0.02033 0.00254 ( 1)
 792 N   0.95496 0.01687 0.02761 0.00056 ( 1)
 793 V   0.30557 0.45218 0.20672 0.03553 ( 2)
 794 L   0.69118 0.28012 0.01957 0.00913 ( 1)
 795 A   0.95895 0.01880 0.02172 0.00053 ( 1)
 796 V   0.00225 0.96606 0.00006 0.03162 ( 2)
 797 L   0.68507 0.28137 0.02320 0.01036 ( 1)
 798 S   0.96890 0.00953 0.02130 0.00026 ( 1)
 799 S   0.96890 0.00953 0.02130 0.00026 ( 1)
 800 L   0.92482 0.04550 0.02812 0.00156 ( 1)
 801 S   0.55994 0.05639 0.37900 0.00467 ( 1)
 802 S   0.96656 0.01186 0.02125 0.00033 ( 1)
 803 G   0.96764 0.01034 0.02173 0.00029 ( 1)
 804 F   0.97325 0.00660 0.01998 0.00017 ( 1)
 805 S   0.79885 0.17199 0.02343 0.00573 ( 1)
 806 G   0.95964 0.01767 0.02219 0.00050 ( 1)
 807 Y   0.89724 0.07032 0.02988 0.00256 ( 1)
 808 F   0.96167 0.01658 0.02130 0.00046 ( 1)
 809 L   0.95776 0.01928 0.02240 0.00056 ( 1)
 810 P   0.96647 0.01036 0.02287 0.00030 ( 1)
 811 K   0.95436 0.02090 0.02411 0.00063 ( 1)
 812 C   0.96439 0.01277 0.02247 0.00036 ( 1)
 813 Y   0.92342 0.04617 0.02880 0.00160 ( 1)
 814 V   0.95574 0.02026 0.02340 0.00060 ( 1)
 815 I   0.97515 0.00541 0.01930 0.00014 ( 1)
 816 V   0.87596 0.10203 0.01919 0.00281 ( 1)
 817 C   0.86056 0.11607 0.02005 0.00331 ( 1)
 818 R   0.96078 0.01617 0.02259 0.00047 ( 1)
 819 P   0.28394 0.34206 0.33282 0.04118 ( 2)
 820 D   0.95651 0.01918 0.02374 0.00057 ( 1)
 821 L   0.96388 0.01449 0.02123 0.00040 ( 1)
 822 N   0.96900 0.00975 0.02099 0.00027 ( 1)
 823 S   0.88830 0.08968 0.01955 0.00248 ( 1)
 824 T   0.85938 0.10425 0.03226 0.00411 ( 1)
 825 E   0.95974 0.01623 0.02355 0.00048 ( 1)
 826 H   0.96832 0.00988 0.02152 0.00027 ( 1)
 827 F   0.97216 0.00768 0.01995 0.00020 ( 1)
 828 Q   0.93775 0.03434 0.02679 0.00112 ( 1)
 829 A   0.97228 0.00721 0.02032 0.00019 ( 1)
 830 S   0.96713 0.01076 0.02181 0.00030 ( 1)
 831 I   0.96439 0.01451 0.02071 0.00039 ( 1)
 832 Q   0.93775 0.03434 0.02679 0.00112 ( 1)
 833 D   0.90411 0.07475 0.01912 0.00201 ( 1)
 834 Y   0.96285 0.01389 0.02286 0.00040 ( 1)
 835 T   0.95518 0.02028 0.02394 0.00061 ( 1)
 836 R   0.95374 0.02102 0.02460 0.00064 ( 1)
 837 R   0.85838 0.11805 0.02018 0.00340 ( 1)
 838 W   0.01569 0.95084 0.00040 0.03307 ( 2)
 839 G   0.04801 0.92437 0.00108 0.02653 ( 2)
 840 S   0.54288 0.08873 0.36118 0.00721 ( 1)
 841 T   0.96627 0.01265 0.02074 0.00034 ( 1)


lnL = -10652.486580

Bayes Empirical Bayes (BEB) probabilities for 4 classes (class)
(amino acids refer to 1st sequence: 1.Tarsier)

   1 M   0.95222 0.00673 0.04069 0.00035 ( 1)
   2 F   0.73950 0.20711 0.04071 0.01269 ( 1)
   3 H   0.64655 0.30833 0.02835 0.01676 ( 1)
   4 H   0.00319 0.94106 0.00016 0.05559 ( 2)
   5 V   0.00013 0.93715 0.00001 0.06272 ( 2)
   6 A   0.70880 0.23669 0.03984 0.01467 ( 1)
   7 H   0.03278 0.91542 0.00147 0.05033 ( 2)
   8 L   0.91185 0.03576 0.05022 0.00217 ( 1)
   9 V   0.60889 0.33854 0.03223 0.02034 ( 1)
  10 G   0.89346 0.06315 0.03994 0.00345 ( 1)
  11 L   0.90678 0.04080 0.04994 0.00248 ( 1)
  12 Q   0.90482 0.03771 0.05505 0.00242 ( 1)
  13 L   0.90077 0.04516 0.05127 0.00279 ( 1)
  14 S   0.16417 0.78491 0.00751 0.04341 ( 2)
