Supplemental results for CODEML (seqf: Human_TAS1R1_breaks2_2nd_attempt.txt  treef: TAS1R1_revised_tree_following_error_message.txt)


MLEs of dN/dS (w) for site classes (K=4)

site class             0        1       2a       2b
proportion       0.72851  0.22061  0.03905  0.01182
background w     0.09997  1.00000  0.09997  1.00000
foreground w     0.09997  1.00000  5.54955  5.54955

Naive Empirical Bayes (NEB) probabilities for 4 classes
(amino acids refer to 1st sequence: 1.Tarsier)

   1 M   0.97062 0.00759 0.02160 0.00020 ( 1)
   2 F   0.65267 0.31347 0.02228 0.01158 ( 1)
   3 H   0.46107 0.51377 0.01093 0.01423 ( 2)
   4 H   0.00037 0.96619 0.00001 0.03342 ( 2)
   5 V   0.00001 0.95646 0.00000 0.04353 ( 2)
   6 A   0.61067 0.35430 0.02157 0.01346 ( 1)
   7 H   0.00603 0.96699 0.00014 0.02684 ( 2)
   8 L   0.92302 0.04362 0.03173 0.00162 ( 1)
   9 V   0.41907 0.54577 0.01462 0.02054 ( 2)
  10 G   0.87887 0.09721 0.02120 0.00272 ( 1)
  11 L   0.91655 0.05007 0.03151 0.00186 ( 1)
  12 Q   0.91333 0.04579 0.03885 0.00202 ( 1)
  13 L   0.90934 0.05558 0.03293 0.00216 ( 1)
  14 S   0.05051 0.92194 0.00126 0.02630 ( 2)
  15 I   0.57754 0.38936 0.01910 0.01400 ( 1)
  16 S   0.87706 0.09911 0.02108 0.00275 ( 1)
  17 C   0.85436 0.12091 0.02128 0.00345 ( 1)
  18 C   0.96210 0.01351 0.02401 0.00039 ( 1)
  19 W   0.66155 0.30523 0.02214 0.01108 ( 1)
  20 A   0.94880 0.01742 0.03312 0.00065 ( 1)
  21 F   0.77557 0.19865 0.01995 0.00583 ( 1)
  22 S   0.45869 0.51666 0.01068 0.01397 ( 2)
  23 C   0.96242 0.01322 0.02397 0.00038 ( 1)
  24 H   0.96031 0.01617 0.02307 0.00045 ( 1)
  25 N   0.07183 0.82209 0.04094 0.06513 ( 2)
  26 T   0.01475 0.94830 0.00053 0.03642 ( 2)
  27 E   0.81150 0.16197 0.02163 0.00489 ( 1)
  28 F   0.02969 0.80832 0.03935 0.12264 ( 2)
  29 S   0.90123 0.06297 0.03332 0.00248 ( 1)
  30 P   0.93397 0.04260 0.02225 0.00118 ( 1)
  31 D   0.90388 0.07377 0.02039 0.00195 ( 1)
  32 F   0.97160 0.00685 0.02137 0.00018 ( 1)
  33 S   0.88212 0.09476 0.02055 0.00256 ( 1)
  34 L   0.96652 0.01027 0.02292 0.00028 ( 1)
  35 P   0.76549 0.19928 0.02755 0.00768 ( 1)
  36 G   0.94517 0.02710 0.02686 0.00086 ( 1)
  37 N   0.67375 0.29250 0.02297 0.01078 ( 1)
  38 Y   0.96100 0.01403 0.02455 0.00041 ( 1)
  39 L   0.96162 0.01031 0.02774 0.00033 ( 1)
  40 L   0.91972 0.04527 0.03325 0.00175 ( 1)
  41 A   0.39924 0.55815 0.01741 0.02520 ( 2)
  42 G   0.96480 0.01160 0.02327 0.00032 ( 1)
  43 F   0.18461 0.78000 0.00635 0.02904 ( 2)
  44 F   0.97177 0.00692 0.02114 0.00018 ( 1)
  45 P   0.58314 0.38026 0.02156 0.01504 ( 1)
  46 L   0.96748 0.00932 0.02294 0.00026 ( 1)
  47 H   0.91910 0.04674 0.03240 0.00177 ( 1)
  48 G   0.12442 0.83927 0.00440 0.03191 ( 2)
  49 D   0.27643 0.68406 0.01097 0.02855 ( 2)
  50 C   0.12398 0.83851 0.00457 0.03294 ( 2)
  51 L   0.28769 0.14253 0.54078 0.02899 ( 3)
  52 Q   0.93464 0.03452 0.02964 0.00120 ( 1)
  53 V   0.95888 0.01492 0.02575 0.00046 ( 1)
  54 R   0.91389 0.04092 0.04321 0.00198 ( 1)
  55 H   0.36519 0.42327 0.17818 0.03337 ( 2)
  56 R   0.85526 0.10393 0.03623 0.00458 ( 1)
  57 P   0.94920 0.01611 0.03407 0.00062 ( 1)
  58 E   0.95675 0.01727 0.02546 0.00052 ( 1)
  59 V   0.95804 0.01575 0.02572 0.00048 ( 1)
  60 T   0.80871 0.16839 0.01842 0.00448 ( 1)
  61 L   0.93051 0.03615 0.03199 0.00135 ( 1)
  62 C   0.89394 0.07034 0.03296 0.00276 ( 1)
  63 D   0.96743 0.01047 0.02183 0.00028 ( 1)
  64 R   0.94193 0.03068 0.02643 0.00096 ( 1)
  65 T   0.00034 0.87055 0.00043 0.12868 ( 2)
  66 C   0.03226 0.80496 0.04236 0.12042 ( 2)
  67 G   0.05248 0.76761 0.06708 0.11282 ( 2)
  68 F   0.96950 0.00917 0.02109 0.00024 ( 1)
  69 N   0.93458 0.04254 0.02172 0.00115 ( 1)
  70 G   0.27305 0.70072 0.00660 0.01962 ( 2)
  71 H   0.95103 0.01929 0.02901 0.00066 ( 1)
  72 G   0.33419 0.05934 0.59494 0.01153 ( 3)
  73 Y   0.38659 0.58643 0.00988 0.01711 ( 2)
  74 H   0.35564 0.61883 0.00846 0.01707 ( 2)
  75 L   0.87018 0.10621 0.02068 0.00293 ( 1)
  76 F   0.90877 0.06967 0.01977 0.00179 ( 1)
  77 Q   0.20429 0.76272 0.00648 0.02651 ( 2)
  78 A   0.31929 0.65577 0.00723 0.01771 ( 2)
  79 M   0.39572 0.58032 0.00880 0.01516 ( 2)
  80 R   0.72272 0.24646 0.02240 0.00842 ( 1)
  81 L   0.65612 0.31206 0.02081 0.01101 ( 1)
  82 S   0.00047 0.97374 0.00001 0.02578 ( 2)
  83 I   0.17427 0.79001 0.00590 0.02982 ( 2)
  84 E   0.17991 0.79142 0.00479 0.02388 ( 2)
  85 A   0.74616 0.21959 0.02594 0.00832 ( 1)
  86 I   0.92127 0.04654 0.03052 0.00167 ( 1)
  87 N   0.96562 0.01187 0.02219 0.00032 ( 1)
  88 N   0.96562 0.01187 0.02219 0.00032 ( 1)
  89 S   0.96222 0.01427 0.02312 0.00040 ( 1)
  90 T   0.94702 0.02644 0.02573 0.00081 ( 1)
  91 V   0.46335 0.51280 0.01035 0.01349 ( 2)
  92 L   0.91411 0.05251 0.03143 0.00195 ( 1)
  93 L   0.91387 0.05275 0.03142 0.00196 ( 1)
  94 P   0.96648 0.01049 0.02275 0.00029 ( 1)
  95 N   0.76562 0.20049 0.02643 0.00746 ( 1)
  96 V   0.09832 0.87584 0.00224 0.02359 ( 2)
  97 T   0.89253 0.08489 0.02033 0.00226 ( 1)
  98 L   0.51721 0.43767 0.02418 0.02094 ( 1)
  99 G   0.95232 0.01998 0.02707 0.00064 ( 1)
 100 Y   0.18192 0.78915 0.00489 0.02404 ( 2)
 101 E   0.00330 0.96732 0.00009 0.02930 ( 2)
 102 L   0.92114 0.04550 0.03167 0.00169 ( 1)
 103 Y   0.07957 0.89212 0.00205 0.02625 ( 2)
 104 D   0.92916 0.03909 0.03035 0.00140 ( 1)
 105 V   0.95380 0.01998 0.02561 0.00061 ( 1)
 106 C   0.95646 0.01917 0.02383 0.00055 ( 1)
 107 S   0.92245 0.04838 0.02756 0.00160 ( 1)
 108 E   0.83461 0.13909 0.02211 0.00418 ( 1)
 109 S   0.89821 0.06598 0.03321 0.00260 ( 1)
 110 A   0.96829 0.00983 0.02163 0.00026 ( 1)
 111 N   0.92022 0.04594 0.03211 0.00173 ( 1)
 112 V   0.95380 0.01998 0.02561 0.00061 ( 1)
 113 Y   0.89521 0.06831 0.03375 0.00273 ( 1)
 114 A   0.96712 0.01098 0.02160 0.00029 ( 1)
 115 T   0.94720 0.02626 0.02574 0.00080 ( 1)
 116 L   0.91411 0.05251 0.03143 0.00195 ( 1)
 117 S   0.08463 0.87331 0.00358 0.03848 ( 2)
 118 V   0.80482 0.16843 0.02161 0.00514 ( 1)
 119 L   0.96487 0.01191 0.02288 0.00033 ( 1)
 120 S   0.96136 0.01511 0.02311 0.00042 ( 1)
 121 L   0.13421 0.83344 0.00383 0.02851 ( 2)
 122 P   0.40993 0.54690 0.01815 0.02501 ( 2)
 123 G   0.94985 0.02244 0.02700 0.00071 ( 1)
 124 T   0.07281 0.88375 0.00321 0.04022 ( 2)
 125 R   0.00001 0.84455 0.00001 0.15543 ( 2)
 126 H   0.96349 0.01323 0.02292 0.00036 ( 1)
 127 I   0.91851 0.04930 0.03043 0.00177 ( 1)
 128 D   0.30026 0.67149 0.00799 0.02026 ( 2)
 129 I   0.88018 0.09879 0.01854 0.00248 ( 1)
 130 Q   0.88812 0.08069 0.02837 0.00282 ( 1)
 131 G   0.43413 0.52211 0.01955 0.02421 ( 2)
 132 D   0.83591 0.14112 0.01919 0.00378 ( 1)
 133 F   0.11871 0.84391 0.00430 0.03308 ( 2)
 134 L   0.96487 0.01191 0.02288 0.00033 ( 1)
 135 H   0.00479 0.96928 0.00011 0.02582 ( 2)
 136 Y   0.89399 0.06919 0.03403 0.00279 ( 1)
 137 S   0.03189 0.83912 0.02743 0.10156 ( 2)
 138 P   0.95053 0.02613 0.02262 0.00072 ( 1)
 139 K   0.77150 0.20114 0.02115 0.00621 ( 1)
 140 I   0.68829 0.27710 0.02414 0.01047 ( 1)
 141 V   0.71900 0.25378 0.01943 0.00779 ( 1)
 142 A   0.93552 0.03067 0.03265 0.00117 ( 1)
 143 V   0.95409 0.01982 0.02549 0.00060 ( 1)
 144 I   0.52060 0.44615 0.01721 0.01604 ( 1)
 145 G   0.79368 0.17810 0.02256 0.00567 ( 1)
 146 P   0.62554 0.34846 0.01585 0.01016 ( 1)
 147 D   0.31737 0.37935 0.26358 0.03970 ( 2)
 148 S   0.00027 0.97384 0.00001 0.02588 ( 2)
 149 T   0.87965 0.09656 0.02111 0.00268 ( 1)
 150 D   0.08855 0.88570 0.00203 0.02372 ( 2)
 151 H   0.00010 0.80811 0.00023 0.19156 ( 2)
 152 A   0.61358 0.35136 0.02168 0.01338 ( 1)
 153 A   0.73372 0.24348 0.01639 0.00641 ( 1)
 154 T   0.62675 0.34968 0.01427 0.00930 ( 1)
 155 T   0.07861 0.88439 0.00284 0.03417 ( 2)
 156 A   0.93828 0.02795 0.03272 0.00105 ( 1)
 157 A   0.86647 0.11029 0.02017 0.00307 ( 1)
 158 L   0.91021 0.05639 0.03130 0.00210 ( 1)
 159 L   0.91827 0.04836 0.03157 0.00180 ( 1)
 160 S   0.85999 0.11679 0.02006 0.00316 ( 1)
 161 P   0.89855 0.06618 0.03269 0.00257 ( 1)
 162 F   0.22676 0.34972 0.36246 0.06105 ( 3)
 163 L   0.91029 0.05468 0.03291 0.00212 ( 1)
 164 V   0.34684 0.61814 0.01192 0.02310 ( 2)
 165 P   0.96618 0.01078 0.02274 0.00030 ( 1)
 166 L   0.16019 0.80436 0.00551 0.02994 ( 2)
 167 I   0.97278 0.00661 0.02044 0.00017 ( 1)
 168 S   0.96751 0.00966 0.02256 0.00026 ( 1)
 169 Y   0.93330 0.04139 0.02409 0.00122 ( 1)
 170 E   0.00340 0.96467 0.00010 0.03183 ( 2)
 171 A   0.97091 0.00721 0.02169 0.00019 ( 1)
 172 S   0.96751 0.00966 0.02256 0.00026 ( 1)
 173 S   0.96092 0.01013 0.02862 0.00034 ( 1)
 174 T   0.00028 0.86576 0.00037 0.13358 ( 2)
 175 T   0.02330 0.93359 0.00101 0.04209 ( 2)
 176 L   0.95205 0.01336 0.03408 0.00051 ( 1)
 177 S   0.38321 0.44471 0.14356 0.02852 ( 2)
 178 V   0.00034 0.69047 0.01275 0.29644 ( 2)
 179 K   0.95416 0.01909 0.02616 0.00059 ( 1)
 180 R   0.21986 0.74778 0.00681 0.02555 ( 2)
 181 Q   0.64921 0.30949 0.02762 0.01368 ( 1)
 182 Y   0.90154 0.06166 0.03431 0.00249 ( 1)
 183 P   0.96758 0.00939 0.02277 0.00026 ( 1)
 184 S   0.90940 0.05482 0.03362 0.00216 ( 1)
 185 F   0.95437 0.01340 0.03175 0.00048 ( 1)
 186 L   0.92114 0.04550 0.03167 0.00169 ( 1)
 187 R   0.96182 0.01342 0.02438 0.00039 ( 1)
 188 T   0.96925 0.00845 0.02207 0.00022 ( 1)
 189 I   0.92587 0.05328 0.01949 0.00136 ( 1)
 190 P   0.96758 0.00939 0.02277 0.00026 ( 1)
 191 S   0.30759 0.65695 0.01075 0.02471 ( 2)
 192 D   0.96966 0.00817 0.02195 0.00022 ( 1)
 193 R   0.31687 0.65350 0.00890 0.02073 ( 2)
 194 H   0.05313 0.75823 0.07148 0.11716 ( 2)
 195 Q   0.93464 0.03452 0.02964 0.00120 ( 1)
 196 V   0.95804 0.01575 0.02572 0.00048 ( 1)
 197 E   0.95763 0.01639 0.02549 0.00049 ( 1)
 198 V   0.51926 0.45676 0.01183 0.01215 ( 1)
 199 M   0.90068 0.07726 0.02004 0.00202 ( 1)
 200 V   0.95804 0.01575 0.02572 0.00048 ( 1)
 201 L   0.63788 0.32760 0.02217 0.01235 ( 1)
 202 L   0.92114 0.04550 0.03167 0.00169 ( 1)
 203 L   0.92093 0.04569 0.03168 0.00170 ( 1)
 204 Q   0.01343 0.76451 0.03220 0.18985 ( 2)
 205 R   0.27312 0.69709 0.00772 0.02208 ( 2)
 206 F   0.97197 0.00671 0.02115 0.00017 ( 1)
 207 R   0.00038 0.96874 0.00001 0.03086 ( 2)
 208 W   0.92426 0.04324 0.03093 0.00157 ( 1)
 209 V   0.43538 0.54007 0.00995 0.01459 ( 2)
 210 W   0.92426 0.04324 0.03093 0.00157 ( 1)
 211 I   0.97390 0.00550 0.02046 0.00014 ( 1)
 212 S   0.91552 0.05502 0.02761 0.00184 ( 1)
 213 L   0.92114 0.04550 0.03167 0.00169 ( 1)
 214 V   0.25651 0.71763 0.00594 0.01991 ( 2)
 215 G   0.96594 0.01047 0.02330 0.00029 ( 1)
 216 S   0.96693 0.01024 0.02256 0.00028 ( 1)
 217 Y   0.00119 0.95844 0.00005 0.04033 ( 2)
 218 G   0.77118 0.19320 0.02810 0.00752 ( 1)
 219 D   0.97015 0.00776 0.02189 0.00021 ( 1)
 220 Y   0.93330 0.04139 0.02409 0.00122 ( 1)
 221 G   0.95257 0.01973 0.02707 0.00063 ( 1)
 222 Q   0.73836 0.23479 0.01974 0.00711 ( 1)
 223 Q   0.10952 0.85421 0.00380 0.03247 ( 2)
 224 G   0.76888 0.20279 0.02186 0.00647 ( 1)
 225 V   0.95558 0.01812 0.02574 0.00055 ( 1)
 226 Q   0.31549 0.11757 0.54485 0.02209 ( 3)
 227 A   0.28011 0.15140 0.53714 0.03135 ( 3)
 228 L   0.92718 0.04441 0.02696 0.00145 ( 1)
 229 E   0.35555 0.61624 0.00947 0.01874 ( 2)
 230 N   0.00715 0.82596 0.01216 0.15473 ( 2)
 231 Q   0.70482 0.26365 0.02236 0.00917 ( 1)
 232 A   0.97091 0.00721 0.02169 0.00019 ( 1)
 233 T   0.95610 0.02131 0.02202 0.00057 ( 1)
 234 D   0.00131 0.96860 0.00004 0.03005 ( 2)
 235 Q   0.68269 0.27559 0.02942 0.01230 ( 1)
 236 G   0.34282 0.61318 0.01549 0.02850 ( 2)
 237 I   0.92492 0.05428 0.01943 0.00136 ( 1)
 238 C   0.96273 0.01292 0.02398 0.00037 ( 1)
 239 I   0.92722 0.04066 0.03066 0.00146 ( 1)
 240 A   0.91671 0.04904 0.03238 0.00186 ( 1)
 241 F   0.97197 0.00671 0.02115 0.00017 ( 1)
 242 K   0.95416 0.01909 0.02616 0.00059 ( 1)
 243 D   0.89954 0.07780 0.02056 0.00209 ( 1)
 244 I   0.40829 0.55879 0.01309 0.01982 ( 2)
 245 V   0.82618 0.14714 0.02218 0.00449 ( 1)
 246 P   0.96524 0.01173 0.02272 0.00032 ( 1)
 247 L   0.90337 0.07505 0.01965 0.00193 ( 1)
 248 S   0.58016 0.38347 0.02134 0.01504 ( 1)
 249 A   0.97091 0.00721 0.02169 0.00019 ( 1)
 250 R   0.00019 0.95519 0.00001 0.04461 ( 2)
 251 V   0.95263 0.02083 0.02589 0.00064 ( 1)
 252 G   0.93427 0.03050 0.03404 0.00119 ( 1)
 253 D   0.92489 0.04202 0.03153 0.00155 ( 1)
 254 E   0.21923 0.39240 0.32362 0.06475 ( 2)
 255 R   0.76050 0.21209 0.02086 0.00655 ( 1)
 256 M   0.97062 0.00759 0.02160 0.00020 ( 1)
 257 Q   0.70700 0.26149 0.02242 0.00909 ( 1)
 258 G   0.00413 0.96252 0.00015 0.03320 ( 2)
 259 M   0.07267 0.90192 0.00163 0.02378 ( 2)
 260 M   0.97062 0.00759 0.02160 0.00020 ( 1)
 261 N   0.00057 0.96934 0.00002 0.03007 ( 2)
 262 R   0.07906 0.89256 0.00196 0.02643 ( 2)
 263 L   0.92114 0.04550 0.03167 0.00169 ( 1)
 264 A   0.90975 0.06814 0.02032 0.00179 ( 1)
 265 R   0.02184 0.94463 0.00069 0.03283 ( 2)
 266 A   0.96946 0.00866 0.02165 0.00023 ( 1)
 267 G   0.00413 0.96468 0.00012 0.03107 ( 2)
 268 T   0.89518 0.08227 0.02036 0.00219 ( 1)
 269 T   0.81034 0.15496 0.02879 0.00591 ( 1)
 270 V   0.96786 0.00950 0.02238 0.00026 ( 1)
 271 V   0.95804 0.01575 0.02572 0.00048 ( 1)
 272 V   0.31350 0.64459 0.01290 0.02902 ( 2)
 273 V   0.91781 0.04796 0.03241 0.00182 ( 1)
 274 F   0.96151 0.01690 0.02115 0.00044 ( 1)
 275 S   0.96561 0.01089 0.02320 0.00030 ( 1)
 276 S   0.00225 0.42020 0.20416 0.37339 ( 2)
 277 R   0.04848 0.42551 0.36511 0.16090 ( 2)
 278 R   0.00025 0.96594 0.00001 0.03380 ( 2)
 279 L   0.06018 0.62933 0.14957 0.16092 ( 2)
 280 A   0.97091 0.00721 0.02169 0.00019 ( 1)
 281 R   0.35699 0.08003 0.54926 0.01371 ( 3)
 282 V   0.95804 0.01575 0.02572 0.00048 ( 1)
 283 F   0.96687 0.01156 0.02127 0.00030 ( 1)
 284 F   0.96884 0.00982 0.02109 0.00025 ( 1)
 285 E   0.95763 0.01639 0.02549 0.00049 ( 1)
 286 S   0.96066 0.01582 0.02309 0.00044 ( 1)
 287 V   0.95804 0.01575 0.02572 0.00048 ( 1)
 288 V   0.95804 0.01575 0.02572 0.00048 ( 1)
 289 L   0.92044 0.04619 0.03165 0.00172 ( 1)
 290 A   0.90899 0.06889 0.02030 0.00181 ( 1)
 291 N   0.42655 0.03965 0.52813 0.00567 ( 3)
 292 L   0.64655 0.31933 0.02223 0.01189 ( 1)
 293 T   0.91014 0.05504 0.03270 0.00212 ( 1)
 294 G   0.96594 0.01047 0.02330 0.00029 ( 1)
 295 K   0.95416 0.01909 0.02616 0.00059 ( 1)
 296 V   0.95804 0.01575 0.02572 0.00048 ( 1)
 297 W   0.92426 0.04324 0.03093 0.00157 ( 1)
 298 I   0.45273 0.52452 0.00953 0.01323 ( 2)
 299 A   0.97091 0.00721 0.02169 0.00019 ( 1)
 300 S   0.83953 0.11662 0.03837 0.00548 ( 1)
 301 E   0.88592 0.07566 0.03525 0.00316 ( 1)
 302 D   0.48428 0.49196 0.01082 0.01295 ( 2)
 303 W   0.92426 0.04324 0.03093 0.00157 ( 1)
 304 A   0.89827 0.07957 0.02006 0.00209 ( 1)
 305 I   0.90174 0.07732 0.01900 0.00194 ( 1)
 306 S   0.96561 0.01089 0.02320 0.00030 ( 1)
 307 R   0.01835 0.38571 0.27172 0.32423 ( 2)
 308 H   0.87293 0.10346 0.02076 0.00285 ( 1)
 309 I   0.97390 0.00550 0.02046 0.00014 ( 1)
 310 T   0.62433 0.34015 0.02243 0.01309 ( 1)
 311 G   0.27272 0.69547 0.00820 0.02361 ( 2)
 312 V   0.95538 0.01839 0.02567 0.00056 ( 1)
 313 P   0.94674 0.01847 0.03407 0.00071 ( 1)
 314 G   0.95078 0.02152 0.02702 0.00068 ( 1)
 315 I   0.97390 0.00550 0.02046 0.00014 ( 1)
 316 Q   0.18626 0.78069 0.00591 0.02713 ( 2)
 317 G   0.25978 0.35813 0.32989 0.05220 ( 2)
 318 I   0.94710 0.02829 0.02377 0.00083 ( 1)
 319 G   0.95017 0.02210 0.02703 0.00070 ( 1)
 320 T   0.00024 0.95693 0.00001 0.04281 ( 2)
 321 V   0.95865 0.01515 0.02574 0.00046 ( 1)
 322 L   0.92114 0.04550 0.03167 0.00169 ( 1)
 323 G   0.92648 0.03827 0.03376 0.00149 ( 1)
 324 V   0.95740 0.01609 0.02602 0.00050 ( 1)
 325 A   0.97091 0.00721 0.02169 0.00019 ( 1)
 326 I   0.97390 0.00550 0.02046 0.00014 ( 1)
 327 Q   0.93464 0.03452 0.02964 0.00120 ( 1)
 328 L   0.02162 0.80904 0.03251 0.13683 ( 2)
 329 R   0.19192 0.43539 0.29757 0.07512 ( 2)
 330 L   0.00010 0.96455 0.00000 0.03534 ( 2)
 331 V   0.90523 0.07207 0.02075 0.00195 ( 1)
 332 P   0.91710 0.04767 0.03337 0.00185 ( 1)
 333 G   0.88016 0.09593 0.02123 0.00268 ( 1)
 334 L   0.92084 0.04579 0.03166 0.00170 ( 1)
 335 K   0.81052 0.16222 0.02223 0.00503 ( 1)
 336 E   0.78507 0.18799 0.02119 0.00574 ( 1)
 337 F   0.65459 0.30816 0.02485 0.01241 ( 1)
 338 E   0.87485 0.08635 0.03516 0.00364 ( 1)
 339 E   0.93662 0.03707 0.02518 0.00113 ( 1)
 340 A   0.97091 0.00721 0.02169 0.00019 ( 1)
 341 Y   0.89309 0.07008 0.03399 0.00283 ( 1)
 342 A   0.91020 0.06769 0.02033 0.00178 ( 1)
 343 Q   0.00077 0.96421 0.00003 0.03499 ( 2)
 344 A   0.50692 0.46512 0.01368 0.01428 ( 1)
 345 D   0.97015 0.00776 0.02189 0.00021 ( 1)
 346 K   0.95416 0.01909 0.02616 0.00059 ( 1)
 347 G   0.00328 0.90435 0.00265 0.08972 ( 2)
 348 A   0.35896 0.03044 0.60494 0.00566 ( 3)
 349 P   0.03546 0.93750 0.00085 0.02619 ( 2)
 350 L   0.13442 0.83554 0.00377 0.02627 ( 2)
 351 P   0.45337 0.50953 0.01682 0.02028 ( 2)
 352 C   0.96094 0.01470 0.02394 0.00042 ( 1)
 353 P   0.00669 0.86445 0.00800 0.12086 ( 2)
 354 T   0.02869 0.93534 0.00100 0.03497 ( 2)
 355 G   0.87940 0.09669 0.02121 0.00270 ( 1)
 356 A   0.86266 0.11346 0.02073 0.00315 ( 1)
 357 W   0.67982 0.28723 0.02259 0.01036 ( 1)
 358 C   0.96273 0.01292 0.02398 0.00037 ( 1)
 359 S   0.96751 0.00966 0.02256 0.00026 ( 1)
 360 S   0.96751 0.00966 0.02256 0.00026 ( 1)
 361 N   0.91528 0.05087 0.03194 0.00191 ( 1)
 362 Q   0.93464 0.03452 0.02964 0.00120 ( 1)
 363 L   0.25036 0.28030 0.41761 0.05173 ( 3)
 364 C   0.96094 0.01470 0.02394 0.00042 ( 1)
 365 R   0.86610 0.09311 0.03669 0.00410 ( 1)
 366 E   0.06088 0.64555 0.14751 0.14607 ( 2)
 367 C   0.96061 0.01481 0.02415 0.00043 ( 1)
 368 C   0.00019 0.95728 0.00001 0.04252 ( 2)
 369 A   0.28045 0.13591 0.55495 0.02869 ( 3)
 370 F   0.97197 0.00671 0.02115 0.00017 ( 1)
 371 T   0.00003 0.70928 0.00061 0.29009 ( 2)
 372 A   0.06273 0.89363 0.00278 0.04086 ( 2)
 373 H   0.96645 0.01028 0.02299 0.00028 ( 1)
 374 T   0.00002 0.96732 0.00000 0.03266 ( 2)
 375 T   0.90093 0.07701 0.02004 0.00201 ( 1)
 376 P   0.96703 0.00988 0.02281 0.00027 ( 1)
 377 T   0.02283 0.94672 0.00064 0.02980 ( 2)
 378 L   0.94933 0.01620 0.03385 0.00062 ( 1)
 379 G   0.00006 0.81963 0.00013 0.18018 ( 2)
 380 P   0.49591 0.48032 0.01110 0.01266 ( 1)
 381 F   0.36361 0.02685 0.60461 0.00494 ( 3)
 382 S   0.96561 0.01089 0.02320 0.00030 ( 1)
 383 M   0.97062 0.00759 0.02160 0.00020 ( 1)
 384 S   0.91350 0.05224 0.03228 0.00198 ( 1)
 385 S   0.57786 0.38559 0.02136 0.01519 ( 1)
 386 A   0.97091 0.00721 0.02169 0.00019 ( 1)
 387 Y   0.96100 0.01403 0.02455 0.00041 ( 1)
 388 N   0.96836 0.00914 0.02225 0.00024 ( 1)
 389 V   0.22286 0.74812 0.00606 0.02296 ( 2)
 390 Y   0.94423 0.01940 0.03559 0.00078 ( 1)
 391 Q   0.01744 0.94916 0.00054 0.03285 ( 2)
 392 A   0.89836 0.05996 0.03899 0.00270 ( 1)
 393 V   0.95804 0.01575 0.02572 0.00048 ( 1)
 394 Y   0.93432 0.04038 0.02411 0.00119 ( 1)
 395 T   0.01346 0.79597 0.02589 0.16468 ( 2)
 396 V   0.95804 0.01575 0.02572 0.00048 ( 1)
 397 A   0.97064 0.00748 0.02168 0.00020 ( 1)
 398 H   0.91933 0.05103 0.02791 0.00173 ( 1)
 399 G   0.96594 0.01047 0.02330 0.00029 ( 1)
 400 L   0.96786 0.00894 0.02295 0.00025 ( 1)
 401 H   0.96667 0.01006 0.02299 0.00028 ( 1)
 402 Q   0.93464 0.03452 0.02964 0.00120 ( 1)
 403 L   0.96786 0.00894 0.02295 0.00025 ( 1)
 404 L   0.92114 0.04550 0.03167 0.00169 ( 1)
 405 G   0.96594 0.01047 0.02330 0.00029 ( 1)
 406 C   0.93857 0.03678 0.02360 0.00106 ( 1)
 407 A   0.89018 0.08716 0.02030 0.00236 ( 1)
 408 S   0.91489 0.04935 0.03382 0.00194 ( 1)
 409 G   0.84480 0.11197 0.03804 0.00519 ( 1)
 410 A   0.81378 0.16349 0.01839 0.00434 ( 1)
 411 C   0.90155 0.06275 0.03324 0.00247 ( 1)
 412 S   0.96561 0.01089 0.02320 0.00030 ( 1)
 413 R   0.95147 0.02117 0.02670 0.00067 ( 1)
 414 S   0.45691 0.51761 0.01102 0.01446 ( 2)
 415 Q   0.00618 0.94916 0.00028 0.04438 ( 2)
 416 V   0.97052 0.00714 0.02214 0.00019 ( 1)
 417 Y   0.34425 0.62986 0.00822 0.01767 ( 2)
 418 P   0.96698 0.00997 0.02277 0.00027 ( 1)
 419 W   0.92426 0.04324 0.03093 0.00157 ( 1)
 420 Q   0.93464 0.03452 0.02964 0.00120 ( 1)
 421 L   0.90817 0.05675 0.03288 0.00220 ( 1)
 422 L   0.91727 0.04935 0.03154 0.00184 ( 1)
 423 E   0.82783 0.14574 0.02203 0.00440 ( 1)
 424 Q   0.93464 0.03452 0.02964 0.00120 ( 1)
 425 I   0.97390 0.00550 0.02046 0.00014 ( 1)
 426 H   0.00645 0.96678 0.00015 0.02662 ( 2)
 427 K   0.95356 0.01969 0.02614 0.00061 ( 1)
 428 A   0.84142 0.13195 0.02259 0.00403 ( 1)
 429 N   0.61885 0.34654 0.02160 0.01301 ( 1)
 430 F   0.97177 0.00692 0.02114 0.00018 ( 1)
 431 L   0.90817 0.05675 0.03288 0.00220 ( 1)
 432 L   0.81954 0.13535 0.03860 0.00651 ( 1)
 433 H   0.96399 0.01228 0.02338 0.00035 ( 1)
 434 E   0.00411 0.95911 0.00014 0.03664 ( 2)
 435 D   0.97015 0.00776 0.02189 0.00021 ( 1)
 436 T   0.91766 0.04754 0.03297 0.00183 ( 1)
 437 V   0.95804 0.01575 0.02572 0.00048 ( 1)
 438 T   0.00138 0.95566 0.00006 0.04290 ( 2)
 439 F   0.65235 0.31370 0.02231 0.01163 ( 1)
 440 N   0.14546 0.81871 0.00508 0.03075 ( 2)
 441 D   0.97015 0.00776 0.02189 0.00021 ( 1)
 442 N   0.93217 0.03416 0.03239 0.00128 ( 1)
 443 G   0.13602 0.83330 0.00391 0.02677 ( 2)
 444 D   0.30031 0.67323 0.00726 0.01920 ( 2)
 445 P   0.88321 0.09339 0.02082 0.00258 ( 1)
 446 L   0.38892 0.57762 0.01271 0.02075 ( 2)
 447 S   0.91225 0.05348 0.03224 0.00203 ( 1)
 448 G   0.87128 0.10478 0.02101 0.00293 ( 1)
 449 Y   0.89309 0.07008 0.03399 0.00283 ( 1)
 450 N   0.07999 0.89422 0.00182 0.02397 ( 2)
 451 I   0.92728 0.04055 0.03072 0.00146 ( 1)
 452 I   0.92722 0.04066 0.03066 0.00146 ( 1)
 453 A   0.90888 0.06900 0.02030 0.00182 ( 1)
 454 W   0.92426 0.04324 0.03093 0.00157 ( 1)
 455 D   0.97015 0.00776 0.02189 0.00021 ( 1)
 456 W   0.92426 0.04324 0.03093 0.00157 ( 1)
 457 I   0.01528 0.94820 0.00054 0.03598 ( 2)
 458 G   0.94827 0.02402 0.02695 0.00076 ( 1)
 459 F   0.47271 0.50231 0.01117 0.01381 ( 2)
 460 K   0.82921 0.14767 0.01914 0.00398 ( 1)
 461 W   0.92426 0.04324 0.03093 0.00157 ( 1)
 462 T   0.96925 0.00845 0.02207 0.00022 ( 1)
 463 F   0.97087 0.00781 0.02112 0.00020 ( 1)
 464 T   0.94342 0.02913 0.02651 0.00094 ( 1)
 465 V   0.37936 0.59492 0.00887 0.01684 ( 2)
 466 I   0.02198 0.93899 0.00148 0.03755 ( 2)
 467 G   0.95243 0.01824 0.02872 0.00061 ( 1)
 468 S   0.95965 0.01127 0.02870 0.00037 ( 1)
 469 S   0.96561 0.01089 0.02320 0.00030 ( 1)
 470 T   0.86402 0.09411 0.03762 0.00424 ( 1)
 471 A   0.14276 0.82261 0.00478 0.02985 ( 2)
 472 S   0.56519 0.39820 0.02091 0.01570 ( 1)
 473 P   0.83714 0.12029 0.03707 0.00550 ( 1)
 474 V   0.24995 0.14384 0.57183 0.03437 ( 3)
 475 R   0.00067 0.72584 0.00517 0.26832 ( 2)
 476 L   0.86228 0.10393 0.02989 0.00390 ( 1)
 477 D   0.88130 0.09627 0.01988 0.00255 ( 1)
 478 I   0.92540 0.04243 0.03065 0.00152 ( 1)
 479 N   0.91528 0.05087 0.03194 0.00191 ( 1)
 480 E   0.82797 0.14560 0.02203 0.00440 ( 1)
 481 T   0.96923 0.00847 0.02207 0.00023 ( 1)
 482 K   0.86476 0.09539 0.03573 0.00412 ( 1)
 483 I   0.97349 0.00589 0.02048 0.00015 ( 1)
 484 Q   0.93464 0.03452 0.02964 0.00120 ( 1)
 485 W   0.92426 0.04324 0.03093 0.00157 ( 1)
 486 H   0.85106 0.11893 0.02596 0.00404 ( 1)
 487 R   0.06223 0.89353 0.00280 0.04144 ( 2)
 488 K   0.95416 0.01909 0.02616 0.00059 ( 1)
 489 D   0.90474 0.07292 0.02041 0.00193 ( 1)
 490 N   0.96860 0.00891 0.02226 0.00024 ( 1)
 491 Q   0.93464 0.03452 0.02964 0.00120 ( 1)
 492 V   0.95740 0.01609 0.02602 0.00050 ( 1)
 493 P   0.91340 0.05137 0.03323 0.00200 ( 1)
 494 Q   0.29826 0.67290 0.00814 0.02069 ( 2)
 495 S   0.90123 0.06297 0.03332 0.00248 ( 1)
 496 V   0.95804 0.01575 0.02572 0.00048 ( 1)
 497 C   0.94763 0.02775 0.02383 0.00080 ( 1)
 498 S   0.96561 0.01089 0.02320 0.00030 ( 1)
 499 S   0.95498 0.02191 0.02251 0.00060 ( 1)
 500 D   0.96963 0.00825 0.02190 0.00022 ( 1)
 501 C   0.90650 0.05780 0.03342 0.00227 ( 1)
 502 L   0.90817 0.05675 0.03288 0.00220 ( 1)
 503 E   0.48061 0.47984 0.01931 0.02024 ( 1)
 504 G   0.94743 0.02485 0.02693 0.00079 ( 1)
 505 H   0.88148 0.09471 0.02118 0.00263 ( 1)
 506 Q   0.93464 0.03452 0.02964 0.00120 ( 1)
 507 R   0.05004 0.90730 0.00215 0.04051 ( 2)
 508 V   0.95804 0.01575 0.02572 0.00048 ( 1)
 509 V   0.91931 0.04646 0.03247 0.00177 ( 1)
 510 V   0.00026 0.96921 0.00001 0.03052 ( 2)
 511 G   0.26359 0.17939 0.51928 0.03774 ( 3)
 512 S   0.91149 0.06696 0.01983 0.00172 ( 1)
 513 H   0.15143 0.73186 0.06945 0.04726 ( 2)
 514 H   0.88404 0.09238 0.02103 0.00255 ( 1)
 515 C   0.90413 0.06017 0.03334 0.00236 ( 1)
 516 C   0.96273 0.01292 0.02398 0.00037 ( 1)
 517 F   0.93335 0.03402 0.03140 0.00124 ( 1)
 518 E   0.83028 0.14330 0.02210 0.00432 ( 1)
 519 C   0.90155 0.06275 0.03324 0.00247 ( 1)
 520 V   0.94147 0.02459 0.03301 0.00093 ( 1)
 521 P   0.96450 0.01246 0.02270 0.00034 ( 1)
 522 C   0.90258 0.06269 0.03232 0.00241 ( 1)
 523 E   0.26412 0.70746 0.00704 0.02138 ( 2)
 524 S   0.58932 0.37559 0.02082 0.01427 ( 1)
 525 G   0.94983 0.02246 0.02700 0.00071 ( 1)
 526 T   0.31200 0.66325 0.00711 0.01765 ( 2)
 527 F   0.54792 0.42914 0.01192 0.01103 ( 1)
 528 L   0.42680 0.54766 0.01024 0.01531 ( 2)
 529 N   0.49468 0.48107 0.01137 0.01288 ( 1)
 530 K   0.31380 0.65731 0.00860 0.02028 ( 2)
 531 S   0.90488 0.06084 0.03198 0.00231 ( 1)
 532 D   0.96743 0.01047 0.02183 0.00028 ( 1)
 533 L   0.85879 0.11571 0.02194 0.00356 ( 1)
 534 Y   0.81974 0.15408 0.02154 0.00464 ( 1)
 535 R   0.10574 0.83696 0.00551 0.05179 ( 2)
 536 C   0.95815 0.01744 0.02391 0.00050 ( 1)
 537 Q   0.93464 0.03452 0.02964 0.00120 ( 1)
 538 P   0.58152 0.38245 0.02116 0.01488 ( 1)
 539 C   0.90155 0.06275 0.03324 0.00247 ( 1)
 540 G   0.95078 0.02152 0.02702 0.00068 ( 1)
 541 K   0.87484 0.08532 0.03615 0.00368 ( 1)
 542 E   0.87485 0.08635 0.03516 0.00364 ( 1)
 543 E   0.95744 0.01641 0.02565 0.00050 ( 1)
 544 W   0.92426 0.04324 0.03093 0.00157 ( 1)
 545 A   0.84407 0.11397 0.03681 0.00515 ( 1)
 546 P   0.91761 0.04717 0.03339 0.00184 ( 1)
 547 E   0.04730 0.92245 0.00130 0.02895 ( 2)
 548 G   0.37076 0.58540 0.01670 0.02715 ( 2)
 549 S   0.96751 0.00966 0.02256 0.00026 ( 1)
 550 Q   0.93464 0.03452 0.02964 0.00120 ( 1)
 551 T   0.43236 0.04469 0.51672 0.00623 ( 3)
 552 C   0.96273 0.01292 0.02398 0.00037 ( 1)
 553 F   0.97116 0.00751 0.02113 0.00019 ( 1)
 554 P   0.49017 0.46719 0.02147 0.02117 ( 1)
 555 R   0.95450 0.02070 0.02419 0.00060 ( 1)
 556 T   0.91891 0.04630 0.03301 0.00178 ( 1)
 557 V   0.95543 0.01836 0.02565 0.00056 ( 1)
 558 V   0.83564 0.13772 0.02244 0.00421 ( 1)
 559 F   0.15054 0.80967 0.00597 0.03382 ( 2)
 560 L   0.92062 0.04624 0.03143 0.00171 ( 1)
 561 A   0.12867 0.83448 0.00462 0.03222 ( 2)
 562 W   0.16057 0.80479 0.00539 0.02926 ( 2)
 563 H   0.14958 0.81417 0.00530 0.03095 ( 2)
 564 E   0.95763 0.01639 0.02549 0.00049 ( 1)
 565 C   0.00756 0.96454 0.00018 0.02772 ( 2)
 566 I   0.90431 0.07476 0.01905 0.00188 ( 1)
 567 S   0.90123 0.06297 0.03332 0.00248 ( 1)
 568 W   0.92426 0.04324 0.03093 0.00157 ( 1)
 569 V   0.95804 0.01575 0.02572 0.00048 ( 1)
 570 L   0.91802 0.04882 0.03135 0.00180 ( 1)
 571 L   0.92080 0.04584 0.03166 0.00171 ( 1)
 572 A   0.39729 0.56009 0.01733 0.02529 ( 2)
 573 A   0.63656 0.32847 0.02249 0.01248 ( 1)
 574 N   0.94387 0.02268 0.03260 0.00084 ( 1)
 575 T   0.76023 0.21024 0.02259 0.00694 ( 1)
 576 L   0.15727 0.80726 0.00541 0.03006 ( 2)
 577 L   0.91949 0.04714 0.03162 0.00175 ( 1)
 578 L   0.92102 0.04561 0.03167 0.00170 ( 1)
 579 V   0.64661 0.31927 0.02223 0.01189 ( 1)
 580 V   0.64568 0.32019 0.02220 0.01192 ( 1)
 581 V   0.65764 0.30827 0.02261 0.01148 ( 1)
 582 V   0.13182 0.83166 0.00466 0.03186 ( 2)
 583 G   0.95175 0.02055 0.02705 0.00065 ( 1)
 584 T   0.59434 0.37006 0.02136 0.01424 ( 1)
 585 V   0.61229 0.35268 0.02163 0.01340 ( 1)
 586 G   0.96352 0.01284 0.02327 0.00036 ( 1)
 587 L   0.92114 0.04550 0.03167 0.00169 ( 1)
 588 F   0.92346 0.04387 0.03106 0.00160 ( 1)
 589 A   0.96511 0.00752 0.02713 0.00024 ( 1)
 590 W   0.92426 0.04324 0.03093 0.00157 ( 1)
 591 H   0.96670 0.01003 0.02300 0.00028 ( 1)
 592 Q   0.33539 0.61902 0.01580 0.02980 ( 2)
 593 D   0.97015 0.00776 0.02189 0.00021 ( 1)
 594 T   0.96840 0.00930 0.02205 0.00025 ( 1)
 595 P   0.90607 0.05868 0.03297 0.00228 ( 1)
 596 V   0.95804 0.01575 0.02572 0.00048 ( 1)
 597 V   0.95745 0.01634 0.02571 0.00050 ( 1)
 598 R   0.95147 0.02117 0.02670 0.00067 ( 1)
 599 S   0.82223 0.13390 0.03758 0.00629 ( 1)
 600 A   0.89052 0.07501 0.03161 0.00286 ( 1)
 601 G   0.95078 0.02152 0.02702 0.00068 ( 1)
 602 G   0.96594 0.01047 0.02330 0.00029 ( 1)
 603 W   0.00311 0.96342 0.00010 0.03337 ( 2)
 604 L   0.92114 0.04550 0.03167 0.00169 ( 1)
 605 C   0.96257 0.01308 0.02398 0.00037 ( 1)
 606 F   0.96151 0.01690 0.02115 0.00044 ( 1)
 607 L   0.95564 0.02085 0.02292 0.00058 ( 1)
 608 M   0.97062 0.00759 0.02160 0.00020 ( 1)
 609 L   0.91829 0.04834 0.03158 0.00180 ( 1)
 610 G   0.96480 0.01160 0.02327 0.00032 ( 1)
 611 S   0.96485 0.01164 0.02318 0.00032 ( 1)
 612 L   0.92114 0.04550 0.03167 0.00169 ( 1)
 613 A   0.85889 0.09918 0.03745 0.00448 ( 1)
 614 G   0.00746 0.81847 0.01335 0.16071 ( 2)
 615 A   0.55258 0.41092 0.02035 0.01614 ( 1)
 616 S   0.96467 0.01250 0.02250 0.00034 ( 1)
 617 C   0.00684 0.96547 0.00017 0.02752 ( 2)
 618 S   0.96751 0.00966 0.02256 0.00026 ( 1)
 619 L   0.88853 0.08762 0.02138 0.00247 ( 1)
 620 Y   0.89309 0.07008 0.03399 0.00283 ( 1)
 621 G   0.96566 0.01075 0.02329 0.00030 ( 1)
 622 F   0.97152 0.00709 0.02120 0.00018 ( 1)
 623 F   0.92346 0.04387 0.03106 0.00160 ( 1)
 624 G   0.94743 0.02485 0.02693 0.00079 ( 1)
 625 E   0.94802 0.02596 0.02523 0.00078 ( 1)
 626 P   0.96613 0.01084 0.02274 0.00030 ( 1)
 627 T   0.50341 0.46272 0.01687 0.01700 ( 1)
 628 L   0.13040 0.83419 0.00446 0.03094 ( 2)
 629 P   0.36654 0.13720 0.47570 0.02056 ( 3)
 630 A   0.45932 0.49814 0.02002 0.02251 ( 2)
 631 C   0.96094 0.01470 0.02394 0.00042 ( 1)
 632 L   0.90941 0.05742 0.03105 0.00212 ( 1)
 633 L   0.92088 0.04575 0.03166 0.00170 ( 1)
 634 R   0.96194 0.01329 0.02438 0.00039 ( 1)
 635 Q   0.93122 0.03792 0.02954 0.00132 ( 1)
 636 A   0.88627 0.09152 0.01980 0.00241 ( 1)
 637 I   0.87966 0.09680 0.02086 0.00268 ( 1)
 638 F   0.92346 0.04387 0.03106 0.00160 ( 1)
 639 A   0.96971 0.00841 0.02166 0.00022 ( 1)
 640 L   0.91539 0.04955 0.03314 0.00192 ( 1)
 641 G   0.90474 0.05961 0.03332 0.00234 ( 1)
 642 F   0.95437 0.01340 0.03175 0.00048 ( 1)
 643 T   0.87515 0.10257 0.01957 0.00271 ( 1)
 644 I   0.92623 0.05298 0.01946 0.00133 ( 1)
 645 F   0.97173 0.00696 0.02114 0.00018 ( 1)
 646 L   0.92089 0.04574 0.03166 0.00170 ( 1)
 647 S   0.96546 0.01103 0.02320 0.00031 ( 1)
 648 C   0.96273 0.01292 0.02398 0.00037 ( 1)
 649 L   0.64655 0.31933 0.02223 0.01189 ( 1)
 650 T   0.84242 0.11524 0.03709 0.00524 ( 1)
 651 V   0.91470 0.05105 0.03231 0.00194 ( 1)
 652 R   0.96158 0.01365 0.02437 0.00040 ( 1)
 653 S   0.96057 0.01591 0.02308 0.00044 ( 1)
 654 F   0.97197 0.00671 0.02115 0.00017 ( 1)
 655 Q   0.85518 0.10358 0.03663 0.00461 ( 1)
 656 L   0.88465 0.08164 0.03064 0.00306 ( 1)
 657 V   0.89521 0.08217 0.02040 0.00221 ( 1)
 658 I   0.97390 0.00550 0.02046 0.00014 ( 1)
 659 I   0.97320 0.00620 0.02045 0.00016 ( 1)
 660 F   0.97197 0.00671 0.02115 0.00017 ( 1)
 661 K   0.95416 0.01909 0.02616 0.00059 ( 1)
 662 F   0.92346 0.04387 0.03106 0.00160 ( 1)
 663 S   0.96480 0.01168 0.02320 0.00032 ( 1)
 664 T   0.52108 0.45495 0.01187 0.01211 ( 1)
 665 K   0.95271 0.02054 0.02612 0.00063 ( 1)
 666 V   0.07866 0.87775 0.00347 0.04012 ( 2)
 667 P   0.95362 0.02305 0.02269 0.00064 ( 1)
 668 T   0.11591 0.82670 0.00869 0.04870 ( 2)
 669 F   0.97197 0.00671 0.02115 0.00017 ( 1)
 670 Y   0.38871 0.58406 0.00995 0.01729 ( 2)
 671 H   0.15189 0.81020 0.00568 0.03223 ( 2)
 672 T   0.54395 0.43252 0.01215 0.01138 ( 1)
 673 W   0.92426 0.04324 0.03093 0.00157 ( 1)
 674 V   0.96941 0.00825 0.02212 0.00022 ( 1)
 675 Q   0.85068 0.10808 0.03644 0.00481 ( 1)
 676 N   0.96860 0.00891 0.02226 0.00024 ( 1)
 677 H   0.96201 0.01399 0.02360 0.00040 ( 1)
 678 G   0.90289 0.06145 0.03325 0.00241 ( 1)
 679 A   0.92467 0.04110 0.03267 0.00156 ( 1)
 680 A   0.05567 0.91736 0.00134 0.02562 ( 2)
 681 L   0.92114 0.04550 0.03167 0.00169 ( 1)
 682 F   0.92346 0.04387 0.03106 0.00160 ( 1)
 683 I   0.62790 0.34471 0.01686 0.01053 ( 1)
 684 M   0.35748 0.60792 0.01216 0.02244 ( 2)
 685 I   0.96767 0.00574 0.02641 0.00018 ( 1)
 686 S   0.88741 0.08954 0.02063 0.00242 ( 1)
 687 S   0.82223 0.13390 0.03758 0.00629 ( 1)
 688 M   0.00535 0.96911 0.00012 0.02542 ( 2)
 689 A   0.06328 0.91072 0.00146 0.02454 ( 2)
 690 Q   0.93464 0.03452 0.02964 0.00120 ( 1)
 691 L   0.91779 0.04884 0.03156 0.00182 ( 1)
 692 L   0.91232 0.05261 0.03303 0.00204 ( 1)
 693 I   0.97390 0.00550 0.02046 0.00014 ( 1)
 694 C   0.90216 0.06213 0.03326 0.00244 ( 1)
 695 L   0.81954 0.13535 0.03860 0.00651 ( 1)
 696 T   0.92797 0.04791 0.02276 0.00136 ( 1)
 697 W   0.92426 0.04324 0.03093 0.00157 ( 1)
 698 L   0.91322 0.05176 0.03302 0.00200 ( 1)
 699 A   0.30705 0.66468 0.00817 0.02010 ( 2)
 700 V   0.83601 0.13735 0.02245 0.00419 ( 1)
 701 W   0.92426 0.04324 0.03093 0.00157 ( 1)
 702 T   0.96672 0.01072 0.02228 0.00029 ( 1)
 703 P   0.83714 0.12029 0.03707 0.00550 ( 1)
 704 L   0.92114 0.04550 0.03167 0.00169 ( 1)
 705 P   0.96604 0.01093 0.02274 0.00030 ( 1)
 706 T   0.80061 0.17621 0.01844 0.00473 ( 1)
 707 R   0.91847 0.04119 0.03854 0.00180 ( 1)
 708 E   0.87485 0.08635 0.03516 0.00364 ( 1)
 709 Y   0.95916 0.01587 0.02451 0.00046 ( 1)
 710 Q   0.17189 0.66216 0.10515 0.06081 ( 2)
 711 R   0.96198 0.01325 0.02438 0.00038 ( 1)
 712 F   0.97116 0.00751 0.02113 0.00019 ( 1)
 713 P   0.96613 0.01084 0.02274 0.00030 ( 1)
 714 Q   0.67800 0.29033 0.02156 0.01011 ( 1)
 715 L   0.92114 0.04550 0.03167 0.00169 ( 1)
 716 V   0.95543 0.01836 0.02565 0.00056 ( 1)
 717 V   0.49189 0.48450 0.01094 0.01266 ( 1)
 718 L   0.90817 0.05675 0.03288 0.00220 ( 1)
 719 E   0.81338 0.16014 0.02165 0.00483 ( 1)
 720 C   0.96273 0.01292 0.02398 0.00037 ( 1)
 721 T   0.83972 0.11794 0.03697 0.00537 ( 1)
 722 E   0.95763 0.01639 0.02549 0.00049 ( 1)
 723 T   0.00054 0.91120 0.00043 0.08783 ( 2)
 724 N   0.83865 0.12120 0.03490 0.00525 ( 1)
 725 S   0.92491 0.03198 0.04163 0.00148 ( 1)
 726 L   0.92114 0.04550 0.03167 0.00169 ( 1)
 727 G   0.96594 0.01047 0.02330 0.00029 ( 1)
 728 F   0.97197 0.00671 0.02115 0.00017 ( 1)
 729 M   0.26850 0.70206 0.00729 0.02216 ( 2)
 730 L   0.92089 0.04575 0.03166 0.00170 ( 1)
 731 A   0.97091 0.00721 0.02169 0.00019 ( 1)
 732 F   0.95798 0.01002 0.03164 0.00036 ( 1)
 733 G   0.00073 0.96708 0.00002 0.03216 ( 2)
 734 Y   0.96100 0.01403 0.02455 0.00041 ( 1)
 735 N   0.91528 0.05087 0.03194 0.00191 ( 1)
 736 G   0.86770 0.10835 0.02093 0.00303 ( 1)
 737 L   0.96599 0.01055 0.02317 0.00029 ( 1)
 738 L   0.96699 0.00981 0.02293 0.00027 ( 1)
 739 S   0.95375 0.01747 0.02821 0.00057 ( 1)
 740 V   0.08450 0.88962 0.00193 0.02395 ( 2)
 741 S   0.95788 0.01903 0.02257 0.00052 ( 1)
 742 A   0.97002 0.00810 0.02167 0.00021 ( 1)
 743 F   0.92346 0.04387 0.03106 0.00160 ( 1)
 744 A   0.96921 0.00890 0.02165 0.00023 ( 1)
 745 C   0.96145 0.01419 0.02395 0.00041 ( 1)
 746 S   0.88685 0.09003 0.02068 0.00244 ( 1)
 747 Y   0.96100 0.01403 0.02455 0.00041 ( 1)
 748 L   0.64672 0.31916 0.02224 0.01188 ( 1)
 749 G   0.96559 0.01081 0.02329 0.00030 ( 1)
 750 K   0.95271 0.02054 0.02612 0.00063 ( 1)
 751 D   0.97015 0.00776 0.02189 0.00021 ( 1)
 752 L   0.91985 0.04678 0.03163 0.00174 ( 1)
 753 P   0.83714 0.12029 0.03707 0.00550 ( 1)
 754 E   0.95763 0.01639 0.02549 0.00049 ( 1)
 755 N   0.96860 0.00891 0.02226 0.00024 ( 1)
 756 Y   0.93021 0.03339 0.03507 0.00134 ( 1)
 757 N   0.88495 0.09225 0.02033 0.00247 ( 1)
 758 E   0.95763 0.01639 0.02549 0.00049 ( 1)
 759 A   0.96511 0.00752 0.02713 0.00024 ( 1)
 760 K   0.86476 0.09539 0.03573 0.00412 ( 1)
 761 C   0.90155 0.06275 0.03324 0.00247 ( 1)
 762 V   0.97052 0.00714 0.02214 0.00019 ( 1)
 763 T   0.96692 0.01077 0.02202 0.00029 ( 1)
 764 F   0.96884 0.00982 0.02109 0.00025 ( 1)
 765 G   0.46198 0.51332 0.01078 0.01392 ( 2)
 766 L   0.91753 0.04547 0.03512 0.00188 ( 1)
 767 L   0.96786 0.00894 0.02295 0.00025 ( 1)
 768 L   0.89039 0.08614 0.02109 0.00238 ( 1)
 769 N   0.86902 0.10812 0.01997 0.00290 ( 1)
 770 F   0.97116 0.00751 0.02113 0.00019 ( 1)
 771 V   0.37303 0.59877 0.00998 0.01822 ( 2)
 772 S   0.96561 0.01089 0.02320 0.00030 ( 1)
 773 W   0.92426 0.04324 0.03093 0.00157 ( 1)
 774 I   0.97390 0.00550 0.02046 0.00014 ( 1)
 775 A   0.25904 0.21579 0.48124 0.04393 ( 3)
 776 F   0.91081 0.06738 0.02005 0.00176 ( 1)
 777 F   0.96543 0.00698 0.02736 0.00022 ( 1)
 778 T   0.96903 0.00867 0.02207 0.00023 ( 1)
 779 V   0.03748 0.93232 0.00102 0.02918 ( 2)
 780 A   0.97009 0.00803 0.02167 0.00021 ( 1)
 781 S   0.35369 0.03903 0.59998 0.00730 ( 3)
 782 V   0.90940 0.06802 0.02075 0.00183 ( 1)
 783 Y   0.35743 0.05639 0.57604 0.01014 ( 3)
 784 Q   0.31850 0.64910 0.01001 0.02239 ( 2)
 785 G   0.87570 0.09949 0.02190 0.00291 ( 1)
 786 K   0.95416 0.01909 0.02616 0.00059 ( 1)
 787 Y   0.95867 0.01613 0.02473 0.00047 ( 1)
 788 L   0.64651 0.31937 0.02223 0.01189 ( 1)
 789 P   0.41704 0.04618 0.53003 0.00675 ( 3)
 790 A   0.79125 0.18217 0.02107 0.00551 ( 1)
 791 V   0.88667 0.09066 0.02023 0.00244 ( 1)
 792 N   0.94973 0.01683 0.03281 0.00063 ( 1)
 793 V   0.40198 0.56822 0.01093 0.01887 ( 2)
 794 L   0.69025 0.27575 0.02373 0.01027 ( 1)
 795 A   0.95869 0.01913 0.02167 0.00051 ( 1)
 796 V   0.00206 0.83277 0.00365 0.16152 ( 2)
 797 L   0.68567 0.28030 0.02359 0.01044 ( 1)
 798 S   0.96751 0.00966 0.02256 0.00026 ( 1)
 799 S   0.96751 0.00966 0.02256 0.00026 ( 1)
 800 L   0.92106 0.04557 0.03167 0.00170 ( 1)
 801 S   0.88766 0.08922 0.02070 0.00242 ( 1)
 802 S   0.96515 0.01202 0.02251 0.00033 ( 1)
 803 G   0.96594 0.01047 0.02330 0.00029 ( 1)
 804 F   0.97197 0.00671 0.02115 0.00017 ( 1)
 805 S   0.79655 0.16921 0.02787 0.00637 ( 1)
 806 G   0.95837 0.01791 0.02322 0.00050 ( 1)
 807 Y   0.89309 0.07008 0.03399 0.00283 ( 1)
 808 F   0.96151 0.01690 0.02115 0.00044 ( 1)
 809 L   0.95693 0.01960 0.02292 0.00055 ( 1)
 810 P   0.96642 0.01055 0.02274 0.00029 ( 1)
 811 K   0.95218 0.02107 0.02610 0.00065 ( 1)
 812 C   0.96273 0.01292 0.02398 0.00037 ( 1)
 813 Y   0.91771 0.04586 0.03460 0.00184 ( 1)
 814 V   0.95335 0.02043 0.02560 0.00062 ( 1)
 815 I   0.97390 0.00550 0.02046 0.00014 ( 1)
 816 V   0.87468 0.10168 0.02081 0.00282 ( 1)
 817 C   0.85967 0.11561 0.02142 0.00330 ( 1)
 818 R   0.95888 0.01634 0.02430 0.00047 ( 1)
 819 P   0.43833 0.51853 0.01941 0.02373 ( 2)
 820 D   0.94838 0.01895 0.03198 0.00069 ( 1)
 821 L   0.96197 0.01459 0.02304 0.00041 ( 1)
 822 N   0.96762 0.00988 0.02223 0.00026 ( 1)
 823 S   0.88694 0.08925 0.02131 0.00250 ( 1)
 824 T   0.85430 0.10338 0.03762 0.00470 ( 1)
 825 E   0.95763 0.01639 0.02549 0.00049 ( 1)
 826 H   0.96670 0.01003 0.02300 0.00028 ( 1)
 827 F   0.97087 0.00781 0.02112 0.00020 ( 1)
 828 Q   0.93464 0.03452 0.02964 0.00120 ( 1)
 829 A   0.97081 0.00731 0.02168 0.00019 ( 1)
 830 S   0.96561 0.01089 0.02320 0.00030 ( 1)
 831 I   0.96431 0.01481 0.02051 0.00037 ( 1)
 832 Q   0.93464 0.03452 0.02964 0.00120 ( 1)
 833 D   0.90290 0.07475 0.02037 0.00198 ( 1)
 834 Y   0.96100 0.01403 0.02455 0.00041 ( 1)
 835 T   0.95306 0.02042 0.02590 0.00063 ( 1)
 836 R   0.95147 0.02117 0.02670 0.00067 ( 1)
 837 R   0.85735 0.11755 0.02170 0.00341 ( 1)
 838 W   0.01372 0.85070 0.01892 0.11665 ( 2)
 839 G   0.00715 0.13168 0.72050 0.14067 ( 3)
 840 S   0.84005 0.13590 0.02022 0.00382 ( 1)
 841 T   0.96489 0.01280 0.02197 0.00034 ( 1)


lnL = -10653.273679

Bayes Empirical Bayes (BEB) probabilities for 4 classes (class)
(amino acids refer to 1st sequence: 1.Tarsier)

   1 M   0.95307 0.00674 0.03986 0.00033 ( 1)
   2 F   0.74764 0.19818 0.04211 0.01207 ( 1)
   3 H   0.66045 0.29594 0.02864 0.01496 ( 1)
   4 H   0.00327 0.94188 0.00017 0.05468 ( 2)
   5 V   0.00013 0.93433 0.00001 0.06553 ( 2)
   6 A   0.71769 0.22680 0.04144 0.01407 ( 1)
   7 H   0.03351 0.91879 0.00145 0.04624 ( 2)
   8 L   0.91103 0.03523 0.05159 0.00215 ( 1)
   9 V   0.62181 0.32276 0.03553 0.01990 ( 1)
  10 G   0.89744 0.05991 0.03959 0.00306 ( 1)
  11 L   0.90607 0.04016 0.05132 0.00245 ( 1)
  12 Q   0.90095 0.03681 0.05971 0.00253 ( 1)
  13 L   0.89994 0.04433 0.05295 0.00278 ( 1)
  14 S   0.16848 0.78375 0.00755 0.04022 ( 2)
