Supplemental results for CODEML (seqf: Human_TAS1R3_orthologues_DNA_aligned.txt  treef: TAS1R3_revised_tree_following_error_message.txt)


MLEs of dN/dS (w) for site classes (K=4)

site class             0        1       2a       2b
proportion       0.80631  0.15648  0.03116  0.00605
background w     0.10150  1.00000  0.10150  1.00000
foreground w     0.10150  1.00000  1.00000  1.00000

Naive Empirical Bayes (NEB) probabilities for 4 classes
(amino acids refer to 1st sequence: 1.Bushbaby)

   1 -   0.81735 0.14544 0.03159 0.00562 ( 1)
   2 -   0.81454 0.14825 0.03148 0.00573 ( 1)
   3 -   0.81761 0.14518 0.03160 0.00561 ( 1)
   4 -   0.81695 0.14584 0.03157 0.00564 ( 1)
   5 -   0.81475 0.14804 0.03149 0.00572 ( 1)
   6 -   0.80773 0.15506 0.03122 0.00599 ( 1)
   7 -   0.81780 0.14499 0.03161 0.00560 ( 1)
   8 -   0.81650 0.14629 0.03156 0.00565 ( 1)
   9 -   0.81087 0.15192 0.03134 0.00587 ( 1)
  10 -   0.34497 0.61782 0.01333 0.02388 ( 2)
  11 -   0.81595 0.14684 0.03153 0.00568 ( 1)
  12 -   0.81311 0.14968 0.03143 0.00578 ( 1)
  13 -   0.81311 0.14968 0.03143 0.00578 ( 1)
  14 -   0.80836 0.15443 0.03124 0.00597 ( 1)
  15 -   0.81649 0.14630 0.03156 0.00565 ( 1)
  16 -   0.81780 0.14499 0.03161 0.00560 ( 1)
  17 -   0.80795 0.15484 0.03123 0.00598 ( 1)
  18 -   0.81780 0.14499 0.03161 0.00560 ( 1)
  19 M   0.96303 0.00017 0.03680 0.00001 ( 1)
  20 P   0.86348 0.09954 0.03314 0.00385 ( 1)
  21 G   0.09842 0.86440 0.00377 0.03341 ( 2)
  22 P   0.25683 0.70598 0.00991 0.02728 ( 2)
  23 A   0.62602 0.33681 0.02415 0.01302 ( 1)
  24 V   0.96287 0.00033 0.03678 0.00001 ( 1)
  25 L   0.95940 0.00364 0.03682 0.00014 ( 1)
  26 G   0.96271 0.00045 0.03682 0.00002 ( 1)
  27 F   0.90471 0.05842 0.03462 0.00226 ( 1)
  28 S   0.96283 0.00032 0.03683 0.00001 ( 1)
  29 L   0.96282 0.00037 0.03679 0.00001 ( 1)
  30 A   0.67563 0.28733 0.02594 0.01110 ( 1)
  31 T   0.18842 0.77439 0.00727 0.02993 ( 2)
  32 L   0.66138 0.30169 0.02527 0.01166 ( 1)
  33 L   0.95777 0.00527 0.03676 0.00020 ( 1)
  34 G   0.07690 0.88592 0.00294 0.03424 ( 2)
  35 F   0.00204 0.96075 0.00008 0.03713 ( 2)
  36 G   0.85450 0.10858 0.03272 0.00420 ( 1)
  37 T   0.31423 0.64857 0.01213 0.02507 ( 2)
  38 G   0.96229 0.00083 0.03685 0.00003 ( 1)
  39 A   0.93713 0.02607 0.03579 0.00101 ( 1)
  40 P   0.92726 0.03558 0.03579 0.00138 ( 1)
  41 L   0.90364 0.05930 0.03476 0.00229 ( 1)
  42 C   0.96277 0.00038 0.03684 0.00001 ( 1)
  43 L   0.95970 0.00334 0.03683 0.00013 ( 1)
  44 S   0.89494 0.06789 0.03455 0.00262 ( 1)
  45 Q   0.60613 0.35684 0.02324 0.01379 ( 1)
  46 Q   0.94914 0.01372 0.03662 0.00053 ( 1)
  47 L   0.95493 0.00792 0.03684 0.00031 ( 1)
  48 R   0.83941 0.12364 0.03217 0.00478 ( 1)
  49 M   0.96303 0.00017 0.03680 0.00001 ( 1)
  50 P   0.02595 0.93684 0.00100 0.03621 ( 2)
  51 G   0.96229 0.00083 0.03685 0.00003 ( 1)
  52 N   0.96035 0.00284 0.03670 0.00011 ( 1)
  53 Y   0.96144 0.00168 0.03682 0.00006 ( 1)
  54 V   0.09615 0.86667 0.00368 0.03350 ( 2)
  55 L   0.95878 0.00426 0.03680 0.00016 ( 1)
  56 G   0.96089 0.00222 0.03680 0.00009 ( 1)
  57 G   0.96229 0.00083 0.03685 0.00003 ( 1)
  58 L   0.96116 0.00166 0.03711 0.00006 ( 1)
  59 F   0.96309 0.00012 0.03678 0.00000 ( 1)
  60 P   0.96299 0.00022 0.03678 0.00001 ( 1)
  61 L   0.94317 0.01965 0.03642 0.00076 ( 1)
  62 G   0.93438 0.02847 0.03605 0.00110 ( 1)
  63 A   0.67310 0.28994 0.02576 0.01121 ( 1)
  64 A   0.96293 0.00029 0.03677 0.00001 ( 1)
  65 E   0.89412 0.06900 0.03422 0.00267 ( 1)
  66 E   0.95721 0.00593 0.03663 0.00023 ( 1)
  67 A   0.89954 0.06332 0.03470 0.00245 ( 1)
  68 G   0.87454 0.08859 0.03345 0.00342 ( 1)
  69 L   0.92566 0.03752 0.03537 0.00145 ( 1)
  70 R   0.82630 0.13681 0.03160 0.00529 ( 1)
  71 T   0.89127 0.07185 0.03410 0.00278 ( 1)
  72 R   0.96172 0.00138 0.03685 0.00005 ( 1)
  73 T   0.64554 0.31728 0.02492 0.01226 ( 1)
  74 Q   0.82698 0.13607 0.03169 0.00526 ( 1)
  75 P   0.96300 0.00021 0.03678 0.00001 ( 1)
  76 S   0.90522 0.05791 0.03463 0.00224 ( 1)
  77 S   0.95997 0.00318 0.03672 0.00012 ( 1)
  78 P   0.92441 0.03878 0.03531 0.00150 ( 1)
  79 V   0.95652 0.00663 0.03659 0.00026 ( 1)
  80 C   0.96277 0.00038 0.03684 0.00001 ( 1)
  81 N   0.92098 0.04217 0.03522 0.00163 ( 1)
  82 -   0.80631 0.15648 0.03116 0.00605 ( 1)
  83 -   0.80631 0.15648 0.03116 0.00605 ( 1)
  84 -   0.80631 0.15648 0.03116 0.00605 ( 1)
  85 -   0.80631 0.15648 0.03116 0.00605 ( 1)
  86 -   0.80631 0.15648 0.03116 0.00605 ( 1)
  87 -   0.80631 0.15648 0.03116 0.00605 ( 1)
  88 -   0.80631 0.15648 0.03116 0.00605 ( 1)
  89 -   0.80631 0.15648 0.03116 0.00605 ( 1)
  90 -   0.80631 0.15648 0.03116 0.00605 ( 1)
  91 -   0.80631 0.15648 0.03116 0.00605 ( 1)
  92 R   0.96215 0.00094 0.03687 0.00004 ( 1)
  93 F   0.96302 0.00020 0.03677 0.00001 ( 1)
  94 S   0.96019 0.00297 0.03673 0.00011 ( 1)
  95 P   0.49253 0.47042 0.01887 0.01818 ( 1)
  96 L   0.17692 0.78588 0.00682 0.03037 ( 2)
  97 G   0.96270 0.00046 0.03682 0.00002 ( 1)
  98 L   0.95970 0.00334 0.03683 0.00013 ( 1)
  99 L   0.96261 0.00043 0.03694 0.00002 ( 1)
 100 W   0.96061 0.00242 0.03687 0.00009 ( 1)
 101 A   0.95588 0.00696 0.03689 0.00027 ( 1)
 102 L   0.95970 0.00334 0.03683 0.00013 ( 1)
 103 A   0.90201 0.06118 0.03445 0.00236 ( 1)
 104 M   0.95992 0.00328 0.03668 0.00013 ( 1)
 105 K   0.94966 0.01342 0.03639 0.00052 ( 1)
 106 M   0.96303 0.00017 0.03680 0.00001 ( 1)
 107 A   0.96267 0.00054 0.03676 0.00002 ( 1)
 108 V   0.96243 0.00073 0.03682 0.00003 ( 1)
 109 E   0.96261 0.00053 0.03684 0.00002 ( 1)
 110 E   0.96256 0.00058 0.03684 0.00002 ( 1)
 111 I   0.96311 0.00012 0.03677 0.00000 ( 1)
 112 N   0.96277 0.00037 0.03684 0.00001 ( 1)
 113 N   0.96257 0.00057 0.03683 0.00002 ( 1)
 114 G   0.03983 0.92297 0.00153 0.03567 ( 2)
 115 S   0.94857 0.01453 0.03635 0.00056 ( 1)
 116 T   0.57119 0.39184 0.02183 0.01514 ( 1)
 117 L   0.95970 0.00334 0.03683 0.00013 ( 1)
 118 L   0.95970 0.00334 0.03683 0.00013 ( 1)
 119 P   0.96254 0.00062 0.03682 0.00002 ( 1)
 120 G   0.96235 0.00077 0.03685 0.00003 ( 1)
 121 L   0.95970 0.00334 0.03683 0.00013 ( 1)
 122 Q   0.48211 0.48086 0.01844 0.01858 ( 1)
 123 L   0.95517 0.00766 0.03688 0.00030 ( 1)
 124 G   0.96271 0.00045 0.03682 0.00002 ( 1)
 125 Y   0.95480 0.00838 0.03650 0.00032 ( 1)
 126 D   0.96253 0.00066 0.03678 0.00003 ( 1)
 127 L   0.96282 0.00037 0.03679 0.00001 ( 1)
 128 F   0.95772 0.00549 0.03657 0.00021 ( 1)
 129 D   0.96099 0.00188 0.03705 0.00007 ( 1)
 130 T   0.96256 0.00056 0.03686 0.00002 ( 1)
 131 C   0.96277 0.00038 0.03684 0.00001 ( 1)
 132 S   0.96008 0.00302 0.03679 0.00012 ( 1)
 133 E   0.96261 0.00053 0.03684 0.00002 ( 1)
 134 P   0.62527 0.33756 0.02412 0.01305 ( 1)
 135 V   0.90214 0.06099 0.03451 0.00236 ( 1)
 136 V   0.96261 0.00054 0.03683 0.00002 ( 1)
 137 A   0.96064 0.00258 0.03669 0.00010 ( 1)
 138 M   0.96303 0.00017 0.03680 0.00001 ( 1)
 139 K   0.96216 0.00093 0.03687 0.00004 ( 1)
 140 P   0.96300 0.00021 0.03678 0.00001 ( 1)
 141 S   0.96184 0.00102 0.03710 0.00004 ( 1)
 142 L   0.96246 0.00074 0.03678 0.00003 ( 1)
 143 M   0.96150 0.00169 0.03674 0.00007 ( 1)
 144 F   0.96302 0.00020 0.03677 0.00001 ( 1)
 145 L   0.95970 0.00334 0.03683 0.00013 ( 1)
 146 A   0.96302 0.00020 0.03678 0.00001 ( 1)
 147 K   0.87605 0.08702 0.03357 0.00336 ( 1)
 148 A   0.00103 0.96176 0.00004 0.03717 ( 2)
 149 G   0.59728 0.36576 0.02283 0.01414 ( 1)
 150 S   0.96283 0.00032 0.03683 0.00001 ( 1)
 151 C   0.13213 0.83071 0.00505 0.03211 ( 2)
 152 S   0.25361 0.70928 0.00969 0.02741 ( 2)
 153 I   0.95914 0.00373 0.03698 0.00014 ( 1)
 154 A   0.96270 0.00051 0.03676 0.00002 ( 1)
 155 A   0.96303 0.00019 0.03678 0.00001 ( 1)
 156 Y   0.96252 0.00060 0.03686 0.00002 ( 1)
 157 C   0.96256 0.00058 0.03683 0.00002 ( 1)
 158 D   0.95903 0.00411 0.03670 0.00016 ( 1)
 159 Y   0.96228 0.00084 0.03685 0.00003 ( 1)
 160 A   0.94903 0.01408 0.03634 0.00054 ( 1)
 161 R   0.74772 0.21529 0.02867 0.00832 ( 1)
 162 Y   0.96257 0.00055 0.03686 0.00002 ( 1)
 163 Q   0.94154 0.02153 0.03611 0.00083 ( 1)
 164 P   0.96205 0.00116 0.03675 0.00004 ( 1)
 165 R   0.95583 0.00732 0.03657 0.00028 ( 1)
 166 V   0.96255 0.00060 0.03682 0.00002 ( 1)
 167 L   0.95915 0.00389 0.03681 0.00015 ( 1)
 168 A   0.95485 0.00836 0.03646 0.00032 ( 1)
 169 V   0.96287 0.00033 0.03678 0.00001 ( 1)
 170 I   0.96310 0.00012 0.03677 0.00000 ( 1)
 171 G   0.96221 0.00091 0.03685 0.00004 ( 1)
 172 P   0.96300 0.00021 0.03678 0.00001 ( 1)
 173 H   0.96291 0.00027 0.03681 0.00001 ( 1)
 174 S   0.96187 0.00123 0.03685 0.00005 ( 1)
 175 S   0.95026 0.01257 0.03669 0.00049 ( 1)
 176 E   0.96261 0.00053 0.03684 0.00002 ( 1)
 177 L   0.96269 0.00051 0.03679 0.00002 ( 1)
 178 A   0.96303 0.00019 0.03678 0.00001 ( 1)
 179 L   0.73986 0.22321 0.02830 0.00863 ( 1)
 180 I   0.96036 0.00284 0.03669 0.00011 ( 1)
 181 T   0.96268 0.00048 0.03682 0.00002 ( 1)
 182 G   0.96250 0.00066 0.03681 0.00003 ( 1)
 183 K   0.96216 0.00093 0.03687 0.00004 ( 1)
 184 F   0.96309 0.00012 0.03678 0.00000 ( 1)
 185 F   0.96298 0.00024 0.03677 0.00001 ( 1)
 186 G   0.84526 0.11785 0.03233 0.00455 ( 1)
 187 F   0.96309 0.00012 0.03678 0.00000 ( 1)
 188 F   0.96309 0.00012 0.03678 0.00000 ( 1)
 189 L   0.96282 0.00037 0.03679 0.00001 ( 1)
 190 M   0.96145 0.00175 0.03674 0.00007 ( 1)
 191 P   0.96280 0.00041 0.03678 0.00002 ( 1)
 192 Q   0.96156 0.00151 0.03687 0.00006 ( 1)
 193 V   0.96287 0.00033 0.03678 0.00001 ( 1)
 194 S   0.96283 0.00032 0.03683 0.00001 ( 1)
 195 Y   0.94325 0.01959 0.03640 0.00076 ( 1)
 196 G   0.95740 0.00575 0.03662 0.00022 ( 1)
 197 A   0.95664 0.00622 0.03690 0.00024 ( 1)
 198 S   0.95987 0.00315 0.03686 0.00012 ( 1)
 199 M   0.96303 0.00017 0.03680 0.00001 ( 1)
 200 D   0.95738 0.00576 0.03664 0.00022 ( 1)
 201 G   0.68203 0.28094 0.02618 0.01086 ( 1)
 202 L   0.96160 0.00144 0.03691 0.00006 ( 1)
 203 S   0.96250 0.00065 0.03682 0.00003 ( 1)
 204 I   0.93283 0.03038 0.03562 0.00117 ( 1)
 205 R   0.96188 0.00122 0.03686 0.00005 ( 1)
 206 E   0.96261 0.00053 0.03684 0.00002 ( 1)
 207 T   0.96289 0.00027 0.03683 0.00001 ( 1)
 208 F   0.96309 0.00012 0.03678 0.00000 ( 1)
 209 P   0.96300 0.00021 0.03678 0.00001 ( 1)
 210 S   0.96284 0.00031 0.03683 0.00001 ( 1)
 211 F   0.96309 0.00012 0.03678 0.00000 ( 1)
 212 F   0.96309 0.00012 0.03678 0.00000 ( 1)
 213 R   0.96266 0.00050 0.03683 0.00002 ( 1)
 214 T   0.95442 0.00841 0.03684 0.00033 ( 1)
 215 V   0.96254 0.00061 0.03682 0.00002 ( 1)
 216 P   0.96300 0.00021 0.03678 0.00001 ( 1)
 217 S   0.96107 0.00208 0.03677 0.00008 ( 1)
 218 D   0.96294 0.00025 0.03680 0.00001 ( 1)
 219 R   0.95687 0.00597 0.03692 0.00023 ( 1)
 220 T   0.87908 0.08404 0.03363 0.00325 ( 1)
 221 Q   0.96156 0.00151 0.03687 0.00006 ( 1)
 222 L   0.95970 0.00334 0.03683 0.00013 ( 1)
 223 L   0.00049 0.96230 0.00002 0.03719 ( 2)
 224 A   0.96258 0.00063 0.03676 0.00002 ( 1)
 225 V   0.04673 0.91608 0.00178 0.03540 ( 2)
 226 M   0.52138 0.44162 0.01994 0.01707 ( 1)
 227 K   0.94818 0.01495 0.03629 0.00058 ( 1)
 228 L   0.95970 0.00334 0.03683 0.00013 ( 1)
 229 L   0.95878 0.00426 0.03680 0.00016 ( 1)
 230 Q   0.94040 0.02266 0.03606 0.00088 ( 1)
 231 E   0.46951 0.49344 0.01797 0.01907 ( 2)
 232 F   0.96120 0.00202 0.03671 0.00008 ( 1)
 233 S   0.91164 0.05150 0.03487 0.00199 ( 1)
 234 W   0.96061 0.00242 0.03687 0.00009 ( 1)
 235 N   0.96277 0.00037 0.03684 0.00001 ( 1)
 236 W   0.96061 0.00242 0.03687 0.00009 ( 1)
 237 V   0.96255 0.00060 0.03682 0.00002 ( 1)
 238 A   0.96293 0.00029 0.03677 0.00001 ( 1)
 239 A   0.96299 0.00023 0.03677 0.00001 ( 1)
 240 L   0.95955 0.00336 0.03695 0.00013 ( 1)
 241 G   0.96271 0.00045 0.03682 0.00002 ( 1)
 242 S   0.95779 0.00507 0.03694 0.00020 ( 1)
 243 D   0.96257 0.00062 0.03679 0.00002 ( 1)
 244 D   0.96250 0.00069 0.03678 0.00003 ( 1)
 245 E   0.96256 0.00058 0.03684 0.00002 ( 1)
 246 Y   0.93396 0.02915 0.03576 0.00113 ( 1)
 247 G   0.96271 0.00045 0.03682 0.00002 ( 1)
 248 R   0.96153 0.00162 0.03678 0.00006 ( 1)
 249 Q   0.96133 0.00174 0.03686 0.00007 ( 1)
 250 G   0.96271 0.00045 0.03682 0.00002 ( 1)
 251 L   0.95749 0.00555 0.03675 0.00021 ( 1)
 252 S   0.95964 0.00351 0.03671 0.00014 ( 1)
 253 I   0.96190 0.00116 0.03689 0.00004 ( 1)
 254 F   0.96309 0.00012 0.03678 0.00000 ( 1)
 255 S   0.96084 0.00226 0.03682 0.00009 ( 1)
 256 S   0.13486 0.82799 0.00515 0.03200 ( 2)
 257 M   0.93119 0.03184 0.03574 0.00123 ( 1)
 258 A   0.96280 0.00042 0.03677 0.00002 ( 1)
 259 S   0.48418 0.47880 0.01852 0.01850 ( 1)
 260 T   0.38804 0.57487 0.01487 0.02222 ( 2)
 261 Q   0.79140 0.17169 0.03028 0.00664 ( 1)
 262 G   0.90079 0.06235 0.03445 0.00241 ( 1)
 263 I   0.96311 0.00012 0.03677 0.00000 ( 1)
 264 C   0.96238 0.00076 0.03683 0.00003 ( 1)
 265 I   0.96302 0.00021 0.03677 0.00001 ( 1)
 266 A   0.94439 0.01845 0.03645 0.00071 ( 1)
 267 H   0.96278 0.00040 0.03680 0.00002 ( 1)
 268 E   0.96261 0.00053 0.03684 0.00002 ( 1)
 269 G   0.96271 0.00045 0.03682 0.00002 ( 1)
 270 L   0.95950 0.00354 0.03682 0.00014 ( 1)
 271 V   0.96255 0.00060 0.03682 0.00002 ( 1)
 272 P   0.96142 0.00142 0.03711 0.00005 ( 1)
 273 L   0.95913 0.00391 0.03681 0.00015 ( 1)
 274 S   0.92527 0.03793 0.03534 0.00147 ( 1)
 275 S   0.04506 0.91773 0.00174 0.03547 ( 2)
 276 A   0.96124 0.00198 0.03671 0.00008 ( 1)
 277 N   0.47599 0.48698 0.01821 0.01882 ( 2)
 278 D   0.00092 0.96187 0.00004 0.03717 ( 2)
 279 L   0.00008 0.96271 0.00000 0.03721 ( 2)
 280 V   0.00302 0.95977 0.00012 0.03709 ( 2)
 281 M   0.21750 0.74534 0.00835 0.02881 ( 2)
 282 R   0.95588 0.00723 0.03661 0.00028 ( 1)
 283 K   0.96224 0.00086 0.03687 0.00003 ( 1)
 284 V   0.96255 0.00060 0.03682 0.00002 ( 1)
 285 Q   0.96156 0.00151 0.03687 0.00006 ( 1)
 286 A   0.64187 0.32115 0.02457 0.01241 ( 1)
 287 L   0.14991 0.81294 0.00573 0.03142 ( 2)
 288 L   0.95970 0.00334 0.03683 0.00013 ( 1)
 289 H   0.95893 0.00425 0.03665 0.00016 ( 1)
 290 Q   0.96156 0.00151 0.03687 0.00006 ( 1)
 291 I   0.92305 0.04009 0.03531 0.00155 ( 1)
 292 N   0.96277 0.00037 0.03684 0.00001 ( 1)
 293 Q   0.96144 0.00163 0.03687 0.00006 ( 1)
 294 S   0.95970 0.00345 0.03671 0.00013 ( 1)
 295 N   0.92466 0.03848 0.03537 0.00149 ( 1)
 296 V   0.92370 0.03943 0.03534 0.00152 ( 1)
 297 Q   0.96156 0.00151 0.03687 0.00006 ( 1)
 298 V   0.96255 0.00060 0.03682 0.00002 ( 1)
 299 V   0.96255 0.00060 0.03682 0.00002 ( 1)
 300 V   0.94263 0.02040 0.03618 0.00079 ( 1)
 301 L   0.95876 0.00428 0.03680 0.00017 ( 1)
 302 F   0.96297 0.00025 0.03677 0.00001 ( 1)
 303 A   0.96295 0.00027 0.03677 0.00001 ( 1)
 304 S   0.96244 0.00071 0.03682 0.00003 ( 1)
 305 A   0.91596 0.04718 0.03503 0.00182 ( 1)
 306 H   0.44330 0.51966 0.01696 0.02008 ( 2)
 307 A   0.96216 0.00105 0.03674 0.00004 ( 1)
 308 A   0.96303 0.00019 0.03678 0.00001 ( 1)
 309 H   0.46091 0.50192 0.01777 0.01940 ( 2)
 310 L   0.00019 0.96260 0.00001 0.03720 ( 2)
 311 L   0.95896 0.00424 0.03664 0.00016 ( 1)
 312 F   0.96309 0.00012 0.03678 0.00000 ( 1)
 313 S   0.11778 0.84505 0.00451 0.03266 ( 2)
 314 Y   0.94383 0.01929 0.03614 0.00075 ( 1)
 315 S   0.95988 0.00327 0.03672 0.00013 ( 1)
 316 I   0.96311 0.00012 0.03677 0.00000 ( 1)
 317 R   0.89450 0.06862 0.03422 0.00265 ( 1)
 318 F   0.01195 0.95085 0.00046 0.03675 ( 2)
 319 N   0.41396 0.54896 0.01586 0.02122 ( 2)
 320 L   0.96282 0.00037 0.03679 0.00001 ( 1)
 321 S   0.61746 0.34553 0.02366 0.01335 ( 1)
 322 P   0.93933 0.02382 0.03593 0.00092 ( 1)
 323 K   0.96224 0.00086 0.03687 0.00003 ( 1)
 324 V   0.96255 0.00060 0.03682 0.00002 ( 1)
 325 W   0.96061 0.00242 0.03687 0.00009 ( 1)
 326 V   0.96241 0.00074 0.03682 0.00003 ( 1)
 327 A   0.96303 0.00019 0.03678 0.00001 ( 1)
 328 S   0.96262 0.00054 0.03682 0.00002 ( 1)
 329 E   0.96261 0.00053 0.03684 0.00002 ( 1)
 330 A   0.96303 0.00019 0.03678 0.00001 ( 1)
 331 W   0.96061 0.00242 0.03687 0.00009 ( 1)
 332 L   0.95940 0.00364 0.03682 0.00014 ( 1)
 333 T   0.96288 0.00028 0.03683 0.00001 ( 1)
 334 S   0.91148 0.05165 0.03487 0.00200 ( 1)
 335 D   0.92432 0.03886 0.03532 0.00150 ( 1)
 336 L   0.59934 0.36361 0.02300 0.01405 ( 1)
 337 V   0.95940 0.00380 0.03665 0.00015 ( 1)
 338 M   0.96303 0.00017 0.03680 0.00001 ( 1)
 339 E   0.87062 0.09246 0.03334 0.00357 ( 1)
 340 L   0.95968 0.00336 0.03683 0.00013 ( 1)
 341 P   0.96092 0.00229 0.03670 0.00009 ( 1)
 342 G   0.96271 0.00045 0.03682 0.00002 ( 1)
 343 M   0.96153 0.00167 0.03674 0.00006 ( 1)
 344 T   0.96129 0.00193 0.03671 0.00007 ( 1)
 345 Q   0.94957 0.01349 0.03641 0.00052 ( 1)
 346 M   0.90541 0.05772 0.03464 0.00223 ( 1)
 347 G   0.96256 0.00060 0.03682 0.00002 ( 1)
 348 T   0.96258 0.00054 0.03686 0.00002 ( 1)
 349 V   0.96255 0.00060 0.03682 0.00002 ( 1)
 350 L   0.94155 0.02131 0.03632 0.00082 ( 1)
 351 G   0.96271 0.00045 0.03682 0.00002 ( 1)
 352 F   0.96208 0.00080 0.03709 0.00003 ( 1)
 353 L   0.94854 0.01464 0.03625 0.00057 ( 1)
 354 H   0.94951 0.01356 0.03641 0.00052 ( 1)
 355 Q   0.81828 0.14476 0.03136 0.00559 ( 1)
 356 G   0.79569 0.16715 0.03070 0.00646 ( 1)
 357 D   0.03720 0.92560 0.00142 0.03577 ( 2)
 358 L   0.03607 0.92673 0.00138 0.03582 ( 2)
 359 L   0.95951 0.00352 0.03683 0.00014 ( 1)
 360 P   0.70727 0.02770 0.26396 0.00107 ( 1)
 361 N   0.00820 0.95460 0.00031 0.03689 ( 2)
 362 F   0.96309 0.00012 0.03678 0.00000 ( 1)
 363 S   0.60558 0.35744 0.02317 0.01381 ( 1)
 364 Q   0.34250 0.62039 0.01313 0.02398 ( 2)
 365 Y   0.96118 0.00166 0.03709 0.00006 ( 1)
 366 V   0.96255 0.00060 0.03682 0.00002 ( 1)
 367 K   0.95416 0.00893 0.03656 0.00035 ( 1)
 368 N   0.95614 0.00702 0.03657 0.00027 ( 1)
 369 R   0.59499 0.36802 0.02276 0.01422 ( 1)
 370 L   0.93137 0.03166 0.03575 0.00122 ( 1)
 371 H   0.14110 0.82175 0.00539 0.03176 ( 2)
 372 L   0.95970 0.00334 0.03683 0.00013 ( 1)
 373 A   0.96293 0.00029 0.03677 0.00001 ( 1)
 374 A   0.95850 0.00471 0.03660 0.00018 ( 1)
 375 N   0.93544 0.02773 0.03575 0.00107 ( 1)
 376 P   0.95303 0.00981 0.03678 0.00038 ( 1)
 377 A   0.30737 0.65554 0.01176 0.02534 ( 2)
 378 F   0.96309 0.00012 0.03678 0.00000 ( 1)
 379 C   0.96064 0.00250 0.03676 0.00010 ( 1)
 380 A   0.94213 0.02107 0.03598 0.00081 ( 1)
 381 S   0.09940 0.86344 0.00380 0.03337 ( 2)
 382 L   0.95970 0.00334 0.03683 0.00013 ( 1)
 383 K   0.14272 0.82012 0.00546 0.03170 ( 2)
 384 A   0.01040 0.95240 0.00040 0.03681 ( 2)
 385 E   0.45393 0.50900 0.01740 0.01967 ( 2)
 386 Q   0.95335 0.00979 0.03649 0.00038 ( 1)
 387 P   0.89918 0.06388 0.03448 0.00247 ( 1)
 388 G   0.92755 0.03530 0.03579 0.00136 ( 1)
 389 L   0.95913 0.00391 0.03681 0.00015 ( 1)
 390 E   0.96261 0.00053 0.03684 0.00002 ( 1)
 391 E   0.96256 0.00057 0.03684 0.00002 ( 1)
 392 H   0.95854 0.00465 0.03663 0.00018 ( 1)
 393 V   0.96255 0.00060 0.03682 0.00002 ( 1)
 394 V   0.96241 0.00074 0.03682 0.00003 ( 1)
 395 G   0.96261 0.00055 0.03682 0.00002 ( 1)
 396 P   0.87295 0.09012 0.03345 0.00348 ( 1)
 397 R   0.96266 0.00050 0.03683 0.00002 ( 1)
 398 C   0.96277 0.00038 0.03684 0.00001 ( 1)
 399 P   0.96161 0.00155 0.03678 0.00006 ( 1)
 400 Q   0.96156 0.00151 0.03687 0.00006 ( 1)
 401 C   0.92715 0.03571 0.03576 0.00138 ( 1)
 402 D   0.96294 0.00025 0.03680 0.00001 ( 1)
 403 H   0.00042 0.96237 0.00002 0.03719 ( 2)
 404 I   0.95032 0.01290 0.03628 0.00050 ( 1)
 405 T   0.94416 0.01895 0.03615 0.00073 ( 1)
 406 L   0.95950 0.00354 0.03682 0.00014 ( 1)
 407 Q   0.96055 0.00251 0.03683 0.00010 ( 1)
 408 N   0.96257 0.00057 0.03683 0.00002 ( 1)
 409 V   0.95473 0.00842 0.03652 0.00033 ( 1)
 410 S   0.38833 0.57449 0.01498 0.02220 ( 2)
 411 A   0.91295 0.05025 0.03486 0.00194 ( 1)
 412 G   0.51919 0.44377 0.01988 0.01715 ( 1)
 413 L   0.93854 0.02428 0.03624 0.00094 ( 1)
 414 L   0.00000 0.96279 0.00000 0.03721 ( 2)
 415 H   0.90348 0.05968 0.03453 0.00231 ( 1)
 416 H   0.96031 0.00287 0.03671 0.00011 ( 1)
 417 R   0.81282 0.15021 0.03117 0.00581 ( 1)
 418 P   0.49672 0.46624 0.01902 0.01802 ( 1)
 419 F   0.96302 0.00020 0.03677 0.00001 ( 1)
 420 A   0.28231 0.68049 0.01089 0.02630 ( 2)
 421 A   0.96028 0.00292 0.03669 0.00011 ( 1)
 422 Y   0.96228 0.00084 0.03685 0.00003 ( 1)
 423 A   0.72523 0.23760 0.02799 0.00918 ( 1)
 424 A   0.95400 0.00886 0.03680 0.00034 ( 1)
 425 V   0.96255 0.00060 0.03682 0.00002 ( 1)
 426 Y   0.96112 0.00172 0.03709 0.00007 ( 1)
 427 S   0.95766 0.00533 0.03680 0.00021 ( 1)
 428 V   0.96255 0.00060 0.03682 0.00002 ( 1)
 429 A   0.96299 0.00023 0.03677 0.00001 ( 1)
 430 Q   0.96136 0.00171 0.03687 0.00007 ( 1)
 431 A   0.96303 0.00019 0.03678 0.00001 ( 1)
 432 L   0.95901 0.00403 0.03681 0.00016 ( 1)
 433 H   0.96291 0.00027 0.03681 0.00001 ( 1)
 434 N   0.96274 0.00040 0.03684 0.00002 ( 1)
 435 T   0.93607 0.02676 0.03613 0.00103 ( 1)
 436 L   0.95877 0.00427 0.03680 0.00017 ( 1)
 437 Q   0.03317 0.92962 0.00128 0.03593 ( 2)
 438 C   0.96277 0.00038 0.03684 0.00001 ( 1)
 439 S   0.68771 0.27529 0.02637 0.01064 ( 1)
 440 S   0.92777 0.03543 0.03543 0.00137 ( 1)
 441 S   0.95766 0.00517 0.03697 0.00020 ( 1)
 442 G   0.96271 0.00045 0.03682 0.00002 ( 1)
 443 C   0.96277 0.00038 0.03684 0.00001 ( 1)
 444 P   0.96285 0.00036 0.03678 0.00001 ( 1)
 445 A   0.00134 0.96145 0.00005 0.03716 ( 2)
 446 R   0.10471 0.85811 0.00402 0.03316 ( 2)
 447 E   0.93033 0.03285 0.03555 0.00127 ( 1)
 448 P   0.96297 0.00024 0.03678 0.00001 ( 1)
 449 V   0.96255 0.00060 0.03682 0.00002 ( 1)
 450 R   0.36133 0.60157 0.01385 0.02325 ( 2)
 451 -   0.80631 0.15648 0.03116 0.00605 ( 1)
 452 -   0.80631 0.15648 0.03116 0.00605 ( 1)
 453 -   0.80631 0.15648 0.03116 0.00605 ( 1)
 454 -   0.80631 0.15648 0.03116 0.00605 ( 1)
 455 -   0.80631 0.15648 0.03116 0.00605 ( 1)
 456 -   0.80631 0.15648 0.03116 0.00605 ( 1)
 457 P   0.95891 0.00430 0.03663 0.00017 ( 1)
 458 W   0.96061 0.00242 0.03687 0.00009 ( 1)
 459 Q   0.80244 0.16058 0.03077 0.00621 ( 1)
 460 L   0.50821 0.45479 0.01942 0.01758 ( 1)
 461 L   0.93058 0.03245 0.03571 0.00125 ( 1)
 462 E   0.07563 0.88719 0.00289 0.03429 ( 2)
 463 N   0.95447 0.00867 0.03652 0.00033 ( 1)
 464 M   0.74486 0.21824 0.02846 0.00843 ( 1)
 465 Y   0.85590 0.10718 0.03277 0.00414 ( 1)
 466 N   0.95848 0.00466 0.03668 0.00018 ( 1)
 467 M   0.95700 0.00604 0.03673 0.00023 ( 1)
 468 S   0.95935 0.00382 0.03669 0.00015 ( 1)
 469 F   0.96309 0.00012 0.03678 0.00000 ( 1)
 470 -   0.80631 0.15648 0.03116 0.00605 ( 1)
 471 R   0.05967 0.90315 0.00228 0.03491 ( 2)
 472 A   0.00020 0.96259 0.00001 0.03720 ( 2)
 473 G   0.05084 0.91197 0.00194 0.03525 ( 2)
 474 G   0.95517 0.00794 0.03658 0.00031 ( 1)
 475 L   0.91876 0.04427 0.03526 0.00171 ( 1)
 476 E   0.00068 0.96211 0.00003 0.03718 ( 2)
 477 L   0.89219 0.07063 0.03445 0.00273 ( 1)
 478 R   0.93412 0.02902 0.03574 0.00112 ( 1)
 479 F   0.95587 0.00734 0.03650 0.00028 ( 1)
 480 D   0.92314 0.03999 0.03533 0.00155 ( 1)
 481 A   0.01720 0.94560 0.00066 0.03655 ( 2)
 482 G   0.49883 0.46414 0.01909 0.01794 ( 1)
 483 G   0.96178 0.00134 0.03683 0.00005 ( 1)
 484 N   0.96257 0.00057 0.03683 0.00002 ( 1)
 485 V   0.96250 0.00066 0.03682 0.00003 ( 1)
 486 N   0.96065 0.00254 0.03671 0.00010 ( 1)
 487 L   0.68875 0.27433 0.02632 0.01060 ( 1)
 488 K   0.95594 0.00720 0.03659 0.00028 ( 1)
 489 Y   0.06237 0.90044 0.00239 0.03480 ( 2)
 490 D   0.92470 0.03847 0.03534 0.00149 ( 1)
 491 L   0.93312 0.02992 0.03581 0.00116 ( 1)
 492 K   0.95334 0.00975 0.03653 0.00038 ( 1)
 493 L   0.67480 0.28816 0.02590 0.01114 ( 1)
 494 W   0.71368 0.24929 0.02740 0.00963 ( 1)
 495 V   0.95608 0.00708 0.03658 0.00027 ( 1)
 496 W   0.96061 0.00242 0.03687 0.00009 ( 1)
 497 R   0.00977 0.95302 0.00037 0.03683 ( 2)
 498 D   0.10173 0.86110 0.00389 0.03328 ( 2)
 499 P   0.00171 0.96108 0.00007 0.03714 ( 2)
 500 T   0.68763 0.27542 0.02631 0.01064 ( 1)
 501 P   0.96283 0.00038 0.03678 0.00001 ( 1)
 502 E   0.00323 0.95956 0.00012 0.03709 ( 2)
 503 L   0.96255 0.00065 0.03678 0.00003 ( 1)
 504 R   0.61920 0.34384 0.02367 0.01329 ( 1)
 505 T   0.00078 0.96201 0.00003 0.03718 ( 2)
 506 V   0.96255 0.00060 0.03682 0.00002 ( 1)
 507 G   0.96271 0.00045 0.03682 0.00002 ( 1)
 508 T   0.00437 0.95842 0.00017 0.03704 ( 2)
 509 F   0.96309 0.00012 0.03678 0.00000 ( 1)
 510 N   0.95629 0.00685 0.03659 0.00026 ( 1)
 511 G   0.86763 0.09550 0.03319 0.00369 ( 1)
 512 S   0.12176 0.84108 0.00466 0.03251 ( 2)
 513 L   0.95945 0.00374 0.03666 0.00014 ( 1)
 514 W   0.02582 0.93697 0.00099 0.03621 ( 2)
 515 -   0.80631 0.15648 0.03116 0.00605 ( 1)
 516 L   0.01000 0.95280 0.00038 0.03682 ( 2)
 517 Q   0.88334 0.07981 0.03376 0.00308 ( 1)
 518 R   0.89412 0.06901 0.03420 0.00267 ( 1)
 519 S   0.00091 0.96188 0.00004 0.03717 ( 2)
 520 K   0.95381 0.00928 0.03655 0.00036 ( 1)
 521 I   0.96195 0.00128 0.03673 0.00005 ( 1)
 522 C   0.00093 0.96186 0.00004 0.03717 ( 2)
 523 W   0.96061 0.00242 0.03687 0.00009 ( 1)
 524 H   0.96256 0.00063 0.03679 0.00002 ( 1)
 525 T   0.94405 0.01906 0.03615 0.00074 ( 1)
 526 H   0.02360 0.93920 0.00090 0.03630 ( 2)
 527 S   0.00613 0.95666 0.00023 0.03697 ( 2)
 528 N   0.96222 0.00092 0.03682 0.00004 ( 1)
 529 R   0.80920 0.15382 0.03103 0.00594 ( 1)
 530 V   0.00002 0.96277 0.00000 0.03721 ( 2)
 531 P   0.96155 0.00166 0.03673 0.00006 ( 1)
 532 V   0.90073 0.06240 0.03446 0.00241 ( 1)
 533 S   0.95877 0.00438 0.03668 0.00017 ( 1)
 534 Q   0.74508 0.21792 0.02857 0.00842 ( 1)
 535 C   0.96277 0.00038 0.03684 0.00001 ( 1)
 536 S   0.95350 0.00960 0.03653 0.00037 ( 1)
 537 Q   0.36838 0.59453 0.01412 0.02298 ( 2)
 538 Q   0.79695 0.16607 0.03056 0.00642 ( 1)
 539 C   0.96229 0.00085 0.03682 0.00003 ( 1)
 540 Q   0.38257 0.58033 0.01467 0.02243 ( 2)
 541 E   0.94643 0.01670 0.03622 0.00065 ( 1)
 542 G   0.96220 0.00096 0.03680 0.00004 ( 1)
 543 Q   0.96023 0.00284 0.03682 0.00011 ( 1)
 544 V   0.96193 0.00122 0.03680 0.00005 ( 1)
 545 R   0.96211 0.00105 0.03681 0.00004 ( 1)
 546 R   0.95464 0.00845 0.03658 0.00033 ( 1)
 547 V   0.96239 0.00082 0.03677 0.00003 ( 1)
 548 K   0.95466 0.00843 0.03658 0.00033 ( 1)
 549 G   0.96202 0.00109 0.03684 0.00004 ( 1)
 550 F   0.96193 0.00129 0.03673 0.00005 ( 1)
 551 H   0.91334 0.04983 0.03491 0.00193 ( 1)
 552 S   0.95935 0.00380 0.03670 0.00015 ( 1)
 553 C   0.89716 0.06596 0.03433 0.00255 ( 1)
 554 C   0.89716 0.06596 0.03433 0.00255 ( 1)
 555 Y   0.95577 0.00735 0.03660 0.00028 ( 1)
 556 D   0.96294 0.00025 0.03680 0.00001 ( 1)
 557 C   0.96016 0.00298 0.03674 0.00012 ( 1)
 558 V   0.96174 0.00141 0.03679 0.00005 ( 1)
 559 D   0.96294 0.00025 0.03680 0.00001 ( 1)
 560 C   0.96273 0.00042 0.03684 0.00002 ( 1)
 561 K   0.49145 0.47149 0.01883 0.01822 ( 1)
 562 P   0.86108 0.10205 0.03293 0.00394 ( 1)
 563 G   0.96271 0.00045 0.03682 0.00002 ( 1)
 564 S   0.96266 0.00049 0.03683 0.00002 ( 1)
 565 Y   0.96257 0.00055 0.03686 0.00002 ( 1)
 566 Q   0.72837 0.23465 0.02791 0.00907 ( 1)
 567 -   0.80631 0.15648 0.03116 0.00605 ( 1)
 568 H   0.00746 0.95534 0.00029 0.03692 ( 2)
 569 S   0.59979 0.36323 0.02295 0.01404 ( 1)
 570 P   0.11160 0.85120 0.00431 0.03290 ( 2)
 571 -   0.80631 0.15648 0.03116 0.00605 ( 1)
 572 -   0.80631 0.15648 0.03116 0.00605 ( 1)
 573 E   0.16958 0.79323 0.00654 0.03066 ( 2)
 574 D   0.95876 0.00443 0.03664 0.00017 ( 1)
 575 P   0.00017 0.96262 0.00001 0.03720 ( 2)
 576 T   0.00212 0.96067 0.00008 0.03713 ( 2)
 577 C   0.91318 0.04995 0.03494 0.00193 ( 1)
 578 T   0.69048 0.27258 0.02641 0.01053 ( 1)
 579 P   0.00000 0.96279 0.00000 0.03721 ( 2)
 580 C   0.77037 0.19270 0.02948 0.00745 ( 1)
 581 R   0.00000 0.96279 0.00000 0.03721 ( 2)
 582 K   0.00741 0.95538 0.00028 0.03692 ( 2)
 583 D   0.51678 0.44605 0.01993 0.01724 ( 1)
 584 Q   0.48219 0.48078 0.01845 0.01858 ( 1)
 585 W   0.90060 0.06241 0.03457 0.00241 ( 1)
 586 S   0.96281 0.00034 0.03683 0.00001 ( 1)
 587 P   0.96268 0.00048 0.03682 0.00002 ( 1)
 588 Q   0.53501 0.42797 0.02048 0.01654 ( 1)
 589 R   0.96180 0.00129 0.03685 0.00005 ( 1)
 590 S   0.96283 0.00032 0.03683 0.00001 ( 1)
 591 R   0.31376 0.64904 0.01211 0.02508 ( 2)
 592 K   0.51664 0.44635 0.01976 0.01725 ( 1)
 593 C   0.96277 0.00038 0.03684 0.00001 ( 1)
 594 F   0.96309 0.00012 0.03678 0.00000 ( 1)
 595 S   0.01292 0.94988 0.00049 0.03671 ( 2)
 596 R   0.96218 0.00097 0.03681 0.00004 ( 1)
 597 R   0.94865 0.01444 0.03636 0.00056 ( 1)
 598 H   0.00784 0.95495 0.00030 0.03691 ( 2)
 599 T   0.65856 0.30444 0.02523 0.01177 ( 1)
 600 F   0.96164 0.00158 0.03672 0.00006 ( 1)
 601 L   0.91739 0.04543 0.03542 0.00176 ( 1)
 602 A   0.17227 0.79059 0.00659 0.03055 ( 2)
 603 W   0.51960 0.44332 0.01995 0.01713 ( 1)
 604 G   0.95671 0.00645 0.03659 0.00025 ( 1)
 605 D   0.39304 0.56989 0.01504 0.02203 ( 2)
 606 P   0.89161 0.07152 0.03410 0.00276 ( 1)
 607 T   0.79119 0.17166 0.03052 0.00663 ( 1)
 608 V   0.95573 0.00742 0.03656 0.00029 ( 1)
 609 L   0.95922 0.00373 0.03690 0.00014 ( 1)
 610 V   0.00230 0.96049 0.00009 0.03712 ( 2)
 611 L   0.70423 0.25874 0.02703 0.01000 ( 1)
 612 L   0.91832 0.04486 0.03509 0.00173 ( 1)
 613 L   0.79766 0.16534 0.03061 0.00639 ( 1)
 614 L   0.88446 0.07856 0.03394 0.00304 ( 1)
 615 L   0.91436 0.04883 0.03492 0.00189 ( 1)
 616 G   0.33015 0.63277 0.01263 0.02446 ( 2)
 617 L   0.95751 0.00552 0.03675 0.00021 ( 1)
 618 V   0.93546 0.02770 0.03577 0.00107 ( 1)
 619 L   0.95970 0.00334 0.03683 0.00013 ( 1)
 620 A   0.95607 0.00709 0.03657 0.00027 ( 1)
 621 L   0.95167 0.01152 0.03637 0.00045 ( 1)
 622 V   0.96255 0.00060 0.03682 0.00002 ( 1)
 623 L   0.88446 0.07856 0.03394 0.00304 ( 1)
 624 A   0.93511 0.02809 0.03571 0.00109 ( 1)
 625 A   0.31963 0.64319 0.01233 0.02486 ( 2)
 626 L   0.91219 0.05076 0.03509 0.00196 ( 1)
 627 G   0.96211 0.00101 0.03684 0.00004 ( 1)
 628 L   0.63579 0.32717 0.02440 0.01264 ( 1)
 629 F   0.94156 0.02164 0.03596 0.00084 ( 1)
 630 V   0.00131 0.96148 0.00005 0.03716 ( 2)
 631 H   0.53885 0.42414 0.02061 0.01639 ( 1)
 632 H   0.95563 0.00725 0.03685 0.00028 ( 1)
 633 R   0.12384 0.83896 0.00478 0.03242 ( 2)
 634 N   0.65054 0.31252 0.02486 0.01208 ( 1)
 635 S   0.91329 0.04985 0.03494 0.00193 ( 1)
 636 P   0.93869 0.02415 0.03623 0.00093 ( 1)
 637 L   0.84413 0.11888 0.03240 0.00459 ( 1)
 638 V   0.47658 0.48624 0.01838 0.01879 ( 2)
 639 Q   0.78455 0.17847 0.03009 0.00690 ( 1)
 640 A   0.96303 0.00019 0.03678 0.00001 ( 1)
 641 S   0.91330 0.04978 0.03499 0.00192 ( 1)
 642 G   0.70962 0.25344 0.02714 0.00980 ( 1)
 643 G   0.83231 0.13076 0.03187 0.00505 ( 1)
 644 L   0.00596 0.95684 0.00023 0.03698 ( 2)
 645 L   0.88446 0.07856 0.03394 0.00304 ( 1)
 646 A   0.95442 0.00879 0.03645 0.00034 ( 1)
 647 C   0.89462 0.06849 0.03423 0.00265 ( 1)
 648 F   0.54987 0.41317 0.02100 0.01597 ( 1)
 649 G   0.51893 0.44406 0.01985 0.01716 ( 1)
 650 L   0.82780 0.13521 0.03177 0.00523 ( 1)
 651 A   0.54510 0.41789 0.02085 0.01615 ( 1)
 652 C   0.95292 0.01021 0.03647 0.00039 ( 1)
 653 L   0.89553 0.06742 0.03445 0.00261 ( 1)
 654 G   0.88718 0.07595 0.03393 0.00294 ( 1)
 655 L   0.93695 0.02608 0.03596 0.00101 ( 1)
 656 V   0.95840 0.00480 0.03661 0.00019 ( 1)
 657 C   0.96277 0.00038 0.03684 0.00001 ( 1)
 658 L   0.90589 0.05698 0.03493 0.00220 ( 1)
 659 S   0.85878 0.10408 0.03312 0.00402 ( 1)
 660 G   0.55727 0.40575 0.02129 0.01568 ( 1)
 661 L   0.91192 0.05125 0.03485 0.00198 ( 1)
 662 L   0.83999 0.12302 0.03224 0.00475 ( 1)
 663 F   0.94875 0.01446 0.03623 0.00056 ( 1)
 664 P   0.85540 0.10745 0.03300 0.00415 ( 1)
 665 G   0.96252 0.00064 0.03681 0.00002 ( 1)
 666 R   0.71407 0.24892 0.02738 0.00962 ( 1)
 667 P   0.96214 0.00107 0.03675 0.00004 ( 1)
 668 S   0.91558 0.04756 0.03503 0.00184 ( 1)
 669 P   0.95791 0.00495 0.03695 0.00019 ( 1)
 670 A   0.90298 0.06021 0.03448 0.00233 ( 1)
 671 S   0.45277 0.51019 0.01732 0.01972 ( 2)
 672 C   0.96262 0.00052 0.03684 0.00002 ( 1)
 673 L   0.64798 0.31498 0.02487 0.01217 ( 1)
 674 A   0.96148 0.00173 0.03672 0.00007 ( 1)
 675 Q   0.94175 0.02132 0.03611 0.00082 ( 1)
 676 Q   0.94555 0.01751 0.03626 0.00068 ( 1)
 677 P   0.95544 0.00777 0.03649 0.00030 ( 1)
 678 L   0.31040 0.65249 0.01189 0.02522 ( 2)
 679 C   0.82797 0.13513 0.03168 0.00522 ( 1)
 680 H   0.64470 0.31835 0.02464 0.01230 ( 1)
 681 L   0.96240 0.00079 0.03678 0.00003 ( 1)
 682 P   0.95217 0.01098 0.03642 0.00042 ( 1)
 683 L   0.96229 0.00091 0.03677 0.00004 ( 1)
 684 T   0.96077 0.00239 0.03674 0.00009 ( 1)
 685 G   0.96220 0.00096 0.03680 0.00004 ( 1)
 686 C   0.96229 0.00085 0.03682 0.00003 ( 1)
 687 L   0.95751 0.00552 0.03675 0.00021 ( 1)
 688 S   0.96242 0.00074 0.03682 0.00003 ( 1)
 689 T   0.89073 0.07210 0.03438 0.00279 ( 1)
 690 L   0.94877 0.01445 0.03623 0.00056 ( 1)
 691 F   0.92725 0.03596 0.03540 0.00139 ( 1)
 692 L   0.95751 0.00552 0.03675 0.00021 ( 1)
 693 Q   0.96024 0.00283 0.03682 0.00011 ( 1)
 694 A   0.95961 0.00323 0.03703 0.00012 ( 1)
 695 A   0.96269 0.00053 0.03676 0.00002 ( 1)
 696 E   0.95057 0.01256 0.03638 0.00049 ( 1)
 697 T   0.79640 0.16675 0.03041 0.00644 ( 1)
 698 F   0.96271 0.00050 0.03676 0.00002 ( 1)
 699 V   0.85357 0.10931 0.03289 0.00422 ( 1)
 700 E   0.96190 0.00123 0.03681 0.00005 ( 1)
 701 S   0.94580 0.01702 0.03651 0.00066 ( 1)
 702 E   0.95904 0.00382 0.03699 0.00015 ( 1)
 703 L   0.95503 0.00801 0.03665 0.00031 ( 1)
 704 P   0.95419 0.00867 0.03681 0.00033 ( 1)
 705 P   0.00916 0.95363 0.00035 0.03686 ( 2)
 706 S   0.91822 0.04491 0.03513 0.00174 ( 1)
 707 W   0.93526 0.02777 0.03590 0.00107 ( 1)
 708 A   0.29419 0.66861 0.01135 0.02584 ( 2)
 709 D   0.93491 0.02827 0.03573 0.00109 ( 1)
 710 R   0.91539 0.04769 0.03508 0.00184 ( 1)
 711 L   0.93094 0.03209 0.03573 0.00124 ( 1)
 712 H   0.10927 0.85353 0.00421 0.03299 ( 2)
 713 S   0.95887 0.00429 0.03667 0.00017 ( 1)
 714 R   0.91076 0.05237 0.03485 0.00202 ( 1)
 715 L   0.95970 0.00334 0.03683 0.00013 ( 1)
 716 R   0.94029 0.02280 0.03603 0.00088 ( 1)
 717 G   0.96202 0.00109 0.03684 0.00004 ( 1)
 718 P   0.96103 0.00218 0.03671 0.00008 ( 1)
 719 C   0.74797 0.21501 0.02871 0.00831 ( 1)
 720 A   0.96303 0.00019 0.03678 0.00001 ( 1)
 721 W   0.96061 0.00242 0.03687 0.00009 ( 1)
 722 M   0.92687 0.03616 0.03557 0.00140 ( 1)
 723 V   0.58239 0.38062 0.02228 0.01471 ( 1)
 724 V   0.96255 0.00060 0.03682 0.00002 ( 1)
 725 V   0.92963 0.03340 0.03568 0.00129 ( 1)
 726 L   0.95876 0.00428 0.03680 0.00017 ( 1)
 727 A   0.96118 0.00204 0.03671 0.00008 ( 1)
 728 L   0.23116 0.73173 0.00883 0.02828 ( 2)
 729 L   0.95970 0.00334 0.03683 0.00013 ( 1)
 730 V   0.96238 0.00077 0.03682 0.00003 ( 1)
 731 E   0.96261 0.00053 0.03684 0.00002 ( 1)
 732 A   0.95678 0.00643 0.03654 0.00025 ( 1)
 733 A   0.95144 0.01140 0.03672 0.00044 ( 1)
 734 L   0.95970 0.00334 0.03683 0.00013 ( 1)
 735 C   0.96206 0.00108 0.03682 0.00004 ( 1)
 736 A   0.57320 0.38985 0.02189 0.01507 ( 1)
 737 W   0.96061 0.00242 0.03687 0.00009 ( 1)
 738 Y   0.96257 0.00055 0.03686 0.00002 ( 1)
 739 L   0.95970 0.00334 0.03683 0.00013 ( 1)
 740 I   0.00548 0.95731 0.00021 0.03700 ( 2)
 741 A   0.96293 0.00029 0.03677 0.00001 ( 1)
 742 F   0.96308 0.00014 0.03678 0.00001 ( 1)
 743 R   0.95078 0.01237 0.03637 0.00048 ( 1)
 744 P   0.95112 0.01172 0.03671 0.00045 ( 1)
 745 E   0.96261 0.00053 0.03684 0.00002 ( 1)
 746 V   0.96232 0.00083 0.03681 0.00003 ( 1)
 747 V   0.96255 0.00060 0.03682 0.00002 ( 1)
 748 M   0.49283 0.47013 0.01888 0.01817 ( 1)
 749 D   0.96294 0.00025 0.03680 0.00001 ( 1)
 750 W   0.96061 0.00242 0.03687 0.00009 ( 1)
 751 H   0.53048 0.43251 0.02029 0.01672 ( 1)
 752 V   0.89054 0.07263 0.03403 0.00281 ( 1)
 753 L   0.95948 0.00356 0.03682 0.00014 ( 1)
 754 P   0.96300 0.00021 0.03678 0.00001 ( 1)
 755 T   0.92018 0.04266 0.03552 0.00165 ( 1)
 756 K   0.95763 0.00551 0.03665 0.00021 ( 1)
 757 A   0.95677 0.00639 0.03659 0.00025 ( 1)
 758 L   0.95950 0.00354 0.03682 0.00014 ( 1)
 759 V   0.94546 0.01743 0.03643 0.00067 ( 1)
 760 H   0.96291 0.00027 0.03681 0.00001 ( 1)
 761 C   0.96232 0.00083 0.03683 0.00003 ( 1)
 762 R   0.95805 0.00510 0.03665 0.00020 ( 1)
 763 V   0.00043 0.96236 0.00002 0.03719 ( 2)
 764 H   0.95336 0.00979 0.03647 0.00038 ( 1)
 765 S   0.96284 0.00031 0.03683 0.00001 ( 1)
 766 W   0.96061 0.00242 0.03687 0.00009 ( 1)
 767 A   0.95875 0.00445 0.03663 0.00017 ( 1)
 768 G   0.93095 0.03219 0.03561 0.00124 ( 1)
 769 L   0.95040 0.01247 0.03664 0.00048 ( 1)
 770 G   0.96271 0.00045 0.03682 0.00002 ( 1)
 771 L   0.95968 0.00352 0.03667 0.00014 ( 1)
 772 V   0.95433 0.00882 0.03651 0.00034 ( 1)
 773 H   0.96257 0.00061 0.03679 0.00002 ( 1)
 774 T   0.94330 0.01990 0.03602 0.00077 ( 1)
 775 L   0.68983 0.27323 0.02638 0.01056 ( 1)
 776 N   0.95868 0.00446 0.03669 0.00017 ( 1)
 777 A   0.96298 0.00024 0.03677 0.00001 ( 1)
 778 I   0.04699 0.91582 0.00180 0.03539 ( 2)
 779 L   0.95970 0.00334 0.03683 0.00013 ( 1)
 780 A   0.96238 0.00084 0.03675 0.00003 ( 1)
 781 S   0.96062 0.00259 0.03668 0.00010 ( 1)
 782 L   0.96157 0.00128 0.03710 0.00005 ( 1)
 783 C   0.95897 0.00417 0.03670 0.00016 ( 1)
 784 F   0.96307 0.00015 0.03678 0.00001 ( 1)
 785 L   0.95858 0.00437 0.03688 0.00017 ( 1)
 786 G   0.96252 0.00064 0.03681 0.00002 ( 1)
 787 T   0.96283 0.00033 0.03682 0.00001 ( 1)
 788 F   0.96309 0.00012 0.03678 0.00000 ( 1)
 789 L   0.95970 0.00334 0.03683 0.00013 ( 1)
 790 V   0.96232 0.00083 0.03681 0.00003 ( 1)
 791 R   0.74609 0.21692 0.02861 0.00838 ( 1)
 792 S   0.96283 0.00032 0.03683 0.00001 ( 1)
 793 Q   0.19146 0.77139 0.00734 0.02981 ( 2)
 794 P   0.96174 0.00142 0.03679 0.00005 ( 1)
 795 G   0.88348 0.07965 0.03379 0.00308 ( 1)
 796 R   0.95821 0.00495 0.03666 0.00019 ( 1)
 797 Y   0.96257 0.00055 0.03686 0.00002 ( 1)
 798 S   0.95900 0.00415 0.03670 0.00016 ( 1)
 799 R   0.76294 0.19990 0.02944 0.00773 ( 1)
 800 A   0.96303 0.00019 0.03678 0.00001 ( 1)
 801 R   0.94024 0.02260 0.03628 0.00087 ( 1)
 802 G   0.96271 0.00045 0.03682 0.00002 ( 1)
 803 L   0.95786 0.00533 0.03660 0.00021 ( 1)
 804 T   0.96289 0.00027 0.03683 0.00001 ( 1)
 805 F   0.94604 0.01684 0.03648 0.00065 ( 1)
 806 A   0.96302 0.00019 0.03678 0.00001 ( 1)
 807 T   0.57351 0.38952 0.02191 0.01505 ( 1)
 808 L   0.95970 0.00334 0.03683 0.00013 ( 1)
 809 A   0.96293 0.00029 0.03677 0.00001 ( 1)
 810 Y   0.96195 0.00117 0.03684 0.00005 ( 1)
 811 L   0.96060 0.00262 0.03668 0.00010 ( 1)
 812 I   0.96311 0.00012 0.03677 0.00000 ( 1)
 813 T   0.96020 0.00297 0.03672 0.00011 ( 1)
 814 W   0.96061 0.00242 0.03687 0.00009 ( 1)
 815 V   0.96287 0.00033 0.03678 0.00001 ( 1)
 816 S   0.96284 0.00031 0.03683 0.00001 ( 1)
 817 F   0.96300 0.00022 0.03677 0.00001 ( 1)
 818 V   0.96255 0.00060 0.03682 0.00002 ( 1)
 819 P   0.96276 0.00045 0.03677 0.00002 ( 1)
 820 L   0.96282 0.00037 0.03679 0.00001 ( 1)
 821 L   0.95970 0.00334 0.03683 0.00013 ( 1)
 822 A   0.96303 0.00019 0.03678 0.00001 ( 1)
 823 N   0.95676 0.00610 0.03691 0.00024 ( 1)
 824 V   0.94392 0.01892 0.03643 0.00073 ( 1)
 825 Q   0.94830 0.01477 0.03636 0.00057 ( 1)
 826 V   0.96255 0.00060 0.03682 0.00002 ( 1)
 827 A   0.95911 0.00410 0.03664 0.00016 ( 1)
 828 H   0.50919 0.45382 0.01946 0.01754 ( 1)
 829 Q   0.93794 0.02514 0.03595 0.00097 ( 1)
 830 P   0.96242 0.00079 0.03676 0.00003 ( 1)
 831 A   0.96296 0.00025 0.03677 0.00001 ( 1)
 832 V   0.90292 0.06021 0.03454 0.00233 ( 1)
 833 Q   0.96156 0.00151 0.03687 0.00006 ( 1)
 834 M   0.96303 0.00017 0.03680 0.00001 ( 1)
 835 G   0.96008 0.00277 0.03704 0.00011 ( 1)
 836 A   0.96302 0.00020 0.03678 0.00001 ( 1)
 837 V   0.90375 0.05942 0.03453 0.00230 ( 1)
 838 L   0.96097 0.00207 0.03688 0.00008 ( 1)
 839 F   0.95572 0.00747 0.03652 0.00029 ( 1)
 840 C   0.92481 0.03832 0.03539 0.00148 ( 1)
 841 A   0.91540 0.04778 0.03497 0.00185 ( 1)
 842 L   0.95970 0.00334 0.03683 0.00013 ( 1)
 843 G   0.96271 0.00045 0.03682 0.00002 ( 1)
 844 I   0.96281 0.00041 0.03676 0.00002 ( 1)
 845 L   0.95970 0.00334 0.03683 0.00013 ( 1)
 846 V   0.94393 0.01893 0.03641 0.00073 ( 1)
 847 A   0.96303 0.00019 0.03678 0.00001 ( 1)
 848 F   0.93964 0.02357 0.03588 0.00091 ( 1)
 849 H   0.96291 0.00027 0.03681 0.00001 ( 1)
 850 L   0.95938 0.00366 0.03682 0.00014 ( 1)
 851 P   0.96293 0.00027 0.03678 0.00001 ( 1)
 852 K   0.94747 0.01562 0.03631 0.00060 ( 1)
 853 C   0.95587 0.00699 0.03687 0.00027 ( 1)
 854 Y   0.96257 0.00055 0.03686 0.00002 ( 1)
 855 L   0.95940 0.00364 0.03682 0.00014 ( 1)
 856 L   0.96206 0.00113 0.03676 0.00004 ( 1)
 857 V   0.03964 0.92317 0.00152 0.03568 ( 2)
 858 R   0.27213 0.69075 0.01043 0.02670 ( 2)
