Supplemental results for CODEML (seqf: Human_TAS1R1_breaks2_2nd_attempt.txt  treef: TAS1R1_revised_tree_following_error_message.txt)


MLEs of dN/dS (w) for site classes (K=4)

site class             0        1       2a       2b
proportion       0.74222  0.23190  0.01972  0.00616
background w     0.10364  1.00000  0.10364  1.00000
foreground w     0.10364  1.00000  1.00000  1.00000

Naive Empirical Bayes (NEB) probabilities for 4 classes
(amino acids refer to 1st sequence: 1.Tarsier)

   1 M   0.96662 0.00785 0.02532 0.00021 ( 1)
   2 F   0.65860 0.31564 0.01738 0.00839 ( 1)
   3 H   0.46998 0.50430 0.01232 0.01340 ( 2)
   4 H   0.00043 0.97369 0.00001 0.02587 ( 2)
   5 V   0.00001 0.97411 0.00000 0.02588 ( 2)
   6 A   0.61668 0.35754 0.01628 0.00950 ( 1)
   7 H   0.00678 0.96734 0.00018 0.02570 ( 2)
   8 L   0.92887 0.04542 0.02451 0.00121 ( 1)
   9 V   0.42657 0.54762 0.01126 0.01455 ( 2)
  10 G   0.87722 0.09719 0.02301 0.00258 ( 1)
  11 L   0.92228 0.05200 0.02433 0.00138 ( 1)
  12 Q   0.92572 0.04860 0.02440 0.00129 ( 1)
  13 L   0.91626 0.05800 0.02420 0.00154 ( 1)
  14 S   0.05442 0.91972 0.00143 0.02444 ( 2)
  15 I   0.58452 0.38970 0.01542 0.01035 ( 1)
  16 S   0.87518 0.09922 0.02296 0.00264 ( 1)
  17 C   0.85351 0.12087 0.02241 0.00321 ( 1)
  18 C   0.96042 0.01400 0.02521 0.00037 ( 1)
  19 W   0.66707 0.30717 0.01760 0.00816 ( 1)
  20 A   0.95594 0.01854 0.02503 0.00049 ( 1)
  21 F   0.77691 0.19735 0.02050 0.00524 ( 1)
  22 S   0.46702 0.50728 0.01223 0.01348 ( 2)
  23 C   0.96071 0.01370 0.02522 0.00036 ( 1)
  24 H   0.95768 0.01659 0.02529 0.00044 ( 1)
  25 N   0.08378 0.89037 0.00220 0.02366 ( 2)
  26 T   0.01610 0.95802 0.00043 0.02545 ( 2)
  27 E   0.81254 0.16181 0.02135 0.00430 ( 1)
  28 F   0.03755 0.93658 0.00099 0.02488 ( 2)
  29 S   0.90850 0.06574 0.02400 0.00175 ( 1)
  30 P   0.93119 0.04307 0.02460 0.00114 ( 1)
  31 D   0.90084 0.07361 0.02360 0.00196 ( 1)
  32 F   0.96739 0.00709 0.02533 0.00019 ( 1)
  33 S   0.87980 0.09462 0.02306 0.00251 ( 1)
  34 L   0.96384 0.01061 0.02526 0.00028 ( 1)
  35 P   0.77106 0.20332 0.02021 0.00540 ( 1)
  36 G   0.94633 0.02803 0.02489 0.00074 ( 1)
  37 N   0.67909 0.29514 0.01792 0.00784 ( 1)
  38 Y   0.95985 0.01456 0.02521 0.00039 ( 1)
  39 L   0.96362 0.01084 0.02525 0.00029 ( 1)
  40 L   0.92689 0.04740 0.02445 0.00126 ( 1)
  41 A   0.40699 0.56716 0.01078 0.01507 ( 2)
  42 G   0.96243 0.01201 0.02524 0.00032 ( 1)
  43 F   0.19185 0.78230 0.00506 0.02078 ( 2)
  44 F   0.96733 0.00715 0.02533 0.00019 ( 1)
  45 P   0.58966 0.38455 0.01558 0.01022 ( 1)
  46 L   0.96481 0.00965 0.02528 0.00026 ( 1)
  47 H   0.92547 0.04880 0.02443 0.00130 ( 1)
  48 G   0.13020 0.84394 0.00344 0.02242 ( 2)
  49 D   0.28353 0.69069 0.00744 0.01835 ( 2)
  50 C   0.12963 0.84450 0.00343 0.02244 ( 2)
  51 L   0.65236 0.32188 0.01721 0.00855 ( 1)
  52 Q   0.93850 0.03582 0.02474 0.00095 ( 1)
  53 V   0.95890 0.01550 0.02519 0.00041 ( 1)
  54 R   0.93027 0.04409 0.02447 0.00117 ( 1)
  55 H   0.45612 0.51816 0.01196 0.01377 ( 2)
  56 R   0.86551 0.10868 0.02292 0.00289 ( 1)
  57 P   0.95728 0.01717 0.02510 0.00046 ( 1)
  58 E   0.95634 0.01788 0.02530 0.00048 ( 1)
  59 V   0.95804 0.01636 0.02517 0.00043 ( 1)
  60 T   0.80674 0.16766 0.02114 0.00445 ( 1)
  61 L   0.93652 0.03777 0.02471 0.00100 ( 1)
  62 C   0.90104 0.07321 0.02381 0.00195 ( 1)
  63 D   0.96370 0.01077 0.02524 0.00029 ( 1)
  64 R   0.94272 0.03164 0.02480 0.00084 ( 1)
  65 T   0.00044 0.97367 0.00001 0.02587 ( 2)
  66 C   0.04092 0.93321 0.00108 0.02479 ( 2)
  67 G   0.06716 0.90698 0.00176 0.02410 ( 2)
  68 F   0.96505 0.00943 0.02527 0.00025 ( 1)
  69 N   0.93137 0.04290 0.02459 0.00114 ( 1)
  70 G   0.28284 0.69136 0.00743 0.01837 ( 2)
  71 H   0.95420 0.02007 0.02519 0.00053 ( 1)
  72 G   0.82599 0.14840 0.02166 0.00394 ( 1)
  73 Y   0.39525 0.57899 0.01038 0.01538 ( 2)
  74 H   0.36463 0.60961 0.00956 0.01620 ( 2)
  75 L   0.86860 0.10582 0.02276 0.00281 ( 1)
  76 F   0.90503 0.06943 0.02370 0.00184 ( 1)
  77 Q   0.21222 0.76194 0.00559 0.02024 ( 2)
  78 A   0.32955 0.64462 0.00870 0.01713 ( 2)
  79 M   0.40399 0.57027 0.01058 0.01515 ( 2)
  80 R   0.72666 0.24762 0.01914 0.00658 ( 1)
  81 L   0.66755 0.30668 0.01763 0.00815 ( 1)
  82 S   0.00055 0.97357 0.00001 0.02587 ( 2)
  83 I   0.18099 0.79316 0.00478 0.02107 ( 2)
  84 E   0.18696 0.78721 0.00491 0.02092 ( 2)
  85 A   0.75229 0.22204 0.01977 0.00590 ( 1)
  86 I   0.92582 0.04847 0.02442 0.00129 ( 1)
  87 N   0.96222 0.01223 0.02522 0.00032 ( 1)
  88 N   0.96222 0.01223 0.02522 0.00032 ( 1)
  89 S   0.95970 0.01473 0.02518 0.00039 ( 1)
  90 T   0.94708 0.02730 0.02490 0.00073 ( 1)
  91 V   0.47197 0.50218 0.01250 0.01334 ( 2)
  92 L   0.91980 0.05448 0.02427 0.00145 ( 1)
  93 L   0.91955 0.05473 0.02426 0.00145 ( 1)
  94 P   0.96360 0.01085 0.02526 0.00029 ( 1)
  95 N   0.77050 0.20388 0.02020 0.00542 ( 1)
  96 V   0.10495 0.86921 0.00275 0.02309 ( 2)
  97 T   0.88959 0.08484 0.02331 0.00225 ( 1)
  98 L   0.52586 0.44836 0.01387 0.01191 ( 1)
  99 G   0.95358 0.02078 0.02508 0.00055 ( 1)
 100 Y   0.18879 0.78539 0.00496 0.02087 ( 2)
 101 E   0.00372 0.97040 0.00010 0.02578 ( 2)
 102 L   0.92695 0.04734 0.02446 0.00126 ( 1)
 103 Y   0.08418 0.88995 0.00223 0.02365 ( 2)
 104 D   0.93450 0.03978 0.02466 0.00106 ( 1)
 105 V   0.95374 0.02065 0.02505 0.00055 ( 1)
 106 C   0.95468 0.01973 0.02506 0.00052 ( 1)
 107 S   0.92448 0.04977 0.02443 0.00132 ( 1)
 108 E   0.83519 0.13923 0.02188 0.00370 ( 1)
 109 S   0.90542 0.06883 0.02392 0.00183 ( 1)
 110 A   0.96435 0.01013 0.02525 0.00027 ( 1)
 111 N   0.92632 0.04795 0.02445 0.00127 ( 1)
 112 V   0.95374 0.02065 0.02505 0.00055 ( 1)
 113 Y   0.90308 0.07131 0.02372 0.00189 ( 1)
 114 A   0.96318 0.01130 0.02522 0.00030 ( 1)
 115 T   0.94726 0.02712 0.02490 0.00072 ( 1)
 116 L   0.91980 0.05448 0.02427 0.00145 ( 1)
 117 S   0.08892 0.88523 0.00233 0.02352 ( 2)
 118 V   0.80613 0.16822 0.02118 0.00447 ( 1)
 119 L   0.96218 0.01228 0.02522 0.00033 ( 1)
 120 S   0.95884 0.01559 0.02515 0.00041 ( 1)
 121 L   0.14039 0.83373 0.00372 0.02215 ( 2)
 122 P   0.41783 0.55632 0.01107 0.01478 ( 2)
 123 G   0.95107 0.02329 0.02502 0.00062 ( 1)
 124 T   0.07665 0.89747 0.00203 0.02384 ( 2)
 125 R   0.00001 0.97411 0.00000 0.02588 ( 2)
 126 H   0.96082 0.01362 0.02520 0.00036 ( 1)
 127 I   0.92299 0.05129 0.02435 0.00136 ( 1)
 128 D   0.30943 0.66478 0.00813 0.01766 ( 2)
 129 I   0.87691 0.09751 0.02298 0.00259 ( 1)
 130 Q   0.89168 0.08252 0.02361 0.00219 ( 1)
 131 G   0.44199 0.53216 0.01171 0.01414 ( 2)
 132 D   0.83463 0.13980 0.02186 0.00371 ( 1)
 133 F   0.12429 0.84985 0.00328 0.02258 ( 2)
 134 L   0.96218 0.01228 0.02522 0.00033 ( 1)
 135 H   0.00541 0.96871 0.00014 0.02574 ( 2)
 136 Y   0.90197 0.07227 0.02384 0.00192 ( 1)
 137 S   0.03732 0.93681 0.00098 0.02489 ( 2)
 138 P   0.94766 0.02660 0.02503 0.00071 ( 1)
 139 K   0.77342 0.20091 0.02034 0.00534 ( 1)
 140 I   0.69374 0.28058 0.01822 0.00745 ( 1)
 141 V   0.72244 0.25180 0.01906 0.00669 ( 1)
 142 A   0.94265 0.03174 0.02477 0.00084 ( 1)
 143 V   0.95392 0.02048 0.02506 0.00054 ( 1)
 144 I   0.52550 0.44872 0.01386 0.01192 ( 1)
 145 G   0.79560 0.17872 0.02093 0.00475 ( 1)
 146 P   0.62861 0.34560 0.01660 0.00918 ( 1)
 147 D   0.45027 0.52401 0.01180 0.01392 ( 2)
 148 S   0.00032 0.97380 0.00001 0.02587 ( 2)
 149 T   0.87774 0.09669 0.02300 0.00257 ( 1)
 150 D   0.09444 0.87971 0.00248 0.02337 ( 2)
 151 H   0.00014 0.97398 0.00000 0.02588 ( 2)
 152 A   0.61954 0.35468 0.01636 0.00942 ( 1)
 153 A   0.73344 0.24096 0.01921 0.00640 ( 1)
 154 T   0.62909 0.34525 0.01649 0.00917 ( 1)
 155 T   0.08291 0.89122 0.00220 0.02368 ( 2)
 156 A   0.94500 0.02947 0.02475 0.00078 ( 1)
 157 A   0.86458 0.10986 0.02264 0.00292 ( 1)
 158 L   0.91584 0.05845 0.02416 0.00155 ( 1)
 159 L   0.92404 0.05025 0.02438 0.00133 ( 1)
 160 S   0.85822 0.11618 0.02250 0.00309 ( 1)
 161 P   0.90535 0.06891 0.02391 0.00183 ( 1)
 162 F   0.39171 0.58255 0.01026 0.01548 ( 2)
 163 L   0.91729 0.05699 0.02420 0.00151 ( 1)
 164 V   0.35506 0.61919 0.00930 0.01645 ( 2)
 165 P   0.96330 0.01115 0.02525 0.00030 ( 1)
 166 L   0.16712 0.80703 0.00441 0.02144 ( 2)
 167 I   0.96768 0.00683 0.02531 0.00018 ( 1)
 168 S   0.96444 0.01001 0.02529 0.00027 ( 1)
 169 Y   0.93209 0.04215 0.02464 0.00112 ( 1)
 170 E   0.00381 0.97031 0.00010 0.02578 ( 2)
 171 A   0.96700 0.00748 0.02532 0.00020 ( 1)
 172 S   0.96444 0.01001 0.02529 0.00027 ( 1)
 173 S   0.96376 0.01069 0.02527 0.00028 ( 1)
 174 T   0.00037 0.97375 0.00001 0.02587 ( 2)
 175 T   0.02498 0.94914 0.00066 0.02522 ( 2)
 176 L   0.96018 0.01428 0.02516 0.00038 ( 1)
 177 S   0.45774 0.51653 0.01200 0.01372 ( 2)
 178 V   0.00058 0.97354 0.00002 0.02587 ( 2)
 179 K   0.95455 0.01982 0.02510 0.00053 ( 1)
 180 R   0.22765 0.74652 0.00600 0.01983 ( 2)
 181 Q   0.65745 0.31681 0.01733 0.00842 ( 1)
 182 Y   0.90969 0.06455 0.02405 0.00172 ( 1)
 183 P   0.96472 0.00973 0.02529 0.00026 ( 1)
 184 S   0.91685 0.05740 0.02423 0.00152 ( 1)
 185 F   0.96024 0.01424 0.02514 0.00038 ( 1)
 186 L   0.92695 0.04734 0.02446 0.00126 ( 1)
 187 R   0.96051 0.01391 0.02522 0.00037 ( 1)
 188 T   0.96569 0.00876 0.02531 0.00023 ( 1)
 189 I   0.92125 0.05324 0.02410 0.00141 ( 1)
 190 P   0.96472 0.00973 0.02529 0.00026 ( 1)
 191 S   0.31537 0.65886 0.00827 0.01751 ( 2)
 192 D   0.96602 0.00845 0.02531 0.00022 ( 1)
 193 R   0.32539 0.64882 0.00856 0.01724 ( 2)
 194 H   0.06851 0.90563 0.00180 0.02406 ( 2)
 195 Q   0.93850 0.03582 0.02474 0.00095 ( 1)
 196 V   0.95804 0.01636 0.02517 0.00043 ( 1)
 197 E   0.95740 0.01699 0.02516 0.00045 ( 1)
 198 V   0.52602 0.44828 0.01379 0.01191 ( 1)
 199 M   0.89736 0.07708 0.02351 0.00205 ( 1)
 200 V   0.95804 0.01636 0.02517 0.00043 ( 1)
 201 L   0.64424 0.33000 0.01700 0.00877 ( 1)
 202 L   0.92695 0.04734 0.02446 0.00126 ( 1)
 203 L   0.92675 0.04754 0.02445 0.00126 ( 1)
 204 Q   0.01793 0.95619 0.00047 0.02541 ( 2)
 205 R   0.28163 0.69256 0.00741 0.01840 ( 2)
 206 F   0.96754 0.00695 0.02533 0.00018 ( 1)
 207 R   0.00045 0.97367 0.00001 0.02587 ( 2)
 208 W   0.92934 0.04495 0.02452 0.00119 ( 1)
 209 V   0.44498 0.52929 0.01166 0.01406 ( 2)
 210 W   0.92934 0.04495 0.02452 0.00119 ( 1)
 211 I   0.96882 0.00569 0.02534 0.00015 ( 1)
 212 S   0.91743 0.05682 0.02424 0.00151 ( 1)
 213 L   0.92695 0.04734 0.02446 0.00126 ( 1)
 214 V   0.26661 0.70755 0.00704 0.01880 ( 2)
 215 G   0.96359 0.01085 0.02527 0.00029 ( 1)
 216 S   0.96385 0.01059 0.02527 0.00028 ( 1)
 217 Y   0.00134 0.97278 0.00004 0.02585 ( 2)
 218 G   0.77694 0.19744 0.02038 0.00525 ( 1)
 219 D   0.96644 0.00803 0.02532 0.00021 ( 1)
 220 Y   0.93209 0.04215 0.02464 0.00112 ( 1)
 221 G   0.95383 0.02053 0.02509 0.00055 ( 1)
 222 Q   0.74117 0.23310 0.01953 0.00619 ( 1)
 223 Q   0.11524 0.85888 0.00306 0.02282 ( 2)
 224 G   0.77120 0.20312 0.02029 0.00540 ( 1)
 225 V   0.95561 0.01879 0.02510 0.00050 ( 1)
 226 Q   0.71106 0.26320 0.01874 0.00699 ( 1)
 227 A   0.63237 0.34179 0.01675 0.00908 ( 1)
 228 L   0.92882 0.04547 0.02451 0.00121 ( 1)
 229 E   0.36448 0.60974 0.00958 0.01620 ( 2)
 230 N   0.00917 0.96495 0.00024 0.02564 ( 2)
 231 Q   0.70968 0.26459 0.01870 0.00703 ( 1)
 232 A   0.96700 0.00748 0.02532 0.00020 ( 1)
 233 T   0.95253 0.02174 0.02516 0.00058 ( 1)
 234 D   0.00149 0.97263 0.00004 0.02584 ( 2)
 235 Q   0.68989 0.28437 0.01818 0.00756 ( 1)
 236 G   0.34819 0.62602 0.00916 0.01663 ( 2)
 237 I   0.92033 0.05416 0.02407 0.00144 ( 1)
 238 C   0.96102 0.01339 0.02523 0.00036 ( 1)
 239 I   0.93195 0.04234 0.02458 0.00112 ( 1)
 240 A   0.92304 0.05123 0.02437 0.00136 ( 1)
 241 F   0.96754 0.00695 0.02533 0.00018 ( 1)
 242 K   0.95455 0.01982 0.02510 0.00053 ( 1)
 243 D   0.89672 0.07763 0.02358 0.00206 ( 1)
 244 I   0.41819 0.55610 0.01094 0.01477 ( 2)
 245 V   0.82711 0.14725 0.02173 0.00391 ( 1)
 246 P   0.96233 0.01211 0.02523 0.00032 ( 1)
 247 L   0.89976 0.07470 0.02356 0.00198 ( 1)
 248 S   0.58661 0.38760 0.01550 0.01030 ( 1)
 249 A   0.96700 0.00748 0.02532 0.00020 ( 1)
 250 R   0.00022 0.97389 0.00001 0.02588 ( 2)
 251 V   0.95266 0.02154 0.02523 0.00057 ( 1)
 252 G   0.94218 0.03225 0.02471 0.00086 ( 1)
 253 D   0.93047 0.04382 0.02455 0.00116 ( 1)
 254 E   0.35800 0.61619 0.00944 0.01637 ( 2)
 255 R   0.76250 0.21181 0.02006 0.00563 ( 1)
 256 M   0.96662 0.00785 0.02532 0.00021 ( 1)
 257 Q   0.71181 0.26246 0.01876 0.00697 ( 1)
 258 G   0.00461 0.96951 0.00012 0.02576 ( 2)
 259 M   0.07800 0.89613 0.00206 0.02381 ( 2)
 260 M   0.96662 0.00785 0.02532 0.00021 ( 1)
 261 N   0.00066 0.97346 0.00002 0.02586 ( 2)
 262 R   0.08429 0.88986 0.00221 0.02364 ( 2)
 263 L   0.92695 0.04734 0.02446 0.00126 ( 1)
 264 A   0.90632 0.06813 0.02373 0.00181 ( 1)
 265 R   0.02375 0.95038 0.00063 0.02525 ( 2)
 266 A   0.96553 0.00895 0.02528 0.00024 ( 1)
 267 G   0.00461 0.96951 0.00012 0.02576 ( 2)
 268 T   0.89224 0.08221 0.02337 0.00218 ( 1)
 269 T   0.81548 0.15893 0.02137 0.00422 ( 1)
 270 V   0.96448 0.00980 0.02546 0.00026 ( 1)
 271 V   0.95804 0.01636 0.02517 0.00043 ( 1)
 272 V   0.32042 0.65382 0.00839 0.01737 ( 2)
 273 V   0.92419 0.05008 0.02440 0.00133 ( 1)
 274 F   0.95709 0.01720 0.02525 0.00046 ( 1)
 275 S   0.96314 0.01130 0.02527 0.00030 ( 1)
 276 S   0.00593 0.96819 0.00016 0.02572 ( 2)
 277 R   0.11339 0.86076 0.00299 0.02287 ( 2)
 278 R   0.00029 0.97383 0.00001 0.02587 ( 2)
 279 L   0.08770 0.88644 0.00231 0.02355 ( 2)
 280 A   0.96700 0.00748 0.02532 0.00020 ( 1)
 281 R   0.79615 0.17818 0.02094 0.00473 ( 1)
 282 V   0.95804 0.01636 0.02517 0.00043 ( 1)
 283 F   0.96245 0.01184 0.02539 0.00031 ( 1)
 284 F   0.96439 0.01009 0.02525 0.00027 ( 1)
 285 E   0.95740 0.01699 0.02516 0.00045 ( 1)
 286 S   0.95814 0.01629 0.02514 0.00043 ( 1)
 287 V   0.95804 0.01636 0.02517 0.00043 ( 1)
 288 V   0.95804 0.01636 0.02517 0.00043 ( 1)
 289 L   0.92613 0.04804 0.02456 0.00128 ( 1)
 290 A   0.90558 0.06887 0.02371 0.00183 ( 1)
 291 N   0.89176 0.08267 0.02338 0.00220 ( 1)
 292 L   0.65272 0.32152 0.01722 0.00854 ( 1)
 293 T   0.91678 0.05748 0.02421 0.00153 ( 1)
 294 G   0.96359 0.01085 0.02527 0.00029 ( 1)
 295 K   0.95455 0.01982 0.02510 0.00053 ( 1)
 296 V   0.95804 0.01636 0.02517 0.00043 ( 1)
 297 W   0.92934 0.04495 0.02452 0.00119 ( 1)
 298 I   0.46278 0.51152 0.01212 0.01359 ( 2)
 299 A   0.96700 0.00748 0.02532 0.00020 ( 1)
 300 S   0.85152 0.12265 0.02257 0.00326 ( 1)
 301 E   0.89523 0.07914 0.02352 0.00210 ( 1)
 302 D   0.49275 0.48155 0.01290 0.01279 ( 1)
 303 W   0.92934 0.04495 0.02452 0.00119 ( 1)
 304 A   0.89512 0.07933 0.02343 0.00211 ( 1)
 305 I   0.89774 0.07669 0.02353 0.00204 ( 1)
 306 S   0.96314 0.01130 0.02527 0.00030 ( 1)
 307 R   0.04550 0.92863 0.00120 0.02467 ( 2)
 308 H   0.87126 0.10315 0.02285 0.00274 ( 1)
 309 I   0.96882 0.00569 0.02534 0.00015 ( 1)
 310 T   0.63022 0.34399 0.01664 0.00914 ( 1)
 311 G   0.28087 0.69332 0.00739 0.01842 ( 2)
 312 V   0.95535 0.01905 0.02510 0.00051 ( 1)
 313 P   0.95477 0.01968 0.02503 0.00052 ( 1)
 314 G   0.95201 0.02235 0.02504 0.00059 ( 1)
 315 I   0.96882 0.00569 0.02534 0.00015 ( 1)
 316 Q   0.19385 0.78030 0.00511 0.02073 ( 2)
 317 G   0.42033 0.55392 0.01104 0.01472 ( 2)
 318 I   0.94469 0.02961 0.02492 0.00079 ( 1)
 319 G   0.95141 0.02295 0.02503 0.00061 ( 1)
 320 T   0.00028 0.97378 0.00007 0.02587 ( 2)
 321 V   0.95866 0.01573 0.02518 0.00042 ( 1)
 322 L   0.92695 0.04734 0.02446 0.00126 ( 1)
 323 G   0.93416 0.04027 0.02450 0.00107 ( 1)
 324 V   0.95769 0.01671 0.02516 0.00044 ( 1)
 325 A   0.96700 0.00748 0.02532 0.00020 ( 1)
 326 I   0.96882 0.00569 0.02534 0.00015 ( 1)
 327 Q   0.93850 0.03582 0.02474 0.00095 ( 1)
 328 L   0.02755 0.94658 0.00072 0.02515 ( 2)
 329 R   0.30588 0.66831 0.00805 0.01776 ( 2)
 330 L   0.00012 0.97400 0.00000 0.02588 ( 2)
 331 V   0.90248 0.07198 0.02363 0.00191 ( 1)
 332 P   0.92430 0.04996 0.02441 0.00133 ( 1)
 333 G   0.87846 0.09595 0.02304 0.00255 ( 1)
 334 L   0.92665 0.04764 0.02445 0.00127 ( 1)
 335 K   0.81169 0.16264 0.02134 0.00432 ( 1)
 336 E   0.78655 0.18763 0.02083 0.00499 ( 1)
 337 F   0.66100 0.31324 0.01744 0.00832 ( 1)
 338 E   0.88407 0.09015 0.02339 0.00240 ( 1)
 339 E   0.93634 0.03789 0.02477 0.00101 ( 1)
 340 A   0.96700 0.00748 0.02532 0.00020 ( 1)
 341 Y   0.90105 0.07318 0.02382 0.00194 ( 1)
 342 A   0.90676 0.06769 0.02375 0.00180 ( 1)
 343 Q   0.00087 0.97325 0.00002 0.02586 ( 2)
 344 A   0.51435 0.45981 0.01362 0.01222 ( 1)
 345 D   0.96644 0.00803 0.02532 0.00021 ( 1)
 346 K   0.95455 0.01982 0.02510 0.00053 ( 1)
 347 G   0.00398 0.97014 0.00011 0.02578 ( 2)
 348 A   0.89675 0.07771 0.02348 0.00206 ( 1)
 349 P   0.03796 0.92772 0.00968 0.02465 ( 2)
 350 L   0.14040 0.83376 0.00369 0.02215 ( 2)
 351 P   0.45905 0.51513 0.01213 0.01369 ( 2)
 352 C   0.95921 0.01520 0.02518 0.00040 ( 1)
 353 P   0.00842 0.96570 0.00022 0.02566 ( 2)
 354 T   0.03087 0.94326 0.00081 0.02506 ( 2)
 355 G   0.87772 0.09669 0.02302 0.00257 ( 1)
 356 A   0.86113 0.11327 0.02259 0.00301 ( 1)
 357 W   0.68517 0.28916 0.01799 0.00768 ( 1)
 358 C   0.96102 0.01339 0.02523 0.00036 ( 1)
 359 S   0.96444 0.01001 0.02529 0.00027 ( 1)
 360 S   0.96444 0.01001 0.02529 0.00027 ( 1)
 361 N   0.92127 0.05300 0.02432 0.00141 ( 1)
 362 Q   0.93850 0.03582 0.02474 0.00095 ( 1)
 363 L   0.46495 0.50934 0.01217 0.01353 ( 2)
 364 C   0.95921 0.01520 0.02518 0.00040 ( 1)
 365 R   0.87659 0.09761 0.02321 0.00259 ( 1)
 366 E   0.08569 0.88844 0.00227 0.02360 ( 2)
 367 C   0.95894 0.01532 0.02534 0.00041 ( 1)
 368 C   0.00022 0.97390 0.00001 0.02588 ( 2)
 369 A   0.65585 0.31838 0.01732 0.00846 ( 1)
 370 F   0.96754 0.00695 0.02533 0.00018 ( 1)
 371 T   0.00004 0.97408 0.00000 0.02588 ( 2)
 372 A   0.06625 0.90788 0.00175 0.02412 ( 2)
 373 H   0.96381 0.01063 0.02528 0.00028 ( 1)
 374 T   0.00003 0.97409 0.00000 0.02588 ( 2)
 375 T   0.89761 0.07683 0.02351 0.00204 ( 1)
 376 P   0.96421 0.01024 0.02528 0.00027 ( 1)
 377 T   0.02486 0.94927 0.00065 0.02522 ( 2)
 378 L   0.95723 0.01722 0.02509 0.00046 ( 1)
 379 G   0.00008 0.97404 0.00000 0.02588 ( 2)
 380 P   0.50398 0.47031 0.01322 0.01250 ( 1)
 381 F   0.90609 0.06837 0.02372 0.00182 ( 1)
 382 S   0.96314 0.01130 0.02527 0.00030 ( 1)
 383 M   0.96662 0.00785 0.02532 0.00021 ( 1)
 384 S   0.91979 0.05447 0.02429 0.00145 ( 1)
 385 S   0.58436 0.38984 0.01544 0.01036 ( 1)
 386 A   0.96700 0.00748 0.02532 0.00020 ( 1)
 387 Y   0.95985 0.01456 0.02521 0.00039 ( 1)
 388 N   0.96499 0.00946 0.02530 0.00025 ( 1)
 389 V   0.23099 0.74320 0.00607 0.01975 ( 2)
 390 Y   0.95368 0.02072 0.02504 0.00055 ( 1)
 391 Q   0.01907 0.95506 0.00050 0.02537 ( 2)
 392 A   0.91064 0.06363 0.02404 0.00169 ( 1)
 393 V   0.95804 0.01636 0.02517 0.00043 ( 1)
 394 Y   0.93311 0.04113 0.02467 0.00109 ( 1)
 395 T   0.01744 0.95668 0.00046 0.02542 ( 2)
 396 V   0.95804 0.01636 0.02517 0.00043 ( 1)
 397 A   0.96673 0.00775 0.02532 0.00021 ( 1)
 398 H   0.92194 0.05233 0.02434 0.00139 ( 1)
 399 G   0.96359 0.01085 0.02527 0.00029 ( 1)
 400 L   0.96520 0.00926 0.02529 0.00025 ( 1)
 401 H   0.96403 0.01041 0.02528 0.00028 ( 1)
 402 Q   0.93850 0.03582 0.02474 0.00095 ( 1)
 403 L   0.96520 0.00926 0.02529 0.00025 ( 1)
 404 L   0.92695 0.04734 0.02446 0.00126 ( 1)
 405 G   0.96359 0.01085 0.02527 0.00029 ( 1)
 406 C   0.93682 0.03743 0.02475 0.00099 ( 1)
 407 A   0.88743 0.08702 0.02324 0.00231 ( 1)
 408 S   0.92249 0.05176 0.02437 0.00138 ( 1)
 409 G   0.85653 0.11765 0.02270 0.00313 ( 1)
 410 A   0.81307 0.16119 0.02146 0.00428 ( 1)
 411 C   0.90880 0.06545 0.02401 0.00174 ( 1)
 412 S   0.96314 0.01130 0.02527 0.00030 ( 1)
 413 R   0.95237 0.02199 0.02505 0.00058 ( 1)
 414 S   0.46511 0.50916 0.01220 0.01353 ( 2)
 415 Q   0.00680 0.96732 0.00018 0.02570 ( 2)
 416 V   0.96709 0.00740 0.02532 0.00020 ( 1)
 417 Y   0.35365 0.62057 0.00929 0.01649 ( 2)
 418 P   0.96412 0.01033 0.02528 0.00027 ( 1)
 419 W   0.92934 0.04495 0.02452 0.00119 ( 1)
 420 Q   0.93850 0.03582 0.02474 0.00095 ( 1)
 421 L   0.91505 0.05921 0.02417 0.00157 ( 1)
 422 L   0.92302 0.05126 0.02435 0.00136 ( 1)
 423 E   0.82852 0.14583 0.02177 0.00387 ( 1)
 424 Q   0.93850 0.03582 0.02474 0.00095 ( 1)
 425 I   0.96882 0.00569 0.02534 0.00015 ( 1)
 426 H   0.00723 0.96689 0.00019 0.02569 ( 2)
 427 K   0.95395 0.02043 0.02508 0.00054 ( 1)
 428 A   0.84198 0.13238 0.02212 0.00352 ( 1)
 429 N   0.62487 0.34935 0.01650 0.00928 ( 1)
 430 F   0.96733 0.00715 0.02533 0.00019 ( 1)
 431 L   0.91505 0.05921 0.02417 0.00157 ( 1)
 432 L   0.83203 0.14213 0.02206 0.00378 ( 1)
 433 H   0.96163 0.01281 0.02522 0.00034 ( 1)
 434 E   0.00459 0.96953 0.00012 0.02576 ( 2)
 435 D   0.96644 0.00803 0.02532 0.00021 ( 1)
 436 T   0.92447 0.04979 0.02442 0.00132 ( 1)
 437 V   0.95804 0.01636 0.02517 0.00043 ( 1)
 438 T   0.00155 0.97257 0.00004 0.02584 ( 2)
 439 F   0.65795 0.31629 0.01736 0.00840 ( 1)
 440 N   0.15173 0.82241 0.00401 0.02185 ( 2)
 441 D   0.96644 0.00803 0.02532 0.00021 ( 1)
 442 N   0.93841 0.03587 0.02477 0.00095 ( 1)
 443 G   0.14297 0.83116 0.00379 0.02208 ( 2)
 444 D   0.31028 0.66396 0.00813 0.01764 ( 2)
 445 P   0.88105 0.09337 0.02310 0.00248 ( 1)
 446 L   0.39840 0.57586 0.01044 0.01530 ( 2)
 447 S   0.91853 0.05574 0.02425 0.00148 ( 1)
 448 G   0.86983 0.10458 0.02281 0.00278 ( 1)
 449 Y   0.90105 0.07318 0.02382 0.00194 ( 1)
 450 N   0.08554 0.88861 0.00224 0.02361 ( 2)
 451 I   0.93194 0.04235 0.02459 0.00113 ( 1)
 452 I   0.93195 0.04234 0.02458 0.00112 ( 1)
 453 A   0.90548 0.06898 0.02371 0.00183 ( 1)
 454 W   0.92934 0.04495 0.02452 0.00119 ( 1)
 455 D   0.96644 0.00803 0.02532 0.00021 ( 1)
 456 W   0.92934 0.04495 0.02452 0.00119 ( 1)
 457 I   0.01663 0.95749 0.00044 0.02544 ( 2)
 458 G   0.94947 0.02490 0.02498 0.00066 ( 1)
 459 F   0.48060 0.49365 0.01264 0.01312 ( 2)
 460 K   0.82811 0.14623 0.02177 0.00389 ( 1)
 461 W   0.92934 0.04495 0.02452 0.00119 ( 1)
 462 T   0.96569 0.00876 0.02531 0.00023 ( 1)
 463 F   0.96643 0.00805 0.02530 0.00021 ( 1)
 464 T   0.94422 0.02996 0.02501 0.00080 ( 1)
 465 V   0.38538 0.58889 0.01009 0.01565 ( 2)
 466 I   0.02336 0.95077 0.00061 0.02526 ( 2)
 467 G   0.95524 0.01902 0.02524 0.00051 ( 1)
 468 S   0.96252 0.01191 0.02525 0.00032 ( 1)
 469 S   0.96314 0.01130 0.02527 0.00030 ( 1)
 470 T   0.87523 0.09895 0.02319 0.00263 ( 1)
 471 A   0.14937 0.82478 0.00394 0.02191 ( 2)
 472 S   0.57177 0.40243 0.01511 0.01069 ( 1)
 473 P   0.84819 0.12599 0.02247 0.00335 ( 1)
 474 V   0.61647 0.35775 0.01627 0.00951 ( 1)
 475 R   0.00096 0.97316 0.00003 0.02586 ( 2)
 476 L   0.86754 0.10663 0.02300 0.00283 ( 1)
 477 D   0.87882 0.09561 0.02302 0.00254 ( 1)
 478 I   0.93001 0.04428 0.02453 0.00118 ( 1)
 479 N   0.92127 0.05300 0.02432 0.00141 ( 1)
 480 E   0.82866 0.14570 0.02177 0.00387 ( 1)
 481 T   0.96568 0.00878 0.02531 0.00023 ( 1)
 482 K   0.87453 0.09967 0.02315 0.00265 ( 1)
 483 I   0.96842 0.00609 0.02533 0.00016 ( 1)
 484 Q   0.93850 0.03582 0.02474 0.00095 ( 1)
 485 W   0.92934 0.04495 0.02452 0.00119 ( 1)
 486 H   0.85403 0.12023 0.02255 0.00319 ( 1)
 487 R   0.06572 0.90841 0.00174 0.02414 ( 2)
 488 K   0.95455 0.01982 0.02510 0.00053 ( 1)
 489 D   0.90167 0.07278 0.02362 0.00193 ( 1)
 490 N   0.96523 0.00922 0.02530 0.00024 ( 1)
 491 Q   0.93850 0.03582 0.02474 0.00095 ( 1)
 492 V   0.95769 0.01671 0.02516 0.00044 ( 1)
 493 P   0.92050 0.05376 0.02431 0.00143 ( 1)
 494 Q   0.30711 0.66709 0.00808 0.01772 ( 2)
 495 S   0.90850 0.06574 0.02400 0.00175 ( 1)
 496 V   0.95804 0.01636 0.02517 0.00043 ( 1)
 497 C   0.94587 0.02838 0.02499 0.00075 ( 1)
 498 S   0.96314 0.01130 0.02527 0.00030 ( 1)
 499 S   0.95188 0.02239 0.02513 0.00059 ( 1)
 500 D   0.96594 0.00853 0.02530 0.00023 ( 1)
 501 C   0.91387 0.06038 0.02415 0.00160 ( 1)
 502 L   0.91505 0.05921 0.02417 0.00157 ( 1)
 503 E   0.48839 0.48578 0.01292 0.01291 ( 1)
 504 G   0.94862 0.02574 0.02495 0.00068 ( 1)
 505 H   0.87979 0.09462 0.02307 0.00251 ( 1)
 506 Q   0.93850 0.03582 0.02474 0.00095 ( 1)
 507 R   0.05316 0.92096 0.00141 0.02447 ( 2)
 508 V   0.95804 0.01636 0.02517 0.00043 ( 1)
 509 V   0.92572 0.04855 0.02444 0.00129 ( 1)
 510 V   0.00031 0.97381 0.00001 0.02587 ( 2)
 511 G   0.58079 0.39341 0.01534 0.01045 ( 1)
 512 S   0.90767 0.06679 0.02376 0.00177 ( 1)
 513 H   0.17616 0.79799 0.00465 0.02120 ( 2)
 514 H   0.88217 0.09226 0.02313 0.00245 ( 1)
 515 C   0.91143 0.06282 0.02408 0.00167 ( 1)
 516 C   0.96102 0.01339 0.02523 0.00036 ( 1)
 517 F   0.93871 0.03558 0.02477 0.00095 ( 1)
 518 E   0.83092 0.14344 0.02183 0.00381 ( 1)
 519 C   0.90880 0.06545 0.02401 0.00174 ( 1)
 520 V   0.94841 0.02599 0.02491 0.00069 ( 1)
 521 P   0.96160 0.01285 0.02521 0.00034 ( 1)
 522 C   0.90962 0.06463 0.02403 0.00172 ( 1)
 523 E   0.27353 0.70066 0.00720 0.01862 ( 2)
 524 S   0.59562 0.37860 0.01572 0.01006 ( 1)
 525 G   0.95105 0.02331 0.02502 0.00062 ( 1)
 526 T   0.32000 0.65423 0.00839 0.01738 ( 2)
 527 F   0.55497 0.41936 0.01453 0.01114 ( 1)
 528 L   0.43611 0.53807 0.01152 0.01430 ( 2)
 529 N   0.50244 0.47185 0.01317 0.01254 ( 1)
 530 K   0.32249 0.65172 0.00848 0.01732 ( 2)
 531 S   0.91102 0.06325 0.02406 0.00168 ( 1)
 532 D   0.96370 0.01077 0.02524 0.00029 ( 1)
 533 L   0.85838 0.11604 0.02250 0.00308 ( 1)
 534 Y   0.82027 0.15410 0.02154 0.00409 ( 1)
 535 R   0.10866 0.86547 0.00288 0.02299 ( 2)
 536 C   0.95642 0.01799 0.02511 0.00048 ( 1)
 537 Q   0.93850 0.03582 0.02474 0.00095 ( 1)
 538 P   0.58796 0.38624 0.01553 0.01026 ( 1)
 539 C   0.90880 0.06545 0.02401 0.00174 ( 1)
 540 G   0.95201 0.02235 0.02504 0.00059 ( 1)
 541 K   0.88483 0.08937 0.02342 0.00237 ( 1)
 542 E   0.88407 0.09015 0.02339 0.00240 ( 1)
 543 E   0.95737 0.01702 0.02516 0.00045 ( 1)
 544 W   0.92934 0.04495 0.02452 0.00119 ( 1)
 545 A   0.85483 0.11935 0.02264 0.00317 ( 1)
 546 P   0.92481 0.04945 0.02443 0.00131 ( 1)
 547 E   0.05083 0.92330 0.00134 0.02453 ( 2)
 548 G   0.37853 0.59561 0.01003 0.01582 ( 2)
 549 S   0.96444 0.01001 0.02529 0.00027 ( 1)
 550 Q   0.93850 0.03582 0.02474 0.00095 ( 1)
 551 T   0.88360 0.09083 0.02316 0.00241 ( 1)
 552 C   0.96102 0.01339 0.02523 0.00036 ( 1)
 553 F   0.96672 0.00776 0.02531 0.00021 ( 1)
 554 P   0.49804 0.47611 0.01320 0.01265 ( 1)
 555 R   0.95312 0.02129 0.02502 0.00057 ( 1)
 556 T   0.92575 0.04851 0.02445 0.00129 ( 1)
 557 V   0.95539 0.01901 0.02510 0.00051 ( 1)
 558 V   0.83632 0.13804 0.02197 0.00367 ( 1)
 559 F   0.15650 0.81765 0.00413 0.02172 ( 2)
 560 L   0.92622 0.04806 0.02444 0.00128 ( 1)
 561 A   0.13444 0.83970 0.00355 0.02231 ( 2)
 562 W   0.16744 0.80670 0.00442 0.02143 ( 2)
 563 H   0.15595 0.81818 0.00413 0.02174 ( 2)
 564 E   0.95740 0.01699 0.02516 0.00045 ( 1)
 565 C   0.00843 0.96569 0.00022 0.02566 ( 2)
 566 I   0.90024 0.07420 0.02359 0.00197 ( 1)
 567 S   0.90850 0.06574 0.02400 0.00175 ( 1)
 568 W   0.92934 0.04495 0.02452 0.00119 ( 1)
 569 V   0.95804 0.01636 0.02517 0.00043 ( 1)
 570 L   0.92358 0.05071 0.02437 0.00135 ( 1)
 571 L   0.92660 0.04769 0.02445 0.00127 ( 1)
 572 A   0.40503 0.56913 0.01073 0.01512 ( 2)
 573 A   0.64230 0.33192 0.01696 0.00882 ( 1)
 574 N   0.95047 0.02397 0.02491 0.00064 ( 1)
 575 T   0.76285 0.21133 0.02021 0.00561 ( 1)
 576 L   0.16410 0.81005 0.00433 0.02152 ( 2)
 577 L   0.92526 0.04903 0.02441 0.00130 ( 1)
 578 L   0.92683 0.04745 0.02445 0.00126 ( 1)
 579 V   0.65278 0.32146 0.01722 0.00854 ( 1)
 580 V   0.65187 0.32237 0.01720 0.00856 ( 1)
 581 V   0.66369 0.31055 0.01751 0.00825 ( 1)
 582 V   0.13780 0.83634 0.00364 0.02222 ( 2)
 583 G   0.95300 0.02137 0.02507 0.00057 ( 1)
 584 T   0.60050 0.37371 0.01586 0.00993 ( 1)
 585 V   0.61826 0.35596 0.01632 0.00946 ( 1)
 586 G   0.96116 0.01328 0.02521 0.00035 ( 1)
 587 L   0.92695 0.04734 0.02446 0.00126 ( 1)
 588 F   0.92861 0.04568 0.02450 0.00121 ( 1)
 589 A   0.96653 0.00795 0.02531 0.00021 ( 1)
 590 W   0.92934 0.04495 0.02452 0.00119 ( 1)
 591 H   0.96407 0.01037 0.02528 0.00028 ( 1)
 592 Q   0.34331 0.63083 0.00910 0.01676 ( 2)
 593 D   0.96644 0.00803 0.02532 0.00021 ( 1)
 594 T   0.96483 0.00963 0.02529 0.00026 ( 1)
 595 P   0.91301 0.06125 0.02412 0.00163 ( 1)
 596 V   0.95804 0.01636 0.02517 0.00043 ( 1)
 597 V   0.95745 0.01695 0.02515 0.00045 ( 1)
 598 R   0.95237 0.02199 0.02505 0.00058 ( 1)
 599 S   0.83379 0.14038 0.02210 0.00373 ( 1)
 600 A   0.89645 0.07774 0.02375 0.00207 ( 1)
 601 G   0.95201 0.02235 0.02504 0.00059 ( 1)
 602 G   0.96359 0.01085 0.02527 0.00029 ( 1)
 603 W   0.00349 0.97063 0.00009 0.02579 ( 2)
 604 L   0.92695 0.04734 0.02446 0.00126 ( 1)
 605 C   0.96086 0.01355 0.02523 0.00036 ( 1)
 606 F   0.95709 0.01720 0.02525 0.00046 ( 1)
 607 L   0.95299 0.02128 0.02517 0.00057 ( 1)
 608 M   0.96662 0.00785 0.02532 0.00021 ( 1)
 609 L   0.92404 0.05025 0.02438 0.00134 ( 1)
 610 G   0.96243 0.01201 0.02524 0.00032 ( 1)
 611 S   0.96237 0.01206 0.02525 0.00032 ( 1)
 612 L   0.92695 0.04734 0.02446 0.00126 ( 1)
 613 A   0.87006 0.10413 0.02305 0.00277 ( 1)
 614 G   0.00954 0.96458 0.00025 0.02563 ( 2)
 615 A   0.55944 0.41477 0.01478 0.01102 ( 1)
 616 S   0.96156 0.01288 0.02521 0.00034 ( 1)
 617 C   0.00763 0.96650 0.00020 0.02568 ( 2)
 618 S   0.96444 0.01001 0.02529 0.00027 ( 1)
 619 L   0.88682 0.08761 0.02324 0.00233 ( 1)
 620 Y   0.90105 0.07318 0.02382 0.00194 ( 1)
 621 G   0.96331 0.01113 0.02527 0.00030 ( 1)
 622 F   0.96715 0.00733 0.02532 0.00019 ( 1)
 623 F   0.92861 0.04568 0.02450 0.00121 ( 1)
 624 G   0.94862 0.02574 0.02495 0.00068 ( 1)
 625 E   0.94773 0.02666 0.02490 0.00071 ( 1)
 626 P   0.96324 0.01121 0.02525 0.00030 ( 1)
 627 T   0.50811 0.46615 0.01336 0.01238 ( 1)
 628 L   0.13612 0.83803 0.00358 0.02227 ( 2)
 629 P   0.71203 0.26220 0.01881 0.00697 ( 1)
 630 A   0.46701 0.50715 0.01237 0.01347 ( 2)
 631 C   0.95921 0.01520 0.02518 0.00040 ( 1)
 632 L   0.91486 0.05942 0.02414 0.00158 ( 1)
 633 L   0.92669 0.04760 0.02445 0.00126 ( 1)
 634 R   0.96064 0.01378 0.02522 0.00037 ( 1)
 635 Q   0.93502 0.03930 0.02464 0.00104 ( 1)
 636 A   0.88337 0.09107 0.02313 0.00242 ( 1)
 637 I   0.87795 0.09648 0.02301 0.00256 ( 1)
 638 F   0.92861 0.04568 0.02450 0.00121 ( 1)
 639 A   0.96579 0.00869 0.02529 0.00023 ( 1)
 640 L   0.92243 0.05183 0.02436 0.00138 ( 1)
 641 G   0.91201 0.06224 0.02409 0.00165 ( 1)
 642 F   0.96024 0.01424 0.02514 0.00038 ( 1)
 643 T   0.87239 0.10204 0.02286 0.00271 ( 1)
 644 I   0.92161 0.05288 0.02411 0.00140 ( 1)
 645 F   0.96729 0.00719 0.02533 0.00019 ( 1)
 646 L   0.92670 0.04759 0.02445 0.00126 ( 1)
 647 S   0.96299 0.01144 0.02526 0.00030 ( 1)
 648 C   0.96102 0.01339 0.02523 0.00036 ( 1)
 649 L   0.65272 0.32152 0.01722 0.00854 ( 1)
 650 T   0.85341 0.12077 0.02261 0.00321 ( 1)
 651 V   0.92102 0.05325 0.02431 0.00141 ( 1)
 652 R   0.96027 0.01415 0.02521 0.00038 ( 1)
 653 S   0.95804 0.01639 0.02513 0.00044 ( 1)
 654 F   0.96754 0.00695 0.02533 0.00018 ( 1)
 655 Q   0.86588 0.10832 0.02293 0.00288 ( 1)
 656 L   0.89009 0.08407 0.02360 0.00223 ( 1)
 657 V   0.89284 0.08163 0.02336 0.00217 ( 1)
 658 I   0.96882 0.00569 0.02534 0.00015 ( 1)
 659 I   0.96810 0.00640 0.02532 0.00017 ( 1)
 660 F   0.96754 0.00695 0.02533 0.00018 ( 1)
 661 K   0.95455 0.01982 0.02510 0.00053 ( 1)
 662 F   0.92861 0.04568 0.02450 0.00121 ( 1)
 663 S   0.96233 0.01210 0.02525 0.00032 ( 1)
 664 T   0.52786 0.44645 0.01382 0.01186 ( 1)
 665 K   0.95308 0.02129 0.02506 0.00057 ( 1)
 666 V   0.08273 0.89139 0.00219 0.02368 ( 2)
 667 P   0.95074 0.02352 0.02511 0.00063 ( 1)
 668 T   0.11908 0.85508 0.00312 0.02272 ( 2)
 669 F   0.96754 0.00695 0.02533 0.00018 ( 1)
 670 Y   0.39727 0.57697 0.01043 0.01533 ( 2)
 671 H   0.15805 0.81612 0.00415 0.02168 ( 2)
 672 T   0.55069 0.42363 0.01442 0.01126 ( 1)
 673 W   0.92934 0.04495 0.02452 0.00119 ( 1)
 674 V   0.96596 0.00852 0.02529 0.00023 ( 1)
 675 Q   0.86128 0.11292 0.02281 0.00300 ( 1)
 676 N   0.96523 0.00922 0.02530 0.00024 ( 1)
 677 H   0.95968 0.01460 0.02534 0.00039 ( 1)
 678 G   0.91012 0.06413 0.02404 0.00170 ( 1)
 679 A   0.93118 0.04309 0.02458 0.00114 ( 1)
 680 A   0.05994 0.91420 0.00157 0.02429 ( 2)
 681 L   0.92695 0.04734 0.02446 0.00126 ( 1)
 682 F   0.92861 0.04568 0.02450 0.00121 ( 1)
 683 I   0.63089 0.34342 0.01657 0.00912 ( 1)
 684 M   0.36518 0.60908 0.00957 0.01618 ( 2)
 685 I   0.96844 0.00606 0.02533 0.00016 ( 1)
 686 S   0.88495 0.08947 0.02321 0.00238 ( 1)
 687 S   0.83379 0.14038 0.02210 0.00373 ( 1)
 688 M   0.00603 0.96809 0.00016 0.02572 ( 2)
 689 A   0.06790 0.90623 0.00179 0.02408 ( 2)
 690 Q   0.93850 0.03582 0.02474 0.00095 ( 1)
 691 L   0.92354 0.05075 0.02437 0.00135 ( 1)
 692 L   0.91930 0.05497 0.02428 0.00146 ( 1)
 693 I   0.96882 0.00569 0.02534 0.00015 ( 1)
 694 C   0.90942 0.06483 0.02403 0.00172 ( 1)
 695 L   0.83203 0.14213 0.02206 0.00378 ( 1)
 696 T   0.92539 0.04888 0.02444 0.00130 ( 1)
 697 W   0.92934 0.04495 0.02452 0.00119 ( 1)
 698 L   0.92023 0.05405 0.02428 0.00144 ( 1)
 699 A   0.31609 0.65812 0.00830 0.01749 ( 2)
 700 V   0.70320 0.11570 0.17803 0.00307 ( 1)
 701 W   0.92934 0.04495 0.02452 0.00119 ( 1)
 702 T   0.96319 0.01108 0.02544 0.00029 ( 1)
 703 P   0.84819 0.12599 0.02247 0.00335 ( 1)
 704 L   0.92695 0.04734 0.02446 0.00126 ( 1)
 705 P   0.96315 0.01130 0.02525 0.00030 ( 1)
 706 T   0.80021 0.17403 0.02113 0.00462 ( 1)
 707 R   0.93051 0.04385 0.02448 0.00117 ( 1)
 708 E   0.88407 0.09015 0.02339 0.00240 ( 1)
 709 Y   0.95798 0.01643 0.02516 0.00044 ( 1)
 710 Q   0.20586 0.76830 0.00543 0.02041 ( 2)
 711 R   0.96068 0.01374 0.02522 0.00036 ( 1)
 712 F   0.96672 0.00776 0.02531 0.00021 ( 1)
 713 P   0.96324 0.01121 0.02525 0.00030 ( 1)
 714 Q   0.68319 0.29104 0.01804 0.00773 ( 1)
 715 L   0.92695 0.04734 0.02446 0.00126 ( 1)
 716 V   0.95539 0.01901 0.02510 0.00051 ( 1)
 717 V   0.49975 0.47455 0.01309 0.01261 ( 1)
 718 L   0.91505 0.05921 0.02417 0.00157 ( 1)
 719 E   0.81435 0.16000 0.02140 0.00425 ( 1)
 720 C   0.96102 0.01339 0.02523 0.00036 ( 1)
 721 T   0.85064 0.12354 0.02254 0.00328 ( 1)
 722 E   0.95740 0.01699 0.02516 0.00045 ( 1)
 723 T   0.00067 0.97345 0.00002 0.02586 ( 2)
 724 N   0.84717 0.12725 0.02221 0.00338 ( 1)
 725 S   0.93995 0.03448 0.02466 0.00092 ( 1)
 726 L   0.92695 0.04734 0.02446 0.00126 ( 1)
 727 G   0.96359 0.01085 0.02527 0.00029 ( 1)
 728 F   0.96754 0.00695 0.02533 0.00018 ( 1)
 729 M   0.27669 0.69748 0.00730 0.01853 ( 2)
 730 L   0.92670 0.04759 0.02445 0.00126 ( 1)
 731 A   0.96700 0.00748 0.02532 0.00020 ( 1)
 732 F   0.96367 0.01062 0.02542 0.00028 ( 1)
 733 G   0.00084 0.97328 0.00002 0.02586 ( 2)
 734 Y   0.95985 0.01456 0.02521 0.00039 ( 1)
 735 N   0.92127 0.05300 0.02432 0.00141 ( 1)
 736 G   0.86626 0.10814 0.02272 0.00287 ( 1)
 737 L   0.96337 0.01090 0.02544 0.00029 ( 1)
 738 L   0.96432 0.01014 0.02527 0.00027 ( 1)
 739 S   0.95612 0.01831 0.02508 0.00049 ( 1)
 740 V   0.09079 0.88337 0.00237 0.02347 ( 2)
 741 S   0.95482 0.01945 0.02521 0.00052 ( 1)
 742 A   0.96610 0.00838 0.02530 0.00022 ( 1)
 743 F   0.92861 0.04568 0.02450 0.00121 ( 1)
 744 A   0.96528 0.00919 0.02528 0.00024 ( 1)
 745 C   0.95973 0.01469 0.02520 0.00039 ( 1)
 746 S   0.88445 0.08997 0.02319 0.00239 ( 1)
 747 Y   0.95985 0.01456 0.02521 0.00039 ( 1)
 748 L   0.65289 0.32135 0.01723 0.00854 ( 1)
 749 G   0.96324 0.01120 0.02526 0.00030 ( 1)
 750 K   0.95308 0.02129 0.02506 0.00057 ( 1)
 751 D   0.96644 0.00803 0.02532 0.00021 ( 1)
 752 L   0.92565 0.04864 0.02442 0.00129 ( 1)
 753 P   0.84819 0.12599 0.02247 0.00335 ( 1)
 754 E   0.95740 0.01699 0.02516 0.00045 ( 1)
 755 N   0.96523 0.00922 0.02530 0.00024 ( 1)
 756 Y   0.93906 0.03535 0.02466 0.00094 ( 1)
 757 N   0.88243 0.09200 0.02313 0.00244 ( 1)
 758 E   0.95740 0.01699 0.02516 0.00045 ( 1)
 759 A   0.96653 0.00795 0.02531 0.00021 ( 1)
 760 K   0.87453 0.09967 0.02315 0.00265 ( 1)
 761 C   0.90880 0.06545 0.02401 0.00174 ( 1)
 762 V   0.96709 0.00740 0.02532 0.00020 ( 1)
 763 T   0.96334 0.01112 0.02525 0.00030 ( 1)
 764 F   0.96439 0.01009 0.02525 0.00027 ( 1)
 765 G   0.47010 0.50418 0.01233 0.01340 ( 2)
 766 L   0.92676 0.04752 0.02445 0.00126 ( 1)
 767 L   0.96520 0.00926 0.02529 0.00025 ( 1)
 768 L   0.88847 0.08599 0.02326 0.00228 ( 1)
 769 N   0.86688 0.10754 0.02272 0.00286 ( 1)
 770 F   0.96672 0.00776 0.02531 0.00021 ( 1)
 771 V   0.38192 0.59234 0.01000 0.01574 ( 2)
 772 S   0.96314 0.01130 0.02527 0.00030 ( 1)
 773 W   0.92934 0.04495 0.02452 0.00119 ( 1)
 774 I   0.96882 0.00569 0.02534 0.00015 ( 1)
 775 A   0.53426 0.44006 0.01399 0.01169 ( 1)
 776 F   0.90721 0.06726 0.02375 0.00179 ( 1)
 777 F   0.96711 0.00737 0.02532 0.00020 ( 1)
 778 T   0.96547 0.00899 0.02530 0.00024 ( 1)
 779 V   0.04054 0.93359 0.00107 0.02480 ( 2)
 780 A   0.96597 0.00830 0.02550 0.00022 ( 1)
 781 S   0.87592 0.09833 0.02313 0.00261 ( 1)
 782 V   0.90651 0.06795 0.02373 0.00181 ( 1)
 783 Y   0.84074 0.13363 0.02208 0.00355 ( 1)
 784 Q   0.32692 0.64732 0.00856 0.01720 ( 2)
 785 G   0.87458 0.09983 0.02294 0.00265 ( 1)
 786 K   0.95455 0.01982 0.02510 0.00053 ( 1)
 787 Y   0.95755 0.01670 0.02531 0.00044 ( 1)
 788 L   0.65268 0.32156 0.01722 0.00854 ( 1)
 789 P   0.87764 0.09678 0.02301 0.00257 ( 1)
 790 A   0.79252 0.18183 0.02082 0.00483 ( 1)
 791 V   0.88441 0.09005 0.02315 0.00239 ( 1)
 792 N   0.95657 0.01788 0.02507 0.00048 ( 1)
 793 V   0.40994 0.56433 0.01074 0.01499 ( 2)
 794 L   0.69588 0.27836 0.01836 0.00740 ( 1)
 795 A   0.95478 0.01949 0.02521 0.00052 ( 1)
 796 V   0.00268 0.97144 0.00007 0.02581 ( 2)
 797 L   0.69136 0.28289 0.01824 0.00752 ( 1)
 798 S   0.96444 0.01001 0.02529 0.00027 ( 1)
 799 S   0.96444 0.01001 0.02529 0.00027 ( 1)
 800 L   0.92687 0.04741 0.02445 0.00126 ( 1)
 801 S   0.88524 0.08918 0.02321 0.00237 ( 1)
 802 S   0.96205 0.01240 0.02523 0.00033 ( 1)
 803 G   0.96359 0.01085 0.02527 0.00029 ( 1)
 804 F   0.96754 0.00695 0.02533 0.00018 ( 1)
 805 S   0.80152 0.17287 0.02102 0.00459 ( 1)
 806 G   0.95598 0.01839 0.02515 0.00049 ( 1)
 807 Y   0.90105 0.07318 0.02382 0.00194 ( 1)
 808 F   0.95709 0.01720 0.02525 0.00046 ( 1)
 809 L   0.95427 0.02002 0.02518 0.00053 ( 1)
 810 P   0.96354 0.01091 0.02526 0.00029 ( 1)
 811 K   0.95254 0.02183 0.02505 0.00058 ( 1)
 812 C   0.96102 0.01339 0.02523 0.00036 ( 1)
 813 Y   0.92615 0.04825 0.02432 0.00128 ( 1)
 814 V   0.95329 0.02111 0.02504 0.00056 ( 1)
 815 I   0.96882 0.00569 0.02534 0.00015 ( 1)
 816 V   0.87306 0.10136 0.02288 0.00269 ( 1)
 817 C   0.85871 0.11567 0.02254 0.00307 ( 1)
 818 R   0.95753 0.01688 0.02514 0.00045 ( 1)
 819 P   0.44607 0.52808 0.01182 0.01403 ( 2)
 820 D   0.95443 0.02004 0.02500 0.00053 ( 1)
 821 L   0.95931 0.01514 0.02514 0.00040 ( 1)
 822 N   0.96424 0.01022 0.02528 0.00027 ( 1)
 823 S   0.88496 0.08946 0.02321 0.00238 ( 1)
 824 T   0.86558 0.10861 0.02293 0.00289 ( 1)
 825 E   0.95740 0.01699 0.02516 0.00045 ( 1)
 826 H   0.96407 0.01037 0.02528 0.00028 ( 1)
 827 F   0.96643 0.00805 0.02530 0.00021 ( 1)
 828 Q   0.93850 0.03582 0.02474 0.00095 ( 1)
 829 A   0.96690 0.00758 0.02532 0.00020 ( 1)
 830 S   0.96314 0.01130 0.02527 0.00030 ( 1)
 831 I   0.95924 0.01506 0.02530 0.00040 ( 1)
 832 Q   0.93850 0.03582 0.02474 0.00095 ( 1)
 833 D   0.89989 0.07456 0.02357 0.00198 ( 1)
 834 Y   0.95985 0.01456 0.02521 0.00039 ( 1)
 835 T   0.95319 0.02118 0.02506 0.00056 ( 1)
 836 R   0.95237 0.02199 0.02505 0.00058 ( 1)
 837 R   0.85677 0.11764 0.02247 0.00313 ( 1)
 838 W   0.01760 0.95652 0.00046 0.02541 ( 2)
 839 G   0.05354 0.92059 0.00140 0.02446 ( 2)
 840 S   0.83889 0.13550 0.02201 0.00360 ( 1)
 841 T   0.96127 0.01319 0.02519 0.00035 ( 1)


lnL = -10657.008833

