Supplemental results for CODEML (seqf: Human_TAS1R3_orthologues_DNA_aligned.txt  treef: TAS1R3_revised_tree_following_error_message.txt)


MLEs of dN/dS (w) for site classes (K=4)

site class             0        1       2a       2b
proportion       0.00000  0.00000  0.83787  0.16212
background w     0.10137  1.00000  0.10137  1.00000
foreground w     0.10137  1.00000  1.00000  1.00000

Naive Empirical Bayes (NEB) probabilities for 4 classes
(amino acids refer to 1st sequence: 1.Bushbaby)

   1 -   0.00001 0.00000 0.84933 0.15066 ( 3)
   2 -   0.00001 0.00000 0.84642 0.15358 ( 3)
   3 -   0.00001 0.00000 0.84960 0.15040 ( 3)
   4 -   0.00001 0.00000 0.84891 0.15108 ( 3)
   5 -   0.00001 0.00000 0.84663 0.15336 ( 3)
   6 -   0.00000 0.00000 0.83934 0.16065 ( 3)
   7 -   0.00001 0.00000 0.84980 0.15020 ( 3)
   8 -   0.00001 0.00000 0.84844 0.15155 ( 3)
   9 -   0.00000 0.00000 0.84261 0.15739 ( 3)
  10 -   0.00000 0.00000 0.35871 0.64129 ( 4)
  11 -   0.00001 0.00000 0.84787 0.15212 ( 3)
  12 -   0.00001 0.00000 0.84492 0.15507 ( 3)
  13 -   0.00001 0.00000 0.84492 0.15507 ( 3)
  14 -   0.00000 0.00000 0.84000 0.16000 ( 3)
  15 -   0.00001 0.00000 0.84843 0.15156 ( 3)
  16 -   0.00001 0.00000 0.84980 0.15020 ( 3)
  17 -   0.00000 0.00000 0.83957 0.16042 ( 3)
  18 -   0.00001 0.00000 0.84980 0.15020 ( 3)
  19 M   0.00001 0.00000 0.99982 0.00017 ( 3)
  20 P   0.00001 0.00000 0.89696 0.10303 ( 3)
  21 G   0.00000 0.00001 0.10241 0.89759 ( 4)
  22 P   0.00000 0.00000 0.26732 0.73268 ( 4)
  23 A   0.00000 0.00000 0.65088 0.34911 ( 3)
  24 V   0.00001 0.00000 0.99965 0.00034 ( 3)
  25 L   0.00001 0.00000 0.99624 0.00376 ( 3)
  26 G   0.00001 0.00000 0.99953 0.00046 ( 3)
  27 F   0.00001 0.00000 0.93974 0.06026 ( 3)
  28 S   0.00001 0.00000 0.99967 0.00033 ( 3)
  29 L   0.00001 0.00000 0.99961 0.00038 ( 3)
  30 A   0.00000 0.00000 0.70229 0.29770 ( 3)
  31 T   0.00000 0.00000 0.19604 0.80395 ( 4)
  32 L   0.00000 0.00000 0.68816 0.31183 ( 3)
  33 L   0.00001 0.00000 0.99455 0.00544 ( 3)
  34 G   0.00000 0.00001 0.07998 0.92002 ( 4)
  35 F   0.00000 0.00001 0.00211 0.99788 ( 4)
  36 G   0.00001 0.00000 0.88768 0.11232 ( 3)
  37 T   0.00000 0.00000 0.32714 0.67285 ( 4)
  38 G   0.00001 0.00000 0.99914 0.00085 ( 3)
  39 A   0.00001 0.00000 0.97306 0.02693 ( 3)
  40 P   0.00001 0.00000 0.96322 0.03677 ( 3)
  41 L   0.00001 0.00000 0.93867 0.06132 ( 3)
  42 C   0.00001 0.00000 0.99961 0.00039 ( 3)
  43 L   0.00001 0.00000 0.99654 0.00345 ( 3)
  44 S   0.00001 0.00000 0.92976 0.07024 ( 3)
  45 Q   0.00000 0.00000 0.63017 0.36982 ( 3)
  46 Q   0.00001 0.00000 0.98583 0.01416 ( 3)
  47 L   0.00001 0.00000 0.99182 0.00818 ( 3)
  48 R   0.00001 0.00000 0.87216 0.12783 ( 3)
  49 M   0.00001 0.00000 0.99982 0.00017 ( 3)
  50 P   0.00000 0.00001 0.02698 0.97301 ( 4)
  51 G   0.00001 0.00000 0.99914 0.00085 ( 3)
  52 N   0.00001 0.00000 0.99706 0.00293 ( 3)
  53 Y   0.00001 0.00000 0.99826 0.00174 ( 3)
  54 V   0.00000 0.00001 0.10002 0.89998 ( 4)
  55 L   0.00001 0.00000 0.99559 0.00440 ( 3)
  56 G   0.00001 0.00000 0.99770 0.00230 ( 3)
  57 G   0.00001 0.00000 0.99914 0.00085 ( 3)
  58 L   0.00001 0.00000 0.99828 0.00171 ( 3)
  59 F   0.00001 0.00000 0.99987 0.00013 ( 3)
  60 P   0.00001 0.00000 0.99976 0.00023 ( 3)
  61 L   0.00001 0.00000 0.97969 0.02030 ( 3)
  62 G   0.00001 0.00000 0.97062 0.02937 ( 3)
  63 A   0.00000 0.00000 0.69948 0.30051 ( 3)
  64 A   0.00001 0.00000 0.99970 0.00030 ( 3)
  65 E   0.00001 0.00000 0.92939 0.07060 ( 3)
  66 E   0.00001 0.00000 0.99388 0.00612 ( 3)
  67 A   0.00001 0.00000 0.93456 0.06543 ( 3)
  68 G   0.00001 0.00000 0.90839 0.09160 ( 3)
  69 L   0.00001 0.00000 0.96120 0.03879 ( 3)
  70 R   0.00001 0.00000 0.85837 0.14162 ( 3)
  71 T   0.00001 0.00000 0.92574 0.07426 ( 3)
  72 R   0.00001 0.00000 0.99858 0.00142 ( 3)
  73 T   0.00000 0.00000 0.67154 0.32845 ( 3)
  74 Q   0.00001 0.00000 0.86032 0.13967 ( 3)
  75 P   0.00001 0.00000 0.99978 0.00021 ( 3)
  76 S   0.00001 0.00000 0.94021 0.05979 ( 3)
  77 S   0.00001 0.00000 0.99672 0.00328 ( 3)
  78 P   0.00001 0.00000 0.95999 0.04001 ( 3)
  79 V   0.00001 0.00000 0.99315 0.00685 ( 3)
  80 C   0.00001 0.00000 0.99961 0.00039 ( 3)
  81 N   0.00001 0.00000 0.95646 0.04354 ( 3)
  82 -   0.00000 0.00000 0.83787 0.16212 ( 3)
  83 -   0.00000 0.00000 0.83787 0.16212 ( 3)
  84 -   0.00000 0.00000 0.83787 0.16212 ( 3)
  85 -   0.00000 0.00000 0.83787 0.16212 ( 3)
  86 -   0.00000 0.00000 0.83787 0.16212 ( 3)
  87 -   0.00000 0.00000 0.83787 0.16212 ( 3)
  88 -   0.00000 0.00000 0.83787 0.16212 ( 3)
  89 -   0.00000 0.00000 0.83787 0.16212 ( 3)
  90 -   0.00000 0.00000 0.83787 0.16212 ( 3)
  91 -   0.00000 0.00000 0.83787 0.16212 ( 3)
  92 R   0.00001 0.00000 0.99902 0.00097 ( 3)
  93 F   0.00001 0.00000 0.99979 0.00021 ( 3)
  94 S   0.00001 0.00000 0.99693 0.00306 ( 3)
  95 P   0.00000 0.00000 0.51240 0.48759 ( 3)
  96 L   0.00000 0.00000 0.18425 0.81574 ( 4)
  97 G   0.00001 0.00000 0.99952 0.00048 ( 3)
  98 L   0.00001 0.00000 0.99654 0.00345 ( 3)
  99 L   0.00001 0.00000 0.99955 0.00044 ( 3)
 100 W   0.00001 0.00000 0.99750 0.00249 ( 3)
 101 A   0.00001 0.00000 0.99281 0.00719 ( 3)
 102 L   0.00001 0.00000 0.99654 0.00345 ( 3)
 103 A   0.00001 0.00000 0.93674 0.06326 ( 3)
 104 M   0.00001 0.00000 0.99662 0.00338 ( 3)
 105 K   0.00001 0.00000 0.98614 0.01385 ( 3)
 106 M   0.00001 0.00000 0.99982 0.00017 ( 3)
 107 A   0.00001 0.00000 0.99944 0.00056 ( 3)
 108 V   0.00001 0.00000 0.99925 0.00075 ( 3)
 109 E   0.00001 0.00000 0.99945 0.00054 ( 3)
 110 E   0.00001 0.00000 0.99940 0.00060 ( 3)
 111 I   0.00001 0.00000 0.99987 0.00012 ( 3)
 112 N   0.00001 0.00000 0.99961 0.00038 ( 3)
 113 N   0.00001 0.00000 0.99941 0.00059 ( 3)
 114 G   0.00000 0.00001 0.04143 0.95856 ( 4)
 115 S   0.00001 0.00000 0.98500 0.01500 ( 3)
 116 T   0.00000 0.00000 0.59397 0.40603 ( 3)
 117 L   0.00001 0.00000 0.99654 0.00345 ( 3)
 118 L   0.00001 0.00000 0.99654 0.00345 ( 3)
 119 P   0.00001 0.00000 0.99936 0.00064 ( 3)
 120 G   0.00001 0.00000 0.99920 0.00079 ( 3)
 121 L   0.00001 0.00000 0.99654 0.00345 ( 3)
 122 Q   0.00000 0.00000 0.50165 0.49834 ( 3)
 123 L   0.00001 0.00000 0.99209 0.00790 ( 3)
 124 G   0.00001 0.00000 0.99953 0.00046 ( 3)
 125 Y   0.00001 0.00000 0.99136 0.00864 ( 3)
 126 D   0.00001 0.00000 0.99932 0.00067 ( 3)
 127 L   0.00001 0.00000 0.99961 0.00038 ( 3)
 128 F   0.00001 0.00000 0.99431 0.00568 ( 3)
 129 D   0.00001 0.00000 0.99805 0.00194 ( 3)
 130 T   0.00001 0.00000 0.99942 0.00057 ( 3)
 131 C   0.00001 0.00000 0.99961 0.00039 ( 3)
 132 S   0.00001 0.00000 0.99688 0.00312 ( 3)
 133 E   0.00001 0.00000 0.99945 0.00054 ( 3)
 134 P   0.00000 0.00000 0.65055 0.34945 ( 3)
 135 V   0.00001 0.00000 0.93693 0.06306 ( 3)
 136 V   0.00001 0.00000 0.99944 0.00056 ( 3)
 137 A   0.00001 0.00000 0.99733 0.00266 ( 3)
 138 M   0.00001 0.00000 0.99982 0.00017 ( 3)
 139 K   0.00001 0.00000 0.99904 0.00096 ( 3)
 140 P   0.00001 0.00000 0.99978 0.00021 ( 3)
 141 S   0.00001 0.00000 0.99895 0.00105 ( 3)
 142 L   0.00001 0.00000 0.99923 0.00076 ( 3)
 143 M   0.00001 0.00000 0.99825 0.00174 ( 3)
 144 F   0.00001 0.00000 0.99979 0.00021 ( 3)
 145 L   0.00001 0.00000 0.99654 0.00345 ( 3)
 146 A   0.00001 0.00000 0.99979 0.00021 ( 3)
 147 K   0.00001 0.00000 0.91009 0.08991 ( 3)
 148 A   0.00000 0.00001 0.00107 0.99893 ( 4)
 149 G   0.00000 0.00000 0.62102 0.37897 ( 3)
 150 S   0.00001 0.00000 0.99967 0.00033 ( 3)
 151 C   0.00000 0.00001 0.13875 0.86125 ( 4)
 152 S   0.00000 0.00000 0.26402 0.73597 ( 4)
 153 I   0.00001 0.00000 0.99614 0.00385 ( 3)
 154 A   0.00001 0.00000 0.99947 0.00053 ( 3)
 155 A   0.00001 0.00000 0.99980 0.00019 ( 3)
 156 Y   0.00001 0.00000 0.99937 0.00062 ( 3)
 157 C   0.00001 0.00000 0.99940 0.00060 ( 3)
 158 D   0.00001 0.00000 0.99576 0.00423 ( 3)
 159 Y   0.00001 0.00000 0.99913 0.00086 ( 3)
 160 A   0.00001 0.00000 0.98546 0.01454 ( 3)
 161 R   0.00000 0.00000 0.77722 0.22277 ( 3)
 162 Y   0.00001 0.00000 0.99943 0.00056 ( 3)
 163 Q   0.00001 0.00000 0.97776 0.02223 ( 3)
 164 P   0.00001 0.00000 0.99880 0.00120 ( 3)
 165 R   0.00001 0.00000 0.99245 0.00755 ( 3)
 166 V   0.00001 0.00000 0.99937 0.00062 ( 3)
 167 L   0.00001 0.00000 0.99598 0.00401 ( 3)
 168 A   0.00001 0.00000 0.99135 0.00865 ( 3)
 169 V   0.00001 0.00000 0.99965 0.00034 ( 3)
 170 I   0.00001 0.00000 0.99987 0.00012 ( 3)
 171 G   0.00001 0.00000 0.99906 0.00093 ( 3)
 172 P   0.00001 0.00000 0.99978 0.00022 ( 3)
 173 H   0.00001 0.00000 0.99971 0.00028 ( 3)
 174 S   0.00001 0.00000 0.99873 0.00127 ( 3)
 175 S   0.00001 0.00000 0.98703 0.01297 ( 3)
 176 E   0.00001 0.00000 0.99945 0.00054 ( 3)
 177 L   0.00001 0.00000 0.99947 0.00052 ( 3)
 178 A   0.00001 0.00000 0.99980 0.00019 ( 3)
 179 L   0.00000 0.00000 0.76864 0.23136 ( 3)
 180 I   0.00001 0.00000 0.99707 0.00293 ( 3)
 181 T   0.00001 0.00000 0.99950 0.00049 ( 3)
 182 G   0.00001 0.00000 0.99931 0.00068 ( 3)
 183 K   0.00001 0.00000 0.99904 0.00096 ( 3)
 184 F   0.00001 0.00000 0.99987 0.00013 ( 3)
 185 F   0.00001 0.00000 0.99975 0.00025 ( 3)
 186 G   0.00001 0.00000 0.87818 0.12182 ( 3)
 187 F   0.00001 0.00000 0.99987 0.00013 ( 3)
 188 F   0.00001 0.00000 0.99987 0.00013 ( 3)
 189 L   0.00001 0.00000 0.99961 0.00038 ( 3)
 190 M   0.00001 0.00000 0.99819 0.00180 ( 3)
 191 P   0.00001 0.00000 0.99958 0.00042 ( 3)
 192 Q   0.00001 0.00000 0.99844 0.00156 ( 3)
 193 V   0.00001 0.00000 0.99965 0.00034 ( 3)
 194 S   0.00001 0.00000 0.99967 0.00033 ( 3)
 195 Y   0.00001 0.00000 0.97975 0.02024 ( 3)
 196 G   0.00001 0.00000 0.99405 0.00594 ( 3)
 197 A   0.00001 0.00000 0.99358 0.00641 ( 3)
 198 S   0.00001 0.00000 0.99675 0.00325 ( 3)
 199 M   0.00001 0.00000 0.99982 0.00017 ( 3)
 200 D   0.00001 0.00000 0.99406 0.00594 ( 3)
 201 G   0.00000 0.00000 0.70889 0.29110 ( 3)
 202 L   0.00001 0.00000 0.99850 0.00149 ( 3)
 203 S   0.00001 0.00000 0.99933 0.00067 ( 3)
 204 I   0.00001 0.00000 0.96863 0.03136 ( 3)
 205 R   0.00001 0.00000 0.99874 0.00126 ( 3)
 206 E   0.00001 0.00000 0.99945 0.00054 ( 3)
 207 T   0.00001 0.00000 0.99972 0.00028 ( 3)
 208 F   0.00001 0.00000 0.99987 0.00013 ( 3)
 209 P   0.00001 0.00000 0.99978 0.00021 ( 3)
 210 S   0.00001 0.00000 0.99967 0.00032 ( 3)
 211 F   0.00001 0.00000 0.99987 0.00013 ( 3)
 212 F   0.00001 0.00000 0.99987 0.00013 ( 3)
 213 R   0.00001 0.00000 0.99948 0.00051 ( 3)
 214 T   0.00001 0.00000 0.99132 0.00868 ( 3)
 215 V   0.00001 0.00000 0.99936 0.00063 ( 3)
 216 P   0.00001 0.00000 0.99978 0.00021 ( 3)
 217 S   0.00001 0.00000 0.99785 0.00215 ( 3)
 218 D   0.00001 0.00000 0.99974 0.00025 ( 3)
 219 R   0.00001 0.00000 0.99383 0.00616 ( 3)
 220 T   0.00001 0.00000 0.91308 0.08691 ( 3)
 221 Q   0.00001 0.00000 0.99844 0.00156 ( 3)
 222 L   0.00001 0.00000 0.99654 0.00345 ( 3)
 223 L   0.00000 0.00001 0.00051 0.99949 ( 4)
 224 A   0.00001 0.00000 0.99934 0.00065 ( 3)
 225 V   0.00000 0.00001 0.04860 0.95140 ( 4)
 226 M   0.00000 0.00000 0.54518 0.45481 ( 3)
 227 K   0.00001 0.00000 0.98459 0.01540 ( 3)
 228 L   0.00001 0.00000 0.99654 0.00345 ( 3)
 229 L   0.00001 0.00000 0.99559 0.00440 ( 3)
 230 Q   0.00001 0.00000 0.97658 0.02341 ( 3)
 231 E   0.00000 0.00000 0.48835 0.51164 ( 4)
 232 F   0.00001 0.00000 0.99792 0.00208 ( 3)
 233 S   0.00001 0.00000 0.94678 0.05322 ( 3)
 234 W   0.00001 0.00000 0.99750 0.00249 ( 3)
 235 N   0.00001 0.00000 0.99961 0.00038 ( 3)
 236 W   0.00001 0.00000 0.99750 0.00249 ( 3)
 237 V   0.00001 0.00000 0.99937 0.00062 ( 3)
 238 A   0.00001 0.00000 0.99970 0.00029 ( 3)
 239 A   0.00001 0.00000 0.99976 0.00023 ( 3)
 240 L   0.00001 0.00000 0.99652 0.00347 ( 3)
 241 G   0.00001 0.00000 0.99953 0.00046 ( 3)
 242 S   0.00001 0.00000 0.99477 0.00523 ( 3)
 243 D   0.00001 0.00000 0.99935 0.00064 ( 3)
 244 D   0.00001 0.00000 0.99928 0.00072 ( 3)
 245 E   0.00001 0.00000 0.99940 0.00060 ( 3)
 246 Y   0.00001 0.00000 0.96990 0.03009 ( 3)
 247 G   0.00001 0.00000 0.99953 0.00046 ( 3)
 248 R   0.00001 0.00000 0.99832 0.00167 ( 3)
 249 Q   0.00001 0.00000 0.99820 0.00180 ( 3)
 250 G   0.00001 0.00000 0.99953 0.00046 ( 3)
 251 L   0.00001 0.00000 0.99426 0.00573 ( 3)
 252 S   0.00001 0.00000 0.99642 0.00357 ( 3)
 253 I   0.00001 0.00000 0.99880 0.00120 ( 3)
 254 F   0.00001 0.00000 0.99987 0.00013 ( 3)
 255 S   0.00001 0.00000 0.99766 0.00233 ( 3)
 256 S   0.00000 0.00001 0.14108 0.85891 ( 4)
 257 M   0.00001 0.00000 0.96708 0.03291 ( 3)
 258 A   0.00001 0.00000 0.99956 0.00043 ( 3)
 259 S   0.00000 0.00000 0.50380 0.49620 ( 3)
 260 T   0.00000 0.00000 0.40326 0.59674 ( 4)
 261 Q   0.00000 0.00000 0.82383 0.17617 ( 3)
 262 G   0.00001 0.00000 0.93593 0.06407 ( 3)
 263 I   0.00001 0.00000 0.99987 0.00012 ( 3)
 264 C   0.00001 0.00000 0.99921 0.00078 ( 3)
 265 I   0.00001 0.00000 0.99978 0.00021 ( 3)
 266 A   0.00001 0.00000 0.98093 0.01906 ( 3)
 267 H   0.00001 0.00000 0.99958 0.00041 ( 3)
 268 E   0.00001 0.00000 0.99945 0.00054 ( 3)
 269 G   0.00001 0.00000 0.99953 0.00046 ( 3)
 270 L   0.00001 0.00000 0.99634 0.00365 ( 3)
 271 V   0.00001 0.00000 0.99938 0.00062 ( 3)
 272 P   0.00001 0.00000 0.99853 0.00146 ( 3)
 273 L   0.00001 0.00000 0.99595 0.00404 ( 3)
 274 S   0.00001 0.00000 0.96083 0.03916 ( 3)
 275 S   0.00000 0.00001 0.04689 0.95310 ( 4)
 276 A   0.00001 0.00000 0.99796 0.00204 ( 3)
 277 N   0.00000 0.00000 0.49515 0.50484 ( 4)
 278 D   0.00000 0.00001 0.00096 0.99903 ( 4)
 279 L   0.00000 0.00001 0.00008 0.99991 ( 4)
 280 V   0.00000 0.00001 0.00314 0.99685 ( 4)
 281 M   0.00000 0.00000 0.22627 0.77372 ( 4)
 282 R   0.00001 0.00000 0.99253 0.00746 ( 3)
 283 K   0.00001 0.00000 0.99911 0.00088 ( 3)
 284 V   0.00001 0.00000 0.99937 0.00062 ( 3)
 285 Q   0.00001 0.00000 0.99844 0.00156 ( 3)
 286 A   0.00000 0.00000 0.66729 0.33271 ( 3)
 287 L   0.00000 0.00001 0.15593 0.84407 ( 4)
 288 L   0.00001 0.00000 0.99654 0.00345 ( 3)
 289 H   0.00001 0.00000 0.99561 0.00439 ( 3)
 290 Q   0.00001 0.00000 0.99844 0.00156 ( 3)
 291 I   0.00001 0.00000 0.95858 0.04141 ( 3)
 292 N   0.00001 0.00000 0.99961 0.00038 ( 3)
 293 Q   0.00001 0.00000 0.99831 0.00168 ( 3)
 294 S   0.00001 0.00000 0.99643 0.00356 ( 3)
 295 N   0.00001 0.00000 0.96027 0.03972 ( 3)
 296 V   0.00001 0.00000 0.95918 0.04081 ( 3)
 297 Q   0.00001 0.00000 0.99844 0.00156 ( 3)
 298 V   0.00001 0.00000 0.99937 0.00062 ( 3)
 299 V   0.00001 0.00000 0.99937 0.00062 ( 3)
 300 V   0.00001 0.00000 0.97891 0.02108 ( 3)
 301 L   0.00001 0.00000 0.99558 0.00442 ( 3)
 302 F   0.00001 0.00000 0.99974 0.00026 ( 3)
 303 A   0.00001 0.00000 0.99972 0.00027 ( 3)
 304 S   0.00001 0.00000 0.99926 0.00073 ( 3)
 305 A   0.00001 0.00000 0.95123 0.04876 ( 3)
 306 H   0.00000 0.00000 0.46109 0.53890 ( 4)
 307 A   0.00001 0.00000 0.99891 0.00108 ( 3)
 308 A   0.00001 0.00000 0.99980 0.00019 ( 3)
 309 H   0.00000 0.00000 0.47942 0.52058 ( 4)
 310 L   0.00000 0.00001 0.00020 0.99979 ( 4)
 311 L   0.00001 0.00000 0.99562 0.00437 ( 3)
 312 F   0.00001 0.00000 0.99987 0.00013 ( 3)
 313 S   0.00000 0.00001 0.12259 0.87741 ( 4)
 314 Y   0.00001 0.00000 0.98008 0.01992 ( 3)
 315 S   0.00001 0.00000 0.99662 0.00337 ( 3)
 316 I   0.00001 0.00000 0.99987 0.00012 ( 3)
 317 R   0.00001 0.00000 0.92907 0.07093 ( 3)
 318 F   0.00000 0.00001 0.01243 0.98757 ( 4)
 319 N   0.00000 0.00000 0.43086 0.56914 ( 4)
 320 L   0.00001 0.00000 0.99961 0.00038 ( 3)
 321 S   0.00000 0.00000 0.64187 0.35812 ( 3)
 322 P   0.00001 0.00000 0.97555 0.02445 ( 3)
 323 K   0.00001 0.00000 0.99911 0.00088 ( 3)
 324 V   0.00001 0.00000 0.99937 0.00062 ( 3)
 325 W   0.00001 0.00000 0.99750 0.00249 ( 3)
 326 V   0.00001 0.00000 0.99923 0.00077 ( 3)
 327 A   0.00001 0.00000 0.99980 0.00019 ( 3)
 328 S   0.00001 0.00000 0.99944 0.00055 ( 3)
 329 E   0.00001 0.00000 0.99945 0.00054 ( 3)
 330 A   0.00001 0.00000 0.99980 0.00019 ( 3)
 331 W   0.00001 0.00000 0.99750 0.00249 ( 3)
 332 L   0.00001 0.00000 0.99624 0.00376 ( 3)
 333 T   0.00001 0.00000 0.99971 0.00029 ( 3)
 334 S   0.00001 0.00000 0.94662 0.05338 ( 3)
 335 D   0.00001 0.00000 0.95984 0.04016 ( 3)
 336 L   0.00000 0.00000 0.62298 0.37702 ( 3)
 337 V   0.00001 0.00000 0.99608 0.00392 ( 3)
 338 M   0.00001 0.00000 0.99982 0.00017 ( 3)
 339 E   0.00001 0.00000 0.90441 0.09558 ( 3)
 340 L   0.00001 0.00000 0.99652 0.00347 ( 3)
 341 P   0.00001 0.00000 0.99763 0.00236 ( 3)
 342 G   0.00001 0.00000 0.99953 0.00046 ( 3)
 343 M   0.00001 0.00000 0.99828 0.00172 ( 3)
 344 T   0.00001 0.00000 0.99801 0.00199 ( 3)
 345 Q   0.00001 0.00000 0.98606 0.01393 ( 3)
 346 M   0.00001 0.00000 0.94033 0.05966 ( 3)
 347 G   0.00001 0.00000 0.99937 0.00062 ( 3)
 348 T   0.00001 0.00000 0.99944 0.00056 ( 3)
 349 V   0.00001 0.00000 0.99937 0.00062 ( 3)
 350 L   0.00001 0.00000 0.97799 0.02201 ( 3)
 351 G   0.00001 0.00000 0.99953 0.00046 ( 3)
 352 F   0.00001 0.00000 0.99917 0.00082 ( 3)
 353 L   0.00001 0.00000 0.98486 0.01514 ( 3)
 354 H   0.00001 0.00000 0.98600 0.01399 ( 3)
 355 Q   0.00001 0.00000 0.85021 0.14978 ( 3)
 356 G   0.00000 0.00000 0.82706 0.17294 ( 3)
 357 D   0.00000 0.00001 0.03866 0.96133 ( 4)
 358 L   0.00000 0.00001 0.03751 0.96248 ( 4)
 359 L   0.00001 0.00000 0.99636 0.00364 ( 3)
 360 P   0.00001 0.00000 0.96268 0.03731 ( 3)
 361 N   0.00000 0.00001 0.00853 0.99147 ( 4)
 362 F   0.00001 0.00000 0.99987 0.00013 ( 3)
 363 S   0.00000 0.00000 0.62984 0.37015 ( 3)
 364 Q   0.00000 0.00000 0.35639 0.64360 ( 4)
 365 Y   0.00001 0.00000 0.99829 0.00171 ( 3)
 366 V   0.00001 0.00000 0.99937 0.00062 ( 3)
 367 K   0.00001 0.00000 0.99079 0.00921 ( 3)
 368 N   0.00001 0.00000 0.99275 0.00724 ( 3)
 369 R   0.00000 0.00000 0.61889 0.38110 ( 3)
 370 L   0.00001 0.00000 0.96726 0.03273 ( 3)
 371 H   0.00000 0.00001 0.14678 0.85322 ( 4)
 372 L   0.00001 0.00000 0.99654 0.00345 ( 3)
 373 A   0.00001 0.00000 0.99970 0.00029 ( 3)
 374 A   0.00001 0.00000 0.99514 0.00485 ( 3)
 375 N   0.00001 0.00000 0.97136 0.02864 ( 3)
 376 P   0.00001 0.00000 0.98987 0.01013 ( 3)
 377 A   0.00000 0.00000 0.32168 0.67832 ( 4)
 378 F   0.00001 0.00000 0.99987 0.00013 ( 3)
 379 C   0.00001 0.00000 0.99742 0.00258 ( 3)
 380 A   0.00001 0.00000 0.97824 0.02176 ( 3)
 381 S   0.00000 0.00001 0.10341 0.89658 ( 4)
 382 L   0.00001 0.00000 0.99654 0.00345 ( 3)
 383 K   0.00000 0.00001 0.14860 0.85140 ( 4)
 384 A   0.00000 0.00001 0.01087 0.98912 ( 4)
 385 E   0.00000 0.00000 0.47241 0.52758 ( 4)
 386 Q   0.00001 0.00000 0.98989 0.01010 ( 3)
 387 P   0.00001 0.00000 0.93391 0.06608 ( 3)
 388 G   0.00001 0.00000 0.96354 0.03645 ( 3)
 389 L   0.00001 0.00000 0.99595 0.00404 ( 3)
 390 E   0.00001 0.00000 0.99945 0.00054 ( 3)
 391 E   0.00001 0.00000 0.99940 0.00059 ( 3)
 392 H   0.00001 0.00000 0.99520 0.00479 ( 3)
 393 V   0.00001 0.00000 0.99937 0.00062 ( 3)
 394 V   0.00001 0.00000 0.99923 0.00077 ( 3)
 395 G   0.00001 0.00000 0.99943 0.00057 ( 3)
 396 P   0.00001 0.00000 0.90680 0.09319 ( 3)
 397 R   0.00001 0.00000 0.99948 0.00051 ( 3)
 398 C   0.00001 0.00000 0.99961 0.00039 ( 3)
 399 P   0.00001 0.00000 0.99840 0.00160 ( 3)
 400 Q   0.00001 0.00000 0.99844 0.00156 ( 3)
 401 C   0.00001 0.00000 0.96308 0.03691 ( 3)
 402 D   0.00001 0.00000 0.99974 0.00025 ( 3)
 403 H   0.00000 0.00001 0.00044 0.99956 ( 4)
 404 I   0.00001 0.00000 0.98669 0.01330 ( 3)
 405 T   0.00001 0.00000 0.98041 0.01959 ( 3)
 406 L   0.00001 0.00000 0.99634 0.00365 ( 3)
 407 Q   0.00001 0.00000 0.99741 0.00259 ( 3)
 408 N   0.00001 0.00000 0.99941 0.00059 ( 3)
 409 V   0.00001 0.00000 0.99130 0.00869 ( 3)
 410 S   0.00000 0.00000 0.40385 0.59615 ( 4)
 411 A   0.00001 0.00000 0.94838 0.05161 ( 3)
 412 G   0.00000 0.00000 0.54033 0.45966 ( 3)
 413 L   0.00001 0.00000 0.97491 0.02509 ( 3)
 414 L   0.00000 0.00001 0.00000 0.99999 ( 4)
 415 H   0.00001 0.00000 0.93828 0.06171 ( 3)
 416 H   0.00001 0.00000 0.99703 0.00296 ( 3)
 417 R   0.00001 0.00000 0.84458 0.15541 ( 3)
 418 P   0.00000 0.00000 0.51681 0.48319 ( 3)
 419 F   0.00001 0.00000 0.99979 0.00021 ( 3)
 420 A   0.00000 0.00000 0.29383 0.70616 ( 4)
 421 A   0.00001 0.00000 0.99699 0.00301 ( 3)
 422 Y   0.00001 0.00000 0.99913 0.00086 ( 3)
 423 A   0.00000 0.00000 0.75396 0.24603 ( 3)
 424 A   0.00001 0.00000 0.99085 0.00914 ( 3)
 425 V   0.00001 0.00000 0.99937 0.00062 ( 3)
 426 Y   0.00001 0.00000 0.99822 0.00177 ( 3)
 427 S   0.00001 0.00000 0.99449 0.00550 ( 3)
 428 V   0.00001 0.00000 0.99937 0.00062 ( 3)
 429 A   0.00001 0.00000 0.99976 0.00024 ( 3)
 430 Q   0.00001 0.00000 0.99823 0.00176 ( 3)
 431 A   0.00001 0.00000 0.99980 0.00019 ( 3)
 432 L   0.00001 0.00000 0.99584 0.00416 ( 3)
 433 H   0.00001 0.00000 0.99971 0.00028 ( 3)
 434 N   0.00001 0.00000 0.99958 0.00041 ( 3)
 435 T   0.00001 0.00000 0.97238 0.02761 ( 3)
 436 L   0.00001 0.00000 0.99558 0.00441 ( 3)
 437 Q   0.00000 0.00001 0.03451 0.96549 ( 4)
 438 C   0.00001 0.00000 0.99961 0.00039 ( 3)
 439 S   0.00000 0.00000 0.71511 0.28488 ( 3)
 440 S   0.00001 0.00000 0.96341 0.03659 ( 3)
 441 S   0.00001 0.00000 0.99466 0.00533 ( 3)
 442 G   0.00001 0.00000 0.99953 0.00046 ( 3)
 443 C   0.00001 0.00000 0.99961 0.00039 ( 3)
 444 P   0.00001 0.00000 0.99963 0.00037 ( 3)
 445 A   0.00000 0.00001 0.00139 0.99860 ( 4)
 446 R   0.00000 0.00001 0.10902 0.89098 ( 4)
 447 E   0.00001 0.00000 0.96607 0.03393 ( 3)
 448 P   0.00001 0.00000 0.99975 0.00024 ( 3)
 449 V   0.00001 0.00000 0.99937 0.00062 ( 3)
 450 R   0.00000 0.00000 0.37605 0.62394 ( 4)
 451 -   0.00000 0.00000 0.83787 0.16212 ( 3)
 452 -   0.00000 0.00000 0.83787 0.16212 ( 3)
 453 -   0.00000 0.00000 0.83787 0.16212 ( 3)
 454 -   0.00000 0.00000 0.83787 0.16212 ( 3)
 455 -   0.00000 0.00000 0.83787 0.16212 ( 3)
 456 -   0.00000 0.00000 0.83787 0.16212 ( 3)
 457 P   0.00001 0.00000 0.99556 0.00443 ( 3)
 458 W   0.00001 0.00000 0.99750 0.00249 ( 3)
 459 Q   0.00000 0.00000 0.83384 0.16615 ( 3)
 460 L   0.00000 0.00000 0.52832 0.47168 ( 3)
 461 L   0.00001 0.00000 0.96647 0.03352 ( 3)
 462 E   0.00000 0.00001 0.07874 0.92125 ( 4)
 463 N   0.00001 0.00000 0.99106 0.00893 ( 3)
 464 M   0.00000 0.00000 0.77434 0.22565 ( 3)
 465 Y   0.00001 0.00000 0.88925 0.11074 ( 3)
 466 N   0.00001 0.00000 0.99519 0.00481 ( 3)
 467 M   0.00001 0.00000 0.99377 0.00622 ( 3)
 468 S   0.00001 0.00000 0.99606 0.00393 ( 3)
 469 F   0.00001 0.00000 0.99987 0.00013 ( 3)
 470 -   0.00000 0.00000 0.83787 0.16212 ( 3)
 471 R   0.00000 0.00001 0.06210 0.93790 ( 4)
 472 A   0.00000 0.00001 0.00021 0.99979 ( 4)
 473 G   0.00000 0.00001 0.05286 0.94714 ( 4)
 474 G   0.00001 0.00000 0.99180 0.00820 ( 3)
 475 L   0.00001 0.00000 0.95421 0.04578 ( 3)
 476 E   0.00000 0.00001 0.00071 0.99928 ( 4)
 477 L   0.00001 0.00000 0.92698 0.07301 ( 3)
 478 R   0.00001 0.00000 0.96999 0.03001 ( 3)
 479 F   0.00001 0.00000 0.99241 0.00758 ( 3)
 480 D   0.00001 0.00000 0.95868 0.04132 ( 3)
 481 A   0.00000 0.00001 0.01789 0.98210 ( 4)
 482 G   0.00000 0.00000 0.51895 0.48105 ( 3)
 483 G   0.00001 0.00000 0.99862 0.00138 ( 3)
 484 N   0.00001 0.00000 0.99941 0.00059 ( 3)
 485 V   0.00001 0.00000 0.99932 0.00068 ( 3)
 486 N   0.00001 0.00000 0.99738 0.00262 ( 3)
 487 L   0.00000 0.00000 0.71602 0.28397 ( 3)
 488 K   0.00001 0.00000 0.99257 0.00742 ( 3)
 489 Y   0.00000 0.00001 0.06493 0.93506 ( 4)
 490 D   0.00001 0.00000 0.96028 0.03972 ( 3)
 491 L   0.00001 0.00000 0.96909 0.03091 ( 3)
 492 K   0.00001 0.00000 0.98994 0.01005 ( 3)
 493 L   0.00000 0.00000 0.70151 0.29848 ( 3)
 494 W   0.00000 0.00000 0.74195 0.25805 ( 3)
 495 V   0.00001 0.00000 0.99269 0.00731 ( 3)
 496 W   0.00001 0.00000 0.99750 0.00249 ( 3)
 497 R   0.00000 0.00001 0.01015 0.98985 ( 4)
 498 D   0.00000 0.00001 0.10584 0.89416 ( 4)
 499 P   0.00000 0.00001 0.00177 0.99822 ( 4)
 500 T   0.00000 0.00000 0.71462 0.28537 ( 3)
 501 P   0.00001 0.00000 0.99960 0.00039 ( 3)
 502 E   0.00000 0.00001 0.00336 0.99664 ( 4)
 503 L   0.00001 0.00000 0.99933 0.00067 ( 3)
 504 R   0.00000 0.00000 0.64377 0.35622 ( 3)
 505 T   0.00000 0.00001 0.00081 0.99918 ( 4)
 506 V   0.00001 0.00000 0.99937 0.00062 ( 3)
 507 G   0.00001 0.00000 0.99953 0.00046 ( 3)
 508 T   0.00000 0.00001 0.00455 0.99545 ( 4)
 509 F   0.00001 0.00000 0.99987 0.00013 ( 3)
 510 N   0.00001 0.00000 0.99292 0.00707 ( 3)
 511 G   0.00001 0.00000 0.90123 0.09876 ( 3)
 512 S   0.00000 0.00001 0.12676 0.87324 ( 4)
 513 L   0.00001 0.00000 0.99613 0.00386 ( 3)
 514 W   0.00000 0.00001 0.02686 0.97313 ( 4)
 515 -   0.00000 0.00000 0.83787 0.16212 ( 3)
 516 L   0.00000 0.00001 0.01040 0.98960 ( 4)
 517 Q   0.00001 0.00000 0.91744 0.08255 ( 3)
 518 R   0.00001 0.00000 0.92867 0.07133 ( 3)
 519 S   0.00000 0.00001 0.00095 0.99905 ( 4)
 520 K   0.00001 0.00000 0.99043 0.00957 ( 3)
 521 I   0.00001 0.00000 0.99868 0.00132 ( 3)
 522 C   0.00000 0.00001 0.00097 0.99903 ( 4)
 523 W   0.00001 0.00000 0.99750 0.00249 ( 3)
 524 H   0.00001 0.00000 0.99935 0.00065 ( 3)
 525 T   0.00001 0.00000 0.98028 0.01971 ( 3)
 526 H   0.00000 0.00001 0.02452 0.97547 ( 4)
 527 S   0.00000 0.00001 0.00637 0.99362 ( 4)
 528 N   0.00001 0.00000 0.99905 0.00095 ( 3)
 529 R   0.00000 0.00000 0.84086 0.15913 ( 3)
 530 V   0.00000 0.00001 0.00002 0.99997 ( 4)
 531 P   0.00001 0.00000 0.99828 0.00171 ( 3)
 532 V   0.00001 0.00000 0.93555 0.06445 ( 3)
 533 S   0.00001 0.00000 0.99548 0.00451 ( 3)
 534 Q   0.00000 0.00000 0.77448 0.22552 ( 3)
 535 C   0.00001 0.00000 0.99961 0.00039 ( 3)
 536 S   0.00001 0.00000 0.99010 0.00990 ( 3)
 537 Q   0.00000 0.00000 0.39933 0.60067 ( 4)
 538 Q   0.00000 0.00000 0.82818 0.17182 ( 3)
 539 C   0.00001 0.00000 0.99912 0.00088 ( 3)
 540 Q   0.00000 0.00000 0.39782 0.60217 ( 4)
 541 E   0.00001 0.00000 0.98275 0.01725 ( 3)
 542 G   0.00001 0.00000 0.99901 0.00099 ( 3)
 543 Q   0.00001 0.00000 0.99706 0.00293 ( 3)
 544 V   0.00001 0.00000 0.99873 0.00126 ( 3)
 545 R   0.00001 0.00000 0.99892 0.00108 ( 3)
 546 R   0.00001 0.00000 0.99126 0.00873 ( 3)
 547 V   0.00001 0.00000 0.99915 0.00084 ( 3)
 548 K   0.00001 0.00000 0.99130 0.00870 ( 3)
 549 G   0.00001 0.00000 0.99887 0.00113 ( 3)
 550 F   0.00001 0.00000 0.99867 0.00133 ( 3)
 551 H   0.00001 0.00000 0.94852 0.05147 ( 3)
 552 S   0.00001 0.00000 0.99608 0.00391 ( 3)
 553 C   0.00001 0.00000 0.93188 0.06811 ( 3)
 554 C   0.00001 0.00000 0.93188 0.06811 ( 3)
 555 Y   0.00001 0.00000 0.99242 0.00758 ( 3)
 556 D   0.00001 0.00000 0.99974 0.00025 ( 3)
 557 C   0.00001 0.00000 0.99692 0.00307 ( 3)
 558 V   0.00001 0.00000 0.99854 0.00146 ( 3)
 559 D   0.00001 0.00000 0.99974 0.00025 ( 3)
 560 C   0.00001 0.00000 0.99957 0.00043 ( 3)
 561 K   0.00000 0.00000 0.51140 0.48860 ( 3)
 562 P   0.00001 0.00000 0.89429 0.10570 ( 3)
 563 G   0.00001 0.00000 0.99953 0.00046 ( 3)
 564 S   0.00001 0.00000 0.99949 0.00051 ( 3)
 565 Y   0.00001 0.00000 0.99943 0.00056 ( 3)
 566 Q   0.00000 0.00000 0.75863 0.24136 ( 3)
 567 -   0.00000 0.00000 0.83787 0.16212 ( 3)
 568 H   0.00000 0.00001 0.00775 0.99224 ( 4)
 569 S   0.00000 0.00000 0.62379 0.37620 ( 3)
 570 P   0.00000 0.00001 0.11606 0.88393 ( 4)
 571 -   0.00000 0.00000 0.83787 0.16212 ( 3)
 572 -   0.00000 0.00000 0.83787 0.16212 ( 3)
 573 E   0.00000 0.00000 0.17659 0.82340 ( 4)
 574 D   0.00001 0.00000 0.99542 0.00457 ( 3)
 575 P   0.00000 0.00001 0.00018 0.99982 ( 4)
 576 T   0.00000 0.00001 0.00221 0.99779 ( 4)
 577 C   0.00001 0.00000 0.94843 0.05156 ( 3)
 578 T   0.00000 0.00000 0.89138 0.10862 ( 3)
 579 P   0.00000 0.00001 0.00000 0.99999 ( 4)
 580 C   0.00000 0.00000 0.80086 0.19914 ( 3)
 581 R   0.00000 0.00001 0.00000 0.99999 ( 4)
 582 K   0.00000 0.00001 0.00770 0.99229 ( 4)
 583 D   0.00000 0.00000 0.53714 0.46286 ( 3)
 584 Q   0.00000 0.00000 0.50155 0.49844 ( 3)
 585 W   0.00001 0.00000 0.93552 0.06448 ( 3)
 586 S   0.00001 0.00000 0.99964 0.00035 ( 3)
 587 P   0.00001 0.00000 0.99950 0.00050 ( 3)
 588 Q   0.00000 0.00000 0.55645 0.44354 ( 3)
 589 R   0.00001 0.00000 0.99866 0.00133 ( 3)
 590 S   0.00001 0.00000 0.99967 0.00033 ( 3)
 591 R   0.00000 0.00000 0.32640 0.67359 ( 4)
 592 K   0.00000 0.00000 0.53756 0.46244 ( 3)
 593 C   0.00001 0.00000 0.99961 0.00039 ( 3)
 594 F   0.00001 0.00000 0.99987 0.00013 ( 3)
 595 S   0.00000 0.00001 0.01343 0.98657 ( 4)
 596 R   0.00001 0.00000 0.99899 0.00100 ( 3)
 597 R   0.00001 0.00000 0.98509 0.01490 ( 3)
 598 H   0.00000 0.00001 0.00815 0.99184 ( 4)
 599 T   0.00000 0.00000 0.68505 0.31494 ( 3)
 600 F   0.00001 0.00000 0.99837 0.00163 ( 3)
 601 L   0.00001 0.00000 0.95302 0.04698 ( 3)
 602 A   0.00000 0.00000 0.17941 0.82059 ( 4)
 603 W   0.00000 0.00000 0.54078 0.45922 ( 3)
 604 G   0.00001 0.00000 0.99334 0.00666 ( 3)
 605 D   0.00000 0.00000 0.40900 0.59100 ( 4)
 606 P   0.00001 0.00000 0.92609 0.07390 ( 3)
 607 T   0.00000 0.00000 0.82236 0.17764 ( 3)
 608 V   0.00001 0.00000 0.99233 0.00766 ( 3)
 609 L   0.00001 0.00000 0.99614 0.00386 ( 3)
 610 V   0.00000 0.00001 0.00238 0.99761 ( 4)
 611 L   0.00000 0.00000 0.73198 0.26802 ( 3)
 612 L   0.00001 0.00000 0.95365 0.04635 ( 3)
 613 L   0.00000 0.00000 0.82887 0.17112 ( 3)
 614 L   0.00001 0.00000 0.91873 0.08126 ( 3)
 615 L   0.00001 0.00000 0.94952 0.05047 ( 3)
 616 G   0.00000 0.00000 0.34832 0.65167 ( 4)
 617 L   0.00001 0.00000 0.99429 0.00570 ( 3)
 618 V   0.00001 0.00000 0.97136 0.02863 ( 3)
 619 L   0.00001 0.00000 0.99654 0.00345 ( 3)
 620 A   0.00001 0.00000 0.99268 0.00731 ( 3)
 621 L   0.00001 0.00000 0.98811 0.01188 ( 3)
 622 V   0.00001 0.00000 0.99937 0.00062 ( 3)
 623 L   0.00001 0.00000 0.91873 0.08126 ( 3)
 624 A   0.00001 0.00000 0.97102 0.02897 ( 3)
 625 A   0.00000 0.00000 0.33289 0.66711 ( 4)
 626 L   0.00001 0.00000 0.94752 0.05248 ( 3)
 627 G   0.00001 0.00000 0.99896 0.00104 ( 3)
 628 L   0.00000 0.00000 0.66098 0.33901 ( 3)
 629 F   0.00001 0.00000 0.97764 0.02236 ( 3)
 630 V   0.00000 0.00001 0.00136 0.99863 ( 4)
 631 H   0.00000 0.00000 0.56048 0.43952 ( 3)
 632 H   0.00001 0.00000 0.99252 0.00748 ( 3)
 633 R   0.00000 0.00001 0.12900 0.87100 ( 4)
 634 N   0.00000 0.00000 0.67643 0.32356 ( 3)
 635 S   0.00001 0.00000 0.94854 0.05146 ( 3)
 636 P   0.00001 0.00000 0.97505 0.02495 ( 3)
 637 L   0.00001 0.00000 0.87691 0.12309 ( 3)
 638 V   0.00000 0.00000 0.49583 0.50417 ( 4)
 639 Q   0.00000 0.00000 0.81531 0.18468 ( 3)
 640 A   0.00001 0.00000 0.99980 0.00019 ( 3)
 641 S   0.00001 0.00000 0.94854 0.05145 ( 3)
 642 G   0.00000 0.00000 0.73318 0.26681 ( 3)
 643 G   0.00001 0.00000 0.86475 0.13524 ( 3)
 644 L   0.00000 0.00001 0.00619 0.99381 ( 4)
 645 L   0.00001 0.00000 0.91873 0.08126 ( 3)
 646 A   0.00001 0.00000 0.99091 0.00908 ( 3)
 647 C   0.00001 0.00000 0.92926 0.07073 ( 3)
 648 F   0.00000 0.00000 0.57212 0.42788 ( 3)
 649 G   0.00000 0.00000 0.53975 0.46024 ( 3)
 650 L   0.00001 0.00000 0.86007 0.13992 ( 3)
 651 A   0.00000 0.00000 0.56708 0.43291 ( 3)
 652 C   0.00001 0.00000 0.98945 0.01054 ( 3)
 653 L   0.00001 0.00000 0.93024 0.06976 ( 3)
 654 G   0.00001 0.00000 0.92148 0.07851 ( 3)
 655 L   0.00001 0.00000 0.97305 0.02695 ( 3)
 656 V   0.00001 0.00000 0.99505 0.00495 ( 3)
 657 C   0.00001 0.00000 0.99961 0.00039 ( 3)
 658 L   0.00001 0.00000 0.94111 0.05888 ( 3)
 659 S   0.00001 0.00000 0.89235 0.10764 ( 3)
 660 G   0.00000 0.00000 0.57956 0.42043 ( 3)
 661 L   0.00001 0.00000 0.94704 0.05295 ( 3)
 662 L   0.00001 0.00000 0.87272 0.12727 ( 3)
 663 F   0.00001 0.00000 0.98509 0.01490 ( 3)
 664 P   0.00001 0.00000 0.88892 0.11107 ( 3)
 665 G   0.00001 0.00000 0.99933 0.00066 ( 3)
 666 R   0.00000 0.00000 0.74225 0.25774 ( 3)
 667 P   0.00001 0.00000 0.99889 0.00110 ( 3)
 668 S   0.00001 0.00000 0.95092 0.04908 ( 3)
 669 P   0.00001 0.00000 0.99489 0.00510 ( 3)
 670 A   0.00001 0.00000 0.93777 0.06223 ( 3)
 671 S   0.00000 0.00000 0.47144 0.52856 ( 4)
 672 C   0.00001 0.00000 0.99946 0.00054 ( 3)
 673 L   0.00000 0.00000 0.67359 0.32641 ( 3)
 674 A   0.00001 0.00000 0.99821 0.00178 ( 3)
 675 Q   0.00001 0.00000 0.97798 0.02201 ( 3)
 676 Q   0.00001 0.00000 0.98191 0.01808 ( 3)
 677 P   0.00001 0.00000 0.99198 0.00801 ( 3)
 678 L   0.00000 0.00000 0.32281 0.67719 ( 4)
 679 C   0.00001 0.00000 0.86022 0.13978 ( 3)
 680 H   0.00000 0.00000 0.67024 0.32976 ( 3)
 681 L   0.00001 0.00000 0.99918 0.00082 ( 3)
 682 P   0.00001 0.00000 0.98864 0.01135 ( 3)
 683 L   0.00001 0.00000 0.99906 0.00094 ( 3)
 684 T   0.00001 0.00000 0.99753 0.00247 ( 3)
 685 G   0.00001 0.00000 0.99901 0.00099 ( 3)
 686 C   0.00001 0.00000 0.99912 0.00088 ( 3)
 687 L   0.00001 0.00000 0.99429 0.00570 ( 3)
 688 S   0.00001 0.00000 0.99924 0.00076 ( 3)
 689 T   0.00001 0.00000 0.92539 0.07460 ( 3)
 690 L   0.00001 0.00000 0.98507 0.01492 ( 3)
 691 F   0.00001 0.00000 0.96287 0.03712 ( 3)
 692 L   0.00001 0.00000 0.99429 0.00570 ( 3)
 693 Q   0.00001 0.00000 0.99708 0.00291 ( 3)
 694 A   0.00001 0.00000 0.99667 0.00332 ( 3)
 695 A   0.00001 0.00000 0.99945 0.00054 ( 3)
 696 E   0.00001 0.00000 0.98703 0.01297 ( 3)
 697 T   0.00000 0.00000 0.82747 0.17252 ( 3)
 698 F   0.00001 0.00000 0.99948 0.00052 ( 3)
 699 V   0.00001 0.00000 0.88684 0.11315 ( 3)
 700 E   0.00001 0.00000 0.99872 0.00127 ( 3)
 701 S   0.00001 0.00000 0.98242 0.01757 ( 3)
 702 E   0.00001 0.00000 0.99606 0.00394 ( 3)
 703 L   0.00001 0.00000 0.99172 0.00828 ( 3)
 704 P   0.00001 0.00000 0.99105 0.00894 ( 3)
 705 P   0.00000 0.00001 0.00952 0.99048 ( 4)
 706 S   0.00001 0.00000 0.95364 0.04635 ( 3)
 707 W   0.00001 0.00000 0.97132 0.02868 ( 3)
 708 A   0.00000 0.00000 0.30623 0.69376 ( 4)
 709 D   0.00001 0.00000 0.97081 0.02919 ( 3)
 710 R   0.00001 0.00000 0.95071 0.04928 ( 3)
 711 L   0.00001 0.00000 0.96682 0.03318 ( 3)
 712 H   0.00000 0.00001 0.11381 0.88619 ( 4)
 713 S   0.00001 0.00000 0.99557 0.00443 ( 3)
 714 R   0.00001 0.00000 0.94590 0.05409 ( 3)
 715 L   0.00001 0.00000 0.99654 0.00345 ( 3)
 716 R   0.00001 0.00000 0.97644 0.02356 ( 3)
 717 G   0.00001 0.00000 0.99887 0.00113 ( 3)
 718 P   0.00001 0.00000 0.99775 0.00225 ( 3)
 719 C   0.00000 0.00000 0.77749 0.22251 ( 3)
 720 A   0.00001 0.00000 0.99980 0.00019 ( 3)
 721 W   0.00001 0.00000 0.99750 0.00249 ( 3)
 722 M   0.00001 0.00000 0.96261 0.03739 ( 3)
 723 V   0.00000 0.00000 0.60566 0.39433 ( 3)
 724 V   0.00001 0.00000 0.99937 0.00062 ( 3)
 725 V   0.00001 0.00000 0.96547 0.03453 ( 3)
 726 L   0.00001 0.00000 0.99558 0.00442 ( 3)
 727 A   0.00001 0.00000 0.99789 0.00210 ( 3)
 728 L   0.00000 0.00000 0.24065 0.75935 ( 4)
 729 L   0.00001 0.00000 0.99654 0.00345 ( 3)
 730 V   0.00001 0.00000 0.99920 0.00080 ( 3)
 731 E   0.00001 0.00000 0.99945 0.00054 ( 3)
 732 A   0.00001 0.00000 0.99335 0.00664 ( 3)
 733 A   0.00001 0.00000 0.98822 0.01177 ( 3)
 734 L   0.00001 0.00000 0.99654 0.00345 ( 3)
 735 C   0.00001 0.00000 0.99888 0.00112 ( 3)
 736 A   0.00000 0.00000 0.59622 0.40377 ( 3)
 737 W   0.00001 0.00000 0.99750 0.00249 ( 3)
 738 Y   0.00001 0.00000 0.99943 0.00056 ( 3)
 739 L   0.00001 0.00000 0.99654 0.00345 ( 3)
 740 I   0.00000 0.00001 0.00569 0.99430 ( 4)
 741 A   0.00001 0.00000 0.99970 0.00029 ( 3)
 742 F   0.00001 0.00000 0.99985 0.00014 ( 3)
 743 R   0.00001 0.00000 0.98721 0.01278 ( 3)
 744 P   0.00001 0.00000 0.98789 0.01210 ( 3)
 745 E   0.00001 0.00000 0.99945 0.00054 ( 3)
 746 V   0.00001 0.00000 0.99914 0.00086 ( 3)
 747 V   0.00001 0.00000 0.99937 0.00062 ( 3)
 748 M   0.00000 0.00000 0.51192 0.48808 ( 3)
 749 D   0.00001 0.00000 0.99974 0.00025 ( 3)
 750 W   0.00001 0.00000 0.99750 0.00249 ( 3)
 751 H   0.00000 0.00000 0.55198 0.44801 ( 3)
 752 V   0.00001 0.00000 0.92486 0.07514 ( 3)
 753 L   0.00001 0.00000 0.99632 0.00367 ( 3)
 754 P   0.00001 0.00000 0.99978 0.00021 ( 3)
 755 T   0.00001 0.00000 0.95589 0.04410 ( 3)
 756 K   0.00001 0.00000 0.99431 0.00568 ( 3)
 757 A   0.00001 0.00000 0.99339 0.00660 ( 3)
 758 L   0.00001 0.00000 0.99634 0.00365 ( 3)
 759 V   0.00001 0.00000 0.98196 0.01803 ( 3)
 760 H   0.00001 0.00000 0.99971 0.00028 ( 3)
 761 C   0.00001 0.00000 0.99914 0.00085 ( 3)
 762 R   0.00001 0.00000 0.99473 0.00526 ( 3)
 763 V   0.00000 0.00001 0.00045 0.99955 ( 4)
 764 H   0.00001 0.00000 0.98989 0.01011 ( 3)
 765 S   0.00001 0.00000 0.99967 0.00032 ( 3)
 766 W   0.00001 0.00000 0.99750 0.00249 ( 3)
 767 A   0.00001 0.00000 0.99540 0.00459 ( 3)
 768 G   0.00001 0.00000 0.96677 0.03322 ( 3)
 769 L   0.00001 0.00000 0.98714 0.01286 ( 3)
 770 G   0.00001 0.00000 0.99953 0.00046 ( 3)
 771 L   0.00001 0.00000 0.99636 0.00363 ( 3)
 772 V   0.00001 0.00000 0.99089 0.00911 ( 3)
 773 H   0.00001 0.00000 0.99936 0.00063 ( 3)
 774 T   0.00001 0.00000 0.97945 0.02054 ( 3)
 775 L   0.00000 0.00000 0.71728 0.28271 ( 3)
 776 N   0.00001 0.00000 0.99538 0.00461 ( 3)
 777 A   0.00001 0.00000 0.99975 0.00025 ( 3)
 778 I   0.00000 0.00001 0.04897 0.95102 ( 4)
 779 L   0.00001 0.00000 0.99654 0.00345 ( 3)
 780 A   0.00001 0.00000 0.99913 0.00086 ( 3)
 781 S   0.00001 0.00000 0.99732 0.00267 ( 3)
 782 L   0.00001 0.00000 0.99867 0.00132 ( 3)
 783 C   0.00001 0.00000 0.99570 0.00429 ( 3)
 784 F   0.00001 0.00000 0.99984 0.00016 ( 3)
 785 L   0.00001 0.00000 0.99548 0.00451 ( 3)
 786 G   0.00001 0.00000 0.99933 0.00066 ( 3)
 787 T   0.00001 0.00000 0.99965 0.00034 ( 3)
 788 F   0.00001 0.00000 0.99987 0.00013 ( 3)
 789 L   0.00001 0.00000 0.99654 0.00345 ( 3)
 790 V   0.00001 0.00000 0.99914 0.00086 ( 3)
 791 R   0.00000 0.00000 0.77548 0.22451 ( 3)
 792 S   0.00001 0.00000 0.99967 0.00033 ( 3)
 793 Q   0.00000 0.00000 0.19912 0.80088 ( 4)
 794 P   0.00001 0.00000 0.99854 0.00146 ( 3)
 795 G   0.00001 0.00000 0.91765 0.08234 ( 3)
 796 R   0.00001 0.00000 0.99489 0.00510 ( 3)
 797 Y   0.00001 0.00000 0.99943 0.00056 ( 3)
 798 S   0.00001 0.00000 0.99572 0.00427 ( 3)
 799 R   0.00000 0.00000 0.79307 0.20693 ( 3)
 800 A   0.00001 0.00000 0.99980 0.00019 ( 3)
 801 R   0.00001 0.00000 0.97665 0.02335 ( 3)
 802 G   0.00001 0.00000 0.99953 0.00046 ( 3)
 803 L   0.00001 0.00000 0.99449 0.00550 ( 3)
 804 T   0.00001 0.00000 0.99972 0.00028 ( 3)
 805 F   0.00001 0.00000 0.98261 0.01739 ( 3)
 806 A   0.00001 0.00000 0.99979 0.00020 ( 3)
 807 T   0.00000 0.00000 0.59639 0.40360 ( 3)
 808 L   0.00001 0.00000 0.99654 0.00345 ( 3)
 809 A   0.00001 0.00000 0.99970 0.00029 ( 3)
 810 Y   0.00001 0.00000 0.99879 0.00120 ( 3)
 811 L   0.00001 0.00000 0.99730 0.00270 ( 3)
 812 I   0.00001 0.00000 0.99987 0.00012 ( 3)
 813 T   0.00001 0.00000 0.99694 0.00306 ( 3)
 814 W   0.00001 0.00000 0.99750 0.00249 ( 3)
 815 V   0.00001 0.00000 0.99965 0.00034 ( 3)
 816 S   0.00001 0.00000 0.99967 0.00032 ( 3)
 817 F   0.00001 0.00000 0.99977 0.00022 ( 3)
 818 V   0.00001 0.00000 0.99937 0.00062 ( 3)
 819 P   0.00001 0.00000 0.99953 0.00047 ( 3)
 820 L   0.00001 0.00000 0.99961 0.00038 ( 3)
 821 L   0.00001 0.00000 0.99654 0.00345 ( 3)
 822 A   0.00001 0.00000 0.99980 0.00019 ( 3)
 823 N   0.00001 0.00000 0.99370 0.00629 ( 3)
 824 V   0.00001 0.00000 0.98047 0.01952 ( 3)
 825 Q   0.00001 0.00000 0.98475 0.01525 ( 3)
 826 V   0.00001 0.00000 0.99937 0.00062 ( 3)
 827 A   0.00001 0.00000 0.99577 0.00423 ( 3)
 828 H   0.00000 0.00000 0.52951 0.47049 ( 3)
 829 Q   0.00001 0.00000 0.97403 0.02596 ( 3)
 830 P   0.00001 0.00000 0.99918 0.00082 ( 3)
 831 A   0.00001 0.00000 0.99973 0.00026 ( 3)
 832 V   0.00001 0.00000 0.93775 0.06224 ( 3)
 833 Q   0.00001 0.00000 0.99844 0.00156 ( 3)
 834 M   0.00001 0.00000 0.99982 0.00017 ( 3)
 835 G   0.00001 0.00000 0.99714 0.00285 ( 3)
 836 A   0.00001 0.00000 0.99979 0.00021 ( 3)
 837 V   0.00001 0.00000 0.93856 0.06143 ( 3)
 838 L   0.00001 0.00000 0.99786 0.00213 ( 3)
 839 F   0.00001 0.00000 0.99228 0.00772 ( 3)
 840 C   0.00001 0.00000 0.96036 0.03963 ( 3)
 841 A   0.00001 0.00000 0.95060 0.04939 ( 3)
 842 L   0.00001 0.00000 0.99654 0.00345 ( 3)
 843 G   0.00001 0.00000 0.99953 0.00046 ( 3)
 844 I   0.00001 0.00000 0.99957 0.00042 ( 3)
 845 L   0.00001 0.00000 0.99654 0.00345 ( 3)
 846 V   0.00001 0.00000 0.98047 0.01952 ( 3)
 847 A   0.00001 0.00000 0.99980 0.00019 ( 3)
 848 F   0.00001 0.00000 0.97567 0.02432 ( 3)
 849 H   0.00001 0.00000 0.99971 0.00028 ( 3)
 850 L   0.00001 0.00000 0.99621 0.00378 ( 3)
 851 P   0.00001 0.00000 0.99971 0.00028 ( 3)
 852 K   0.00001 0.00000 0.98387 0.01612 ( 3)
 853 C   0.00001 0.00000 0.99279 0.00720 ( 3)
 854 Y   0.00001 0.00000 0.99943 0.00056 ( 3)
 855 L   0.00001 0.00000 0.99624 0.00376 ( 3)
 856 L   0.00001 0.00000 0.99883 0.00117 ( 3)
 857 V   0.00000 0.00001 0.04119 0.95880 ( 4)
 858 R   0.00000 0.00000 0.28317 0.71683 ( 4)
