Supplemental results for CODEML (seqf: Human_TAS1R3_orthologues_DNA_aligned.txt  treef: TAS1R3_revised_tree_following_error_message.txt)


MLEs of dN/dS (w) for site classes (K=4)

site class             0        1       2a       2b
proportion       0.70758  0.16177  0.10633  0.02431
background w     0.06820  1.00000  0.06820  1.00000
foreground w     0.06820  1.00000 999.00000 999.00000

Naive Empirical Bayes (NEB) probabilities for 4 classes
(amino acids refer to 1st sequence: 1.Bushbaby)

   1 -   0.71930 0.15005 0.10809 0.02255 ( 1)
   2 -   0.71638 0.15297 0.10765 0.02299 ( 1)
   3 -   0.71961 0.14975 0.10814 0.02250 ( 1)
   4 -   0.71868 0.15067 0.10800 0.02264 ( 1)
   5 -   0.71668 0.15267 0.10770 0.02294 ( 1)
   6 -   0.70910 0.16026 0.10656 0.02408 ( 1)
   7 -   0.71983 0.14953 0.10817 0.02247 ( 1)
   8 -   0.71851 0.15085 0.10797 0.02267 ( 1)
   9 -   0.71216 0.15720 0.10702 0.02362 ( 1)
  10 -   0.21051 0.65885 0.03163 0.09901 ( 2)
  11 -   0.71779 0.15156 0.10787 0.02278 ( 1)
  12 -   0.71458 0.15478 0.10738 0.02326 ( 1)
  13 -   0.71458 0.15478 0.10738 0.02326 ( 1)
  14 -   0.70962 0.15973 0.10664 0.02400 ( 1)
  15 -   0.71843 0.15093 0.10796 0.02268 ( 1)
  16 -   0.71983 0.14953 0.10817 0.02247 ( 1)
  17 -   0.70934 0.16001 0.10660 0.02405 ( 1)
  18 -   0.71983 0.14953 0.10817 0.02247 ( 1)
  19 M   0.99613 0.00025 0.00362 0.00000 ( 1)
  20 P   0.78922 0.20372 0.00552 0.00154 ( 1)
  21 G   0.01457 0.97879 0.00009 0.00656 ( 2)
  22 P   0.12588 0.87069 0.00042 0.00300 ( 2)
  23 A   0.50804 0.48866 0.00166 0.00164 ( 1)
  24 V   0.99165 0.00051 0.00783 0.00000 ( 1)
  25 L   0.98736 0.00569 0.00690 0.00004 ( 1)
  26 G   0.99342 0.00069 0.00588 0.00000 ( 1)
  27 F   0.88479 0.11081 0.00390 0.00050 ( 1)
  28 S   0.99634 0.00046 0.00320 0.00000 ( 1)
  29 L   0.99165 0.00058 0.00776 0.00001 ( 1)
  30 A   0.40821 0.58910 0.00105 0.00164 ( 2)
  31 T   0.08565 0.91101 0.00028 0.00305 ( 2)
  32 L   0.29602 0.69523 0.00237 0.00638 ( 2)
  33 L   0.98477 0.00828 0.00689 0.00006 ( 1)
  34 G   0.01026 0.98372 0.00005 0.00597 ( 2)
  35 F   0.00025 0.99213 0.00000 0.00762 ( 2)
  36 G   0.69810 0.29666 0.00356 0.00169 ( 1)
  37 T   0.17648 0.82267 0.00015 0.00070 ( 2)
  38 G   0.99370 0.00123 0.00506 0.00001 ( 1)
  39 A   0.91021 0.08401 0.00522 0.00056 ( 1)
  40 P   0.95621 0.03979 0.00384 0.00016 ( 1)
  41 L   0.86316 0.12974 0.00610 0.00099 ( 1)
  42 C   0.99646 0.00054 0.00300 0.00000 ( 1)
  43 L   0.98787 0.00519 0.00691 0.00004 ( 1)
  44 S   0.91851 0.07994 0.00143 0.00013 ( 1)
  45 Q   0.28480 0.71034 0.00130 0.00356 ( 2)
  46 Q   0.98192 0.01687 0.00119 0.00002 ( 1)
  47 L   0.98693 0.00869 0.00434 0.00004 ( 1)
  48 R   0.68733 0.30980 0.00191 0.00096 ( 1)
  49 M   0.99613 0.00025 0.00362 0.00000 ( 1)
  50 P   0.00736 0.99219 0.00000 0.00044 ( 2)
  51 G   0.99370 0.00123 0.00506 0.00001 ( 1)
  52 N   0.98793 0.00672 0.00531 0.00004 ( 1)
  53 Y   0.99454 0.00271 0.00275 0.00001 ( 1)
  54 V   0.01455 0.97788 0.00010 0.00747 ( 2)
  55 L   0.98644 0.00662 0.00690 0.00005 ( 1)
  56 G   0.99154 0.00339 0.00505 0.00002 ( 1)
  57 G   0.99370 0.00123 0.00506 0.00001 ( 1)
  58 L   0.99070 0.00236 0.00693 0.00002 ( 1)
  59 F   0.99585 0.00018 0.00397 0.00000 ( 1)
  60 P   0.99402 0.00033 0.00565 0.00000 ( 1)
  61 L   0.97175 0.02265 0.00548 0.00013 ( 1)
  62 G   0.95523 0.04384 0.00089 0.00004 ( 1)
  63 A   0.36193 0.63312 0.00167 0.00328 ( 2)
  64 A   0.99387 0.00043 0.00570 0.00000 ( 1)
  65 E   0.79678 0.19797 0.00411 0.00114 ( 1)
  66 E   0.98165 0.01374 0.00454 0.00007 ( 1)
  67 A   0.90169 0.09503 0.00295 0.00032 ( 1)
  68 G   0.73442 0.25949 0.00435 0.00174 ( 1)
  69 L   0.87261 0.11949 0.00683 0.00107 ( 1)
  70 R   0.61816 0.37567 0.00366 0.00252 ( 1)
  71 T   0.76768 0.22902 0.00247 0.00083 ( 1)
  72 R   0.99305 0.00189 0.00504 0.00001 ( 1)
  73 T   0.50906 0.49009 0.00043 0.00042 ( 1)
  74 Q   0.64960 0.34564 0.00301 0.00175 ( 1)
  75 P   0.99404 0.00031 0.00565 0.00000 ( 1)
  76 S   0.82679 0.16994 0.00266 0.00062 ( 1)
  77 S   0.98997 0.00683 0.00318 0.00002 ( 1)
  78 P   0.89653 0.09770 0.00512 0.00064 ( 1)
  79 V   0.97826 0.01500 0.00663 0.00011 ( 1)
  80 C   0.99646 0.00054 0.00300 0.00000 ( 1)
  81 N   0.87077 0.12605 0.00273 0.00045 ( 1)
  82 -   0.70758 0.16177 0.10633 0.02431 ( 1)
  83 -   0.70758 0.16177 0.10633 0.02431 ( 1)
  84 -   0.70758 0.16177 0.10633 0.02431 ( 1)
  85 -   0.70758 0.16177 0.10633 0.02431 ( 1)
  86 -   0.70758 0.16177 0.10633 0.02431 ( 1)
  87 -   0.70758 0.16177 0.10633 0.02431 ( 1)
  88 -   0.70758 0.16177 0.10633 0.02431 ( 1)
  89 -   0.70758 0.16177 0.10633 0.02431 ( 1)
  90 -   0.70758 0.16177 0.10633 0.02431 ( 1)
  91 -   0.70758 0.16177 0.10633 0.02431 ( 1)
  92 R   0.99597 0.00125 0.00277 0.00000 ( 1)
  93 F   0.99572 0.00031 0.00397 0.00000 ( 1)
  94 S   0.99191 0.00517 0.00290 0.00002 ( 1)
  95 P   0.18581 0.81146 0.00047 0.00227 ( 2)
  96 L   0.06016 0.93906 0.00005 0.00073 ( 2)
  97 G   0.99340 0.00071 0.00588 0.00000 ( 1)
  98 L   0.98787 0.00519 0.00691 0.00004 ( 1)
  99 L   0.99155 0.00067 0.00777 0.00001 ( 1)
 100 W   0.99389 0.00354 0.00255 0.00001 ( 1)
 101 A   0.99100 0.00713 0.00186 0.00001 ( 1)
 102 L   0.98787 0.00519 0.00691 0.00004 ( 1)
 103 A   0.80265 0.19148 0.00461 0.00127 ( 1)
 104 M   0.98843 0.00794 0.00359 0.00003 ( 1)
 105 K   0.96905 0.02841 0.00246 0.00008 ( 1)
 106 M   0.99613 0.00025 0.00362 0.00000 ( 1)
 107 A   0.99626 0.00047 0.00327 0.00000 ( 1)
 108 V   0.99220 0.00107 0.00672 0.00001 ( 1)
 109 E   0.99458 0.00082 0.00460 0.00000 ( 1)
 110 E   0.99449 0.00091 0.00460 0.00000 ( 1)
 111 I   0.99557 0.00017 0.00425 0.00000 ( 1)
 112 N   0.99653 0.00053 0.00294 0.00000 ( 1)
 113 N   0.99620 0.00086 0.00293 0.00000 ( 1)
 114 G   0.00546 0.99147 0.00002 0.00306 ( 2)
 115 S   0.96718 0.03031 0.00243 0.00008 ( 1)
 116 T   0.21861 0.77546 0.00118 0.00476 ( 2)
 117 L   0.98787 0.00519 0.00691 0.00004 ( 1)
 118 L   0.98787 0.00519 0.00691 0.00004 ( 1)
 119 P   0.99422 0.00091 0.00486 0.00001 ( 1)
 120 G   0.99283 0.00120 0.00595 0.00001 ( 1)
 121 L   0.98787 0.00519 0.00691 0.00004 ( 1)
 122 Q   0.11927 0.66831 0.14826 0.06416 ( 2)
 123 L   0.98576 0.00864 0.00555 0.00005 ( 1)
 124 G   0.99342 0.00069 0.00588 0.00000 ( 1)
 125 Y   0.97907 0.01818 0.00270 0.00006 ( 1)
 126 D   0.99787 0.00068 0.00146 0.00000 ( 1)
 127 L   0.99165 0.00058 0.00776 0.00001 ( 1)
 128 F   0.98414 0.01188 0.00392 0.00005 ( 1)
 129 D   0.99649 0.00206 0.00145 0.00000 ( 1)
 130 T   0.99658 0.00074 0.00268 0.00000 ( 1)
 131 C   0.99646 0.00054 0.00300 0.00000 ( 1)
 132 S   0.99284 0.00465 0.00249 0.00001 ( 1)
 133 E   0.99458 0.00082 0.00460 0.00000 ( 1)
 134 P   0.47306 0.52354 0.00159 0.00180 ( 2)
 135 V   0.81371 0.17941 0.00551 0.00137 ( 1)
 136 V   0.99247 0.00080 0.00672 0.00001 ( 1)
 137 A   0.98852 0.00577 0.00567 0.00004 ( 1)
 138 M   0.99613 0.00025 0.00362 0.00000 ( 1)
 139 K   0.99620 0.00128 0.00253 0.00000 ( 1)
 140 P   0.99404 0.00031 0.00565 0.00000 ( 1)
 141 S   0.99819 0.00089 0.00091 0.00000 ( 1)
 142 L   0.99100 0.00123 0.00776 0.00001 ( 1)
 143 M   0.99271 0.00367 0.00361 0.00002 ( 1)
 144 F   0.99572 0.00031 0.00397 0.00000 ( 1)
 145 L   0.98787 0.00519 0.00691 0.00004 ( 1)
 146 A   0.99400 0.00029 0.00570 0.00000 ( 1)
 147 K   0.76981 0.22759 0.00195 0.00064 ( 1)
 148 A   0.00014 0.99795 0.00000 0.00190 ( 2)
 149 G   0.22846 0.76561 0.00123 0.00470 ( 2)
 150 S   0.99634 0.00046 0.00320 0.00000 ( 1)
 151 C   0.02031 0.97360 0.00011 0.00598 ( 2)
 152 S   0.04579 0.94815 0.00025 0.00582 ( 2)
 153 I   0.99442 0.00379 0.00179 0.00001 ( 1)
 154 A   0.99350 0.00079 0.00570 0.00001 ( 1)
 155 A   0.99402 0.00027 0.00570 0.00000 ( 1)
 156 Y   0.99642 0.00083 0.00275 0.00000 ( 1)
 157 C   0.99613 0.00087 0.00299 0.00000 ( 1)
 158 D   0.98761 0.00945 0.00291 0.00003 ( 1)
 159 Y   0.99604 0.00121 0.00275 0.00000 ( 1)
 160 A   0.96623 0.03108 0.00260 0.00009 ( 1)
 161 R   0.50172 0.49351 0.00230 0.00247 ( 1)
 162 Y   0.99650 0.00075 0.00275 0.00000 ( 1)
 163 Q   0.94316 0.05226 0.00432 0.00026 ( 1)
 164 P   0.99245 0.00189 0.00564 0.00001 ( 1)
 165 R   0.98144 0.01268 0.00580 0.00008 ( 1)
 166 V   0.99237 0.00090 0.00672 0.00001 ( 1)
 167 L   0.98694 0.00611 0.00690 0.00005 ( 1)
 168 A   0.97805 0.01623 0.00561 0.00011 ( 1)
 169 V   0.99165 0.00051 0.00783 0.00000 ( 1)
 170 I   0.99557 0.00018 0.00425 0.00000 ( 1)
 171 G   0.99357 0.00136 0.00506 0.00001 ( 1)
 172 P   0.99403 0.00031 0.00565 0.00000 ( 1)
 173 H   0.99425 0.00045 0.00530 0.00000 ( 1)
 174 S   0.99582 0.00167 0.00250 0.00000 ( 1)
 175 S   0.98648 0.01197 0.00153 0.00002 ( 1)
 176 E   0.99458 0.00082 0.00460 0.00000 ( 1)
 177 L   0.99145 0.00078 0.00776 0.00001 ( 1)
 178 A   0.99402 0.00028 0.00570 0.00000 ( 1)
 179 L   0.44910 0.54370 0.00304 0.00416 ( 2)
 180 I   0.98613 0.00603 0.00779 0.00005 ( 1)
 181 T   0.99620 0.00068 0.00312 0.00000 ( 1)
 182 G   0.99309 0.00102 0.00588 0.00001 ( 1)
 183 K   0.99620 0.00128 0.00253 0.00000 ( 1)
 184 F   0.99585 0.00018 0.00397 0.00000 ( 1)
 185 F   0.99565 0.00038 0.00397 0.00000 ( 1)
 186 G   0.65976 0.33409 0.00391 0.00224 ( 1)
 187 F   0.99585 0.00018 0.00397 0.00000 ( 1)
 188 F   0.99585 0.00018 0.00397 0.00000 ( 1)
 189 L   0.99165 0.00058 0.00776 0.00001 ( 1)
 190 M   0.99257 0.00380 0.00361 0.00002 ( 1)
 191 P   0.99372 0.00062 0.00565 0.00000 ( 1)
 192 Q   0.99296 0.00249 0.00455 0.00001 ( 1)
 193 V   0.99165 0.00051 0.00783 0.00000 ( 1)
 194 S   0.99634 0.00046 0.00320 0.00000 ( 1)
 195 Y   0.97794 0.02112 0.00093 0.00002 ( 1)
 196 G   0.98417 0.00994 0.00583 0.00007 ( 1)
 197 A   0.99035 0.00638 0.00324 0.00002 ( 1)
 198 S   0.99004 0.00675 0.00318 0.00002 ( 1)
 199 M   0.99613 0.00025 0.00362 0.00000 ( 1)
 200 D   0.98213 0.01326 0.00454 0.00007 ( 1)
 201 G   0.42343 0.56930 0.00296 0.00432 ( 2)
 202 L   0.99102 0.00204 0.00693 0.00002 ( 1)
 203 S   0.99853 0.00055 0.00092 0.00000 ( 1)
 204 I   0.90494 0.08928 0.00519 0.00059 ( 1)
 205 R   0.99318 0.00177 0.00504 0.00001 ( 1)
 206 E   0.99458 0.00082 0.00460 0.00000 ( 1)
 207 T   0.99652 0.00036 0.00312 0.00000 ( 1)
 208 F   0.99585 0.00018 0.00397 0.00000 ( 1)
 209 P   0.99404 0.00031 0.00565 0.00000 ( 1)
 210 S   0.99667 0.00042 0.00291 0.00000 ( 1)
 211 F   0.99585 0.00018 0.00397 0.00000 ( 1)
 212 F   0.99585 0.00018 0.00397 0.00000 ( 1)
 213 R   0.99339 0.00077 0.00584 0.00001 ( 1)
 214 T   0.99111 0.00805 0.00083 0.00001 ( 1)
 215 V   0.99235 0.00092 0.00672 0.00001 ( 1)
 216 P   0.99404 0.00031 0.00565 0.00000 ( 1)
 217 S   0.99319 0.00361 0.00319 0.00001 ( 1)
 218 D   0.99425 0.00040 0.00534 0.00000 ( 1)
 219 R   0.99142 0.00637 0.00220 0.00001 ( 1)
 220 T   0.76257 0.23050 0.00517 0.00176 ( 1)
 221 Q   0.99296 0.00249 0.00455 0.00001 ( 1)
 222 L   0.98787 0.00519 0.00691 0.00004 ( 1)
 223 L   0.00003 0.99697 0.00000 0.00300 ( 2)
 224 A   0.99618 0.00054 0.00327 0.00000 ( 1)
 225 V   0.00568 0.98774 0.00003 0.00654 ( 2)
 226 M   0.20054 0.79197 0.00137 0.00612 ( 2)
 227 K   0.97700 0.02215 0.00084 0.00002 ( 1)
 228 L   0.98787 0.00519 0.00691 0.00004 ( 1)
 229 L   0.98644 0.00662 0.00690 0.00005 ( 1)
 230 Q   0.93959 0.05583 0.00430 0.00028 ( 1)
 231 E   0.15058 0.84434 0.00070 0.00438 ( 2)
 232 F   0.99124 0.00478 0.00395 0.00002 ( 1)
 233 S   0.84100 0.15299 0.00498 0.00102 ( 1)
 234 W   0.99389 0.00354 0.00255 0.00001 ( 1)
 235 N   0.99653 0.00053 0.00294 0.00000 ( 1)
 236 W   0.99389 0.00354 0.00255 0.00001 ( 1)
 237 V   0.99237 0.00090 0.00672 0.00001 ( 1)
 238 A   0.99387 0.00042 0.00570 0.00000 ( 1)
 239 A   0.99396 0.00034 0.00570 0.00000 ( 1)
 240 L   0.98783 0.00522 0.00691 0.00004 ( 1)
 241 G   0.99342 0.00069 0.00588 0.00000 ( 1)
 242 S   0.99390 0.00518 0.00091 0.00000 ( 1)
 243 D   0.93189 0.00078 0.06727 0.00006 ( 1)
 244 D   0.99344 0.00121 0.00534 0.00001 ( 1)
 245 E   0.99449 0.00091 0.00460 0.00000 ( 1)
 246 Y   0.96576 0.03329 0.00092 0.00003 ( 1)
 247 G   0.99342 0.00069 0.00588 0.00000 ( 1)
 248 R   0.99260 0.00235 0.00504 0.00001 ( 1)
 249 Q   0.99254 0.00290 0.00454 0.00001 ( 1)
 250 G   0.99342 0.00069 0.00588 0.00000 ( 1)
 251 L   0.98434 0.00871 0.00688 0.00007 ( 1)
 252 S   0.98714 0.00689 0.00592 0.00005 ( 1)
 253 I   0.99320 0.00255 0.00424 0.00001 ( 1)
 254 F   0.99585 0.00018 0.00397 0.00000 ( 1)
 255 S   0.99410 0.00339 0.00250 0.00001 ( 1)
 256 S   0.02005 0.97638 0.00006 0.00351 ( 2)
 257 M   0.92324 0.06978 0.00645 0.00053 ( 1)
 258 A   0.99363 0.00067 0.00570 0.00000 ( 1)
 259 S   0.17273 0.82183 0.00085 0.00459 ( 2)
 260 T   0.14267 0.85187 0.00070 0.00476 ( 2)
 261 Q   0.53507 0.45922 0.00289 0.00282 ( 1)
 262 G   0.79515 0.20152 0.00259 0.00074 ( 1)
 263 I   0.99557 0.00017 0.00425 0.00000 ( 1)
 264 C   0.99838 0.00063 0.00098 0.00000 ( 1)
 265 I   0.99541 0.00034 0.00425 0.00000 ( 1)
 266 A   0.97827 0.01986 0.00183 0.00004 ( 1)
 267 H   0.99403 0.00067 0.00530 0.00000 ( 1)
 268 E   0.99458 0.00082 0.00460 0.00000 ( 1)
 269 G   0.99342 0.00069 0.00588 0.00000 ( 1)
 270 L   0.98761 0.00544 0.00691 0.00004 ( 1)
 271 V   0.99237 0.00090 0.00672 0.00001 ( 1)
 272 P   0.99475 0.00125 0.00399 0.00001 ( 1)
 273 L   0.98685 0.00621 0.00690 0.00005 ( 1)
 274 S   0.88188 0.11237 0.00502 0.00074 ( 1)
 275 S   0.01332 0.98443 0.00003 0.00223 ( 2)
 276 A   0.98999 0.00430 0.00568 0.00003 ( 1)
 277 N   0.14510 0.84891 0.00078 0.00522 ( 2)
 278 D   0.00006 0.99327 0.00000 0.00668 ( 2)
 279 L   0.00000 0.99449 0.00000 0.00551 ( 2)
 280 V   0.00030 0.99218 0.00000 0.00752 ( 2)
 281 M   0.05594 0.93657 0.00039 0.00710 ( 2)
 282 R   0.97872 0.01620 0.00499 0.00009 ( 1)
 283 K   0.99631 0.00116 0.00253 0.00000 ( 1)
 284 V   0.99237 0.00090 0.00672 0.00001 ( 1)
 285 Q   0.99296 0.00249 0.00455 0.00001 ( 1)
 286 A   0.26343 0.73067 0.00142 0.00449 ( 2)
 287 L   0.03029 0.96215 0.00021 0.00735 ( 2)
 288 L   0.98787 0.00519 0.00691 0.00004 ( 1)
 289 H   0.98380 0.01089 0.00524 0.00007 ( 1)
 290 Q   0.99296 0.00249 0.00455 0.00001 ( 1)
 291 I   0.88002 0.11316 0.00596 0.00086 ( 1)
 292 N   0.99653 0.00053 0.00294 0.00000 ( 1)
 293 Q   0.99274 0.00270 0.00454 0.00001 ( 1)
 294 S   0.98933 0.00747 0.00318 0.00003 ( 1)
 295 N   0.88091 0.11584 0.00283 0.00042 ( 1)
 296 V   0.89138 0.10180 0.00604 0.00078 ( 1)
 297 Q   0.99296 0.00249 0.00455 0.00001 ( 1)
 298 V   0.99237 0.00090 0.00672 0.00001 ( 1)
 299 V   0.99237 0.00090 0.00672 0.00001 ( 1)
 300 V   0.95054 0.04249 0.00665 0.00032 ( 1)
 301 L   0.98641 0.00664 0.00690 0.00005 ( 1)
 302 F   0.99563 0.00040 0.00397 0.00000 ( 1)
 303 A   0.99391 0.00039 0.00570 0.00000 ( 1)
 304 S   0.99602 0.00107 0.00291 0.00000 ( 1)
 305 A   0.84626 0.14875 0.00417 0.00083 ( 1)
 306 H   0.13958 0.85394 0.00082 0.00566 ( 2)
 307 A   0.99259 0.00170 0.00570 0.00001 ( 1)
 308 A   0.99402 0.00027 0.00570 0.00000 ( 1)
 309 H   0.13665 0.85741 0.00073 0.00521 ( 2)
 310 L   0.00002 0.99664 0.00000 0.00334 ( 2)
 311 L   0.98247 0.00975 0.00769 0.00009 ( 1)
 312 F   0.99585 0.00018 0.00397 0.00000 ( 1)
 313 S   0.01759 0.97880 0.00006 0.00356 ( 2)
 314 Y   0.94986 0.04738 0.00262 0.00015 ( 1)
 315 S   0.98974 0.00705 0.00318 0.00003 ( 1)
 316 I   0.99557 0.00017 0.00425 0.00000 ( 1)
 317 R   0.78028 0.21643 0.00251 0.00079 ( 1)
 318 F   0.00109 0.99529 0.00000 0.00362 ( 2)
 319 N   0.14214 0.85510 0.00036 0.00240 ( 2)
 320 L   0.99165 0.00058 0.00776 0.00001 ( 1)
 321 S   0.33332 0.66399 0.00084 0.00185 ( 2)
 322 P   0.92233 0.07468 0.00273 0.00025 ( 1)
 323 K   0.99631 0.00116 0.00253 0.00000 ( 1)
 324 V   0.99237 0.00090 0.00672 0.00001 ( 1)
 325 W   0.99389 0.00354 0.00255 0.00001 ( 1)
 326 V   0.99214 0.00113 0.00672 0.00001 ( 1)
 327 A   0.99402 0.00027 0.00570 0.00000 ( 1)
 328 S   0.99597 0.00083 0.00320 0.00000 ( 1)
 329 E   0.99458 0.00082 0.00460 0.00000 ( 1)
 330 A   0.99402 0.00027 0.00570 0.00000 ( 1)
 331 W   0.99389 0.00354 0.00255 0.00001 ( 1)
 332 L   0.98737 0.00569 0.00690 0.00004 ( 1)
 333 T   0.99651 0.00037 0.00312 0.00000 ( 1)
 334 S   0.93618 0.06216 0.00156 0.00011 ( 1)
 335 D   0.86229 0.13226 0.00464 0.00081 ( 1)
 336 L   0.31520 0.67746 0.00220 0.00514 ( 2)
 337 V   0.98335 0.00880 0.00777 0.00008 ( 1)
 338 M   0.99613 0.00025 0.00362 0.00000 ( 1)
 339 E   0.74733 0.24746 0.00381 0.00141 ( 1)
 340 L   0.98784 0.00522 0.00691 0.00004 ( 1)
 341 P   0.98929 0.00505 0.00563 0.00003 ( 1)
 342 G   0.99342 0.00069 0.00588 0.00000 ( 1)
 343 M   0.99276 0.00361 0.00361 0.00002 ( 1)
 344 T   0.99028 0.00401 0.00568 0.00003 ( 1)
 345 Q   0.96355 0.03187 0.00441 0.00016 ( 1)
 346 M   0.82976 0.16337 0.00562 0.00125 ( 1)
 347 G   0.99319 0.00093 0.00588 0.00001 ( 1)
 348 T   0.99661 0.00071 0.00268 0.00000 ( 1)
 349 V   0.99237 0.00090 0.00672 0.00001 ( 1)
 350 L   0.97157 0.02405 0.00427 0.00011 ( 1)
 351 G   0.99342 0.00069 0.00588 0.00000 ( 1)
 352 F   0.99752 0.00078 0.00170 0.00000 ( 1)
 353 L   0.95392 0.03827 0.00747 0.00034 ( 1)
 354 H   0.96504 0.03039 0.00442 0.00015 ( 1)
 355 Q   0.63147 0.36564 0.00176 0.00113 ( 1)
 356 G   0.74826 0.24967 0.00154 0.00052 ( 1)
 357 D   0.00393 0.98949 0.00002 0.00655 ( 2)
 358 L   0.00498 0.99004 0.00002 0.00496 ( 2)
 359 L   0.98757 0.00548 0.00690 0.00004 ( 1)
 360 P   0.87714 0.11747 0.00468 0.00071 ( 1)
 361 N   0.00078 0.99641 0.00000 0.00280 ( 2)
 362 F   0.99585 0.00018 0.00397 0.00000 ( 1)
 363 S   0.26405 0.73275 0.00077 0.00243 ( 2)
 364 Q   0.09650 0.89855 0.00044 0.00450 ( 2)
 365 Y   0.99767 0.00138 0.00095 0.00000 ( 1)
 366 V   0.99237 0.00090 0.00672 0.00001 ( 1)
 367 K   0.97930 0.01816 0.00248 0.00005 ( 1)
 368 N   0.98079 0.01608 0.00307 0.00006 ( 1)
 369 R   0.22364 0.77048 0.00119 0.00469 ( 2)
 370 L   0.09460 0.00734 0.89298 0.00508 ( 3)
 371 H   0.02026 0.97318 0.00012 0.00644 ( 2)
 372 L   0.98787 0.00519 0.00691 0.00004 ( 1)
 373 A   0.99387 0.00042 0.00570 0.00000 ( 1)
 374 A   0.99071 0.00602 0.00325 0.00002 ( 1)
 375 N   0.90380 0.09079 0.00486 0.00056 ( 1)
 376 P   0.98643 0.00957 0.00396 0.00004 ( 1)
 377 A   0.08791 0.90452 0.00060 0.00697 ( 2)
 378 F   0.99585 0.00018 0.00397 0.00000 ( 1)
 379 C   0.99259 0.00442 0.00298 0.00001 ( 1)
 380 A   0.92852 0.06572 0.00533 0.00044 ( 1)
 381 S   0.01546 0.97797 0.00009 0.00648 ( 2)
 382 L   0.98787 0.00519 0.00691 0.00004 ( 1)
 383 K   0.02471 0.96865 0.00015 0.00649 ( 2)
 384 A   0.00102 0.99615 0.00000 0.00283 ( 2)
 385 E   0.16192 0.83505 0.00045 0.00258 ( 2)
 386 Q   0.97085 0.02454 0.00449 0.00013 ( 1)
 387 P   0.84309 0.15229 0.00386 0.00076 ( 1)
 388 G   0.94330 0.05465 0.00194 0.00011 ( 1)
 389 L   0.98685 0.00621 0.00690 0.00005 ( 1)
 390 E   0.99458 0.00082 0.00460 0.00000 ( 1)
 391 E   0.99450 0.00090 0.00460 0.00000 ( 1)
 392 H   0.98285 0.01180 0.00528 0.00007 ( 1)
 393 V   0.99237 0.00090 0.00672 0.00001 ( 1)
 394 V   0.99214 0.00113 0.00672 0.00001 ( 1)
 395 G   0.99326 0.00085 0.00588 0.00001 ( 1)
 396 P   0.75720 0.23762 0.00384 0.00134 ( 1)
 397 R   0.99339 0.00077 0.00584 0.00001 ( 1)
 398 C   0.99646 0.00054 0.00300 0.00000 ( 1)
 399 P   0.99267 0.00246 0.00486 0.00001 ( 1)
 400 Q   0.99296 0.00249 0.00455 0.00001 ( 1)
 401 C   0.95518 0.04384 0.00094 0.00004 ( 1)
 402 D   0.99425 0.00040 0.00534 0.00000 ( 1)
 403 H   0.00004 0.99895 0.00000 0.00101 ( 2)
 404 I   0.95361 0.04210 0.00407 0.00021 ( 1)
 405 T   0.95307 0.04424 0.00256 0.00013 ( 1)
 406 L   0.98761 0.00544 0.00691 0.00004 ( 1)
 407 Q   0.99597 0.00282 0.00121 0.00000 ( 1)
 408 N   0.99620 0.00086 0.00293 0.00000 ( 1)
 409 V   0.97451 0.01875 0.00660 0.00014 ( 1)
 410 S   0.11610 0.88032 0.00037 0.00320 ( 2)
 411 A   0.84144 0.15533 0.00267 0.00056 ( 1)
 412 G   0.31774 0.68096 0.00041 0.00089 ( 2)
 413 L   0.96701 0.02738 0.00545 0.00016 ( 1)
 414 L   0.00000 0.99669 0.00000 0.00331 ( 2)
 415 H   0.79496 0.19959 0.00424 0.00121 ( 1)
 416 H   0.98764 0.00705 0.00527 0.00004 ( 1)
 417 R   0.61232 0.38296 0.00280 0.00192 ( 1)
 418 P   0.18580 0.81127 0.00050 0.00244 ( 2)
 419 F   0.99572 0.00031 0.00397 0.00000 ( 1)
 420 A   0.12999 0.86832 0.00022 0.00147 ( 2)
 421 A   0.98614 0.00601 0.00779 0.00005 ( 1)
 422 Y   0.99604 0.00121 0.00275 0.00000 ( 1)
 423 A   0.64982 0.34830 0.00122 0.00066 ( 1)
 424 A   0.98745 0.00928 0.00323 0.00003 ( 1)
 425 V   0.99237 0.00090 0.00672 0.00001 ( 1)
 426 Y   0.99456 0.00266 0.00277 0.00001 ( 1)
 427 S   0.98453 0.01226 0.00316 0.00004 ( 1)
 428 V   0.99237 0.00090 0.00672 0.00001 ( 1)
 429 A   0.99395 0.00034 0.00570 0.00000 ( 1)
 430 Q   0.99257 0.00287 0.00454 0.00001 ( 1)
 431 A   0.99402 0.00027 0.00570 0.00000 ( 1)
 432 L   0.98672 0.00632 0.00691 0.00005 ( 1)
 433 H   0.99425 0.00045 0.00530 0.00000 ( 1)
 434 N   0.99649 0.00057 0.00294 0.00000 ( 1)
 435 T   0.96302 0.03527 0.00164 0.00006 ( 1)
 436 L   0.98640 0.00665 0.00690 0.00005 ( 1)
 437 Q   0.00439 0.99063 0.00002 0.00496 ( 2)
 438 C   0.99646 0.00054 0.00300 0.00000 ( 1)
 439 S   0.35234 0.64448 0.00104 0.00214 ( 2)
 440 S   0.88391 0.11029 0.00507 0.00073 ( 1)
 441 S   0.99388 0.00457 0.00154 0.00001 ( 1)
 442 G   0.99342 0.00069 0.00588 0.00000 ( 1)
 443 C   0.99646 0.00054 0.00300 0.00000 ( 1)
 444 P   0.99380 0.00054 0.00565 0.00000 ( 1)
 445 A   0.00008 0.99575 0.00000 0.00417 ( 2)
 446 R   0.02154 0.97349 0.00010 0.00488 ( 2)
 447 E   0.88453 0.11004 0.00475 0.00068 ( 1)
 448 P   0.99399 0.00035 0.00565 0.00000 ( 1)
 449 V   0.99237 0.00090 0.00672 0.00001 ( 1)
 450 R   0.12464 0.79907 0.00977 0.06652 ( 2)
 451 -   0.70758 0.16177 0.10633 0.02431 ( 1)
 452 -   0.70758 0.16177 0.10633 0.02431 ( 1)
 453 -   0.70758 0.16177 0.10633 0.02431 ( 1)
 454 -   0.70758 0.16177 0.10633 0.02431 ( 1)
 455 -   0.70758 0.16177 0.10633 0.02431 ( 1)
 456 -   0.70758 0.16177 0.10633 0.02431 ( 1)
 457 P   0.00067 0.00000 0.99878 0.00055 ( 3)
 458 W   0.99389 0.00354 0.00255 0.00001 ( 1)
 459 Q   0.08792 0.05007 0.82838 0.03363 ( 3)
 460 L   0.00007 0.00024 0.98392 0.01578 ( 3)
 461 L   0.03159 0.00247 0.96048 0.00547 ( 3)
 462 E   0.00067 0.06572 0.18838 0.74524 ( 4)
 463 N   0.00027 0.00000 0.99913 0.00060 ( 3)
 464 M   0.00000 0.00000 0.99971 0.00029 ( 3)
 465 Y   0.00000 0.00000 0.99916 0.00084 ( 3)
 466 N   0.09427 0.00076 0.90442 0.00054 ( 3)
 467 M   0.91002 0.00910 0.08002 0.00085 ( 1)
 468 S   0.98850 0.00838 0.00309 0.00003 ( 1)
 469 F   0.99585 0.00018 0.00397 0.00000 ( 1)
 470 -   0.70758 0.16177 0.10633 0.02431 ( 1)
 471 R   0.00055 0.06979 0.14090 0.78876 ( 4)
 472 A   0.00000 0.01140 0.00352 0.98508 ( 4)
 473 G   0.00010 0.01087 0.11211 0.87692 ( 4)
 474 G   0.97718 0.01774 0.00498 0.00010 ( 1)
 475 L   0.89489 0.09811 0.00626 0.00074 ( 1)
 476 E   0.00004 0.99696 0.00000 0.00300 ( 2)
 477 L   0.88097 0.11342 0.00496 0.00065 ( 1)
 478 R   0.91902 0.07509 0.00540 0.00050 ( 1)
 479 F   0.97683 0.01918 0.00389 0.00009 ( 1)
 480 D   0.86105 0.13596 0.00254 0.00045 ( 1)
 481 A   0.00164 0.99474 0.00001 0.00361 ( 2)
 482 G   0.17028 0.82647 0.00050 0.00274 ( 2)
 483 G   0.99284 0.00209 0.00506 0.00001 ( 1)
 484 N   0.99620 0.00086 0.00293 0.00000 ( 1)
 485 V   0.99228 0.00099 0.00672 0.00001 ( 1)
 486 N   0.98871 0.00594 0.00531 0.00004 ( 1)
 487 L   0.31764 0.67838 0.00115 0.00283 ( 2)
 488 K   0.91451 0.01202 0.07246 0.00102 ( 1)
 489 Y   0.00000 0.00001 0.79577 0.20422 ( 3)
 490 D   0.00000 0.00000 0.99949 0.00051 ( 3)
 491 L   0.00420 0.00031 0.99009 0.00540 ( 3)
 492 K   0.02545 0.00045 0.97284 0.00126 ( 3)
 493 L   0.00000 0.00000 0.99275 0.00724 ( 3)
 494 W   0.00005 0.00004 0.99606 0.00385 ( 3)
 495 V   0.97721 0.01605 0.00662 0.00012 ( 1)
 496 W   0.99389 0.00354 0.00255 0.00001 ( 1)
 497 R   0.00105 0.99396 0.00000 0.00498 ( 2)
 498 D   0.01524 0.97812 0.00009 0.00655 ( 2)
 499 P   0.00031 0.99811 0.00000 0.00158 ( 2)
 500 T   0.41656 0.57621 0.00282 0.00440 ( 2)
 501 P   0.99376 0.00058 0.00565 0.00000 ( 1)
 502 E   0.00025 0.99459 0.00000 0.00516 ( 2)
 503 L   0.99118 0.00105 0.00776 0.00001 ( 1)
 504 R   0.24872 0.74543 0.00133 0.00452 ( 2)
 505 T   0.00010 0.99841 0.00000 0.00149 ( 2)
 506 V   0.99237 0.00090 0.00672 0.00001 ( 1)
 507 G   0.99342 0.00069 0.00588 0.00000 ( 1)
 508 T   0.00044 0.99649 0.00000 0.00307 ( 2)
 509 F   0.99585 0.00018 0.00397 0.00000 ( 1)
 510 N   0.98077 0.01629 0.00289 0.00005 ( 1)
 511 G   0.71812 0.27578 0.00425 0.00185 ( 1)
 512 S   0.00031 0.01295 0.81459 0.17215 ( 3)
 513 L   0.44156 0.00462 0.55337 0.00045 ( 3)
 514 W   0.00353 0.99369 0.00001 0.00277 ( 2)
 515 -   0.70758 0.16177 0.10633 0.02431 ( 1)
 516 L   0.00207 0.99708 0.00000 0.00085 ( 2)
 517 Q   0.73368 0.26078 0.00394 0.00160 ( 1)
 518 R   0.76930 0.22740 0.00247 0.00083 ( 1)
 519 S   0.00007 0.99240 0.00000 0.00752 ( 2)
 520 K   0.97840 0.01906 0.00248 0.00005 ( 1)
 521 I   0.99291 0.00284 0.00424 0.00001 ( 1)
 522 C   0.00006 0.99336 0.00000 0.00658 ( 2)
 523 W   0.99389 0.00354 0.00255 0.00001 ( 1)
 524 H   0.86891 0.00045 0.13058 0.00007 ( 1)
 525 T   0.85329 0.01607 0.12823 0.00241 ( 1)
 526 H   0.00511 0.86425 0.00077 0.12988 ( 2)
 527 S   0.00091 0.86845 0.00014 0.13051 ( 2)
 528 N   0.86878 0.00057 0.13056 0.00009 ( 1)
 529 R   0.60364 0.32423 0.04602 0.02611 ( 1)
 530 V   0.00000 0.00022 0.00006 0.99972 ( 4)
 531 P   0.64661 0.00138 0.35120 0.00081 ( 1)
 532 V   0.00004 0.00001 0.99893 0.00102 ( 3)
 533 S   0.09376 0.00061 0.90519 0.00043 ( 3)
 534 Q   0.00316 0.00289 0.95095 0.04300 ( 3)
 535 C   0.99646 0.00054 0.00300 0.00000 ( 1)
 536 S   0.00065 0.00001 0.99822 0.00112 ( 3)
 537 Q   0.04855 0.29723 0.45425 0.19997 ( 3)
 538 Q   0.00000 0.00000 0.99726 0.00273 ( 3)
 539 C   0.86883 0.00053 0.13056 0.00008 ( 1)
 540 Q   0.19109 0.67826 0.02872 0.10193 ( 2)
 541 E   0.85096 0.01840 0.12788 0.00276 ( 1)
 542 G   0.86868 0.00068 0.13054 0.00010 ( 1)
 543 Q   0.86697 0.00239 0.13028 0.00036 ( 1)
 544 V   0.86847 0.00089 0.13051 0.00013 ( 1)
 545 R   0.86860 0.00076 0.13053 0.00011 ( 1)
 546 R   0.86253 0.00683 0.12962 0.00103 ( 1)
 547 V   0.86878 0.00058 0.13056 0.00009 ( 1)
 548 K   0.44950 0.00771 0.54209 0.00070 ( 3)
 549 G   0.62053 0.00085 0.37807 0.00055 ( 1)
 550 F   0.44517 0.00122 0.55349 0.00012 ( 3)
 551 H   0.00000 0.00000 0.99948 0.00051 ( 3)
 552 S   0.03893 0.00025 0.96037 0.00045 ( 3)
 553 C   0.00000 0.00000 0.99939 0.00061 ( 3)
 554 C   0.00000 0.00000 0.99939 0.00061 ( 3)
 555 Y   0.09484 0.00111 0.90329 0.00076 ( 3)
 556 D   0.99425 0.00040 0.00534 0.00000 ( 1)
 557 C   0.99163 0.00538 0.00298 0.00002 ( 1)
 558 V   0.99102 0.00225 0.00671 0.00002 ( 1)
 559 D   0.99425 0.00040 0.00534 0.00000 ( 1)
 560 C   0.99640 0.00060 0.00300 0.00000 ( 1)
 561 K   0.18412 0.81313 0.00047 0.00229 ( 2)
 562 P   0.74958 0.24536 0.00369 0.00137 ( 1)
 563 G   0.99342 0.00069 0.00588 0.00000 ( 1)
 564 S   0.99605 0.00075 0.00320 0.00000 ( 1)
 565 Y   0.99650 0.00075 0.00275 0.00000 ( 1)
 566 Q   0.47234 0.52282 0.00219 0.00265 ( 2)
 567 -   0.70758 0.16177 0.10633 0.02431 ( 1)
 568 H   0.00067 0.99653 0.00000 0.00280 ( 2)
 569 S   0.24283 0.75365 0.00078 0.00274 ( 2)
 570 P   0.04611 0.82325 0.00693 0.12371 ( 2)
 571 -   0.70758 0.16177 0.10633 0.02431 ( 1)
 572 -   0.70758 0.16177 0.10633 0.02431 ( 1)
 573 E   0.00003 0.00063 0.90530 0.09404 ( 3)
 574 D   0.00069 0.00000 0.99885 0.00046 ( 3)
 575 P   0.00000 0.01117 0.00247 0.98636 ( 4)
 576 T   0.00010 0.57304 0.00098 0.42588 ( 2)
 577 C   0.00279 0.00053 0.99570 0.00098 ( 3)
 578 T   0.00000 0.00000 0.98895 0.01104 ( 3)
 579 P   0.00000 0.00000 0.00006 0.99994 ( 4)
 580 C   0.00000 0.00000 0.99925 0.00074 ( 3)
 581 R   0.00000 0.39753 0.00000 0.60247 ( 4)
 582 K   0.00068 0.99433 0.00000 0.00498 ( 2)
 583 D   0.06143 0.20027 0.59255 0.14575 ( 3)
 584 Q   0.05442 0.25666 0.50974 0.17918 ( 3)
 585 W   0.00232 0.00028 0.99356 0.00384 ( 3)
 586 S   0.99663 0.00045 0.00291 0.00000 ( 1)
 587 P   0.99443 0.00070 0.00486 0.00000 ( 1)
 588 Q   0.19378 0.80117 0.00090 0.00416 ( 2)
 589 R   0.99306 0.00189 0.00504 0.00001 ( 1)
 590 S   0.99634 0.00046 0.00320 0.00000 ( 1)
 591 R   0.20247 0.79667 0.00017 0.00068 ( 2)
 592 K   0.23490 0.75869 0.00138 0.00503 ( 2)
 593 C   0.99646 0.00054 0.00300 0.00000 ( 1)
 594 F   0.99585 0.00018 0.00397 0.00000 ( 1)
 595 S   0.00124 0.99218 0.00001 0.00658 ( 2)
 596 R   0.99262 0.00154 0.00583 0.00001 ( 1)
 597 R   0.96725 0.02997 0.00269 0.00009 ( 1)
 598 H   0.00153 0.99399 0.00001 0.00447 ( 2)
 599 T   0.51323 0.48436 0.00123 0.00118 ( 1)
 600 F   0.09547 0.00027 0.90407 0.00019 ( 3)
 601 L   0.00419 0.00049 0.98692 0.00841 ( 3)
 602 A   0.00942 0.19981 0.30686 0.48391 ( 4)
 603 W   0.00000 0.00000 0.99615 0.00385 ( 3)
 604 G   0.60417 0.00891 0.38062 0.00630 ( 1)
 605 D   0.00036 0.00212 0.81991 0.17761 ( 3)
 606 P   0.00000 0.00000 0.99926 0.00073 ( 3)
 607 T   0.63824 0.30212 0.03937 0.02027 ( 1)
 608 V   0.00106 0.00001 0.99790 0.00102 ( 3)
 609 L   0.91458 0.00518 0.07976 0.00048 ( 1)
 610 V   0.00000 0.00060 0.04418 0.95522 ( 4)
 611 L   0.00000 0.00000 0.99434 0.00566 ( 3)
 612 L   0.00041 0.00006 0.99878 0.00075 ( 3)
 613 L   0.00004 0.00003 0.99268 0.00724 ( 3)
 614 L   0.00232 0.00042 0.99162 0.00564 ( 3)
 615 L   0.80636 0.06299 0.12118 0.00947 ( 1)
 616 G   0.13434 0.73502 0.02019 0.11046 ( 2)
 617 L   0.86444 0.00492 0.12990 0.00074 ( 1)
 618 V   0.83933 0.03002 0.12613 0.00451 ( 1)
 619 L   0.98787 0.00519 0.00691 0.00004 ( 1)
 620 A   0.97722 0.01688 0.00579 0.00011 ( 1)
 621 L   0.98215 0.01347 0.00432 0.00006 ( 1)
 622 V   0.99237 0.00090 0.00672 0.00001 ( 1)
 623 L   0.00232 0.00042 0.99162 0.00564 ( 3)
 624 A   0.00087 0.00006 0.99418 0.00490 ( 3)
 625 A   0.00002 0.00016 0.97053 0.02929 ( 3)
 626 L   0.09195 0.01058 0.89012 0.00736 ( 3)
 627 G   0.61250 0.00095 0.38588 0.00067 ( 1)
 628 L   0.00000 0.00000 0.99509 0.00491 ( 3)
 629 F   0.00211 0.00009 0.99495 0.00284 ( 3)
 630 V   0.00001 0.05242 0.00203 0.94554 ( 4)
 631 H   0.22410 0.70893 0.01524 0.05173 ( 2)
 632 H   0.86330 0.00606 0.12973 0.00091 ( 1)
 633 R   0.01031 0.23917 0.28886 0.46166 ( 4)
 634 N   0.00000 0.00000 0.99319 0.00681 ( 3)
 635 S   0.00002 0.00000 0.99933 0.00065 ( 3)
 636 P   0.62340 0.02390 0.33864 0.01406 ( 1)
 637 L   0.00231 0.00068 0.98780 0.00922 ( 3)
 638 V   0.00000 0.00001 0.98735 0.01264 ( 3)
 639 Q   0.00396 0.00231 0.95463 0.03910 ( 3)
 640 A   0.99402 0.00027 0.00570 0.00000 ( 1)
 641 S   0.01752 0.00197 0.97680 0.00371 ( 3)
 642 G   0.00000 0.00000 0.99614 0.00385 ( 3)
 643 G   0.00000 0.00000 0.99858 0.00142 ( 3)
 644 L   0.00035 0.57150 0.00342 0.42474 ( 2)
 645 L   0.00232 0.00042 0.99162 0.00564 ( 3)
 646 A   0.00061 0.00001 0.99825 0.00113 ( 3)
 647 C   0.00000 0.00000 0.99939 0.00061 ( 3)
 648 F   0.00002 0.00004 0.99191 0.00802 ( 3)
 649 G   0.00000 0.00000 0.98845 0.01155 ( 3)
 650 L   0.00004 0.00003 0.99422 0.00571 ( 3)
 651 A   0.00000 0.00000 0.99170 0.00830 ( 3)
 652 C   0.09393 0.00185 0.90290 0.00132 ( 3)
 653 L   0.00003 0.00000 0.99328 0.00669 ( 3)
 654 G   0.00000 0.00000 0.99922 0.00078 ( 3)
 655 L   0.42742 0.03221 0.53730 0.00306 ( 3)
 656 V   0.04305 0.00045 0.95575 0.00075 ( 3)
 657 C   0.99646 0.00054 0.00300 0.00000 ( 1)
 658 L   0.55522 0.06659 0.33574 0.04245 ( 1)
 659 S   0.69240 0.30426 0.00223 0.00111 ( 1)
 660 G   0.13888 0.62534 0.17420 0.06157 ( 2)
 661 L   0.00001 0.00000 0.99926 0.00072 ( 3)
 662 L   0.00014 0.00005 0.99259 0.00722 ( 3)
 663 F   0.00013 0.00001 0.99965 0.00021 ( 3)
 664 P   0.00017 0.00004 0.98514 0.01465 ( 3)
 665 G   0.79038 0.00079 0.20860 0.00024 ( 1)
 666 R   0.51530 0.35406 0.07744 0.05321 ( 1)
 667 P   0.86866 0.00070 0.13054 0.00010 ( 1)
 668 S   0.00384 0.00061 0.98726 0.00830 ( 3)
 669 P   0.62465 0.00433 0.36828 0.00275 ( 1)
 670 A   0.00455 0.00066 0.98455 0.01024 ( 3)
 671 S   0.17002 0.76596 0.01089 0.05313 ( 2)
 672 C   0.93582 0.00053 0.06361 0.00004 ( 1)
 673 L   0.00000 0.00000 0.99373 0.00626 ( 3)
 674 A   0.44106 0.00179 0.55698 0.00018 ( 3)
 675 Q   0.00412 0.00016 0.99300 0.00272 ( 3)
 676 Q   0.00353 0.00013 0.99361 0.00272 ( 3)
 677 P   0.00341 0.00004 0.99565 0.00089 ( 3)
 678 L   0.00023 0.00153 0.67418 0.32406 ( 3)
 679 C   0.66774 0.27462 0.03997 0.01767 ( 1)
 680 H   0.00003 0.00007 0.98970 0.01019 ( 3)
 681 L   0.86878 0.00058 0.13056 0.00009 ( 1)
 682 P   0.86086 0.00850 0.12937 0.00128 ( 1)
 683 L   0.86869 0.00067 0.13054 0.00010 ( 1)
 684 T   0.86775 0.00160 0.13040 0.00024 ( 1)
 685 G   0.86868 0.00068 0.13054 0.00010 ( 1)
 686 C   0.86883 0.00053 0.13056 0.00008 ( 1)
 687 L   0.86444 0.00492 0.12990 0.00074 ( 1)
 688 S   0.86890 0.00046 0.13057 0.00007 ( 1)
 689 T   0.80072 0.06864 0.12033 0.01031 ( 1)
 690 L   0.85278 0.01658 0.12815 0.00249 ( 1)
 691 F   0.82255 0.04681 0.12361 0.00703 ( 1)
 692 L   0.86444 0.00492 0.12990 0.00074 ( 1)
 693 Q   0.86698 0.00238 0.13029 0.00036 ( 1)
 694 A   0.86700 0.00236 0.13029 0.00035 ( 1)
 695 A   0.86902 0.00033 0.13059 0.00005 ( 1)
 696 E   0.85556 0.01380 0.12857 0.00207 ( 1)
 697 T   0.63021 0.23915 0.09470 0.03594 ( 1)
 698 F   0.86904 0.00032 0.13059 0.00005 ( 1)
 699 V   0.70721 0.16214 0.10628 0.02437 ( 1)
 700 E   0.86847 0.00089 0.13051 0.00013 ( 1)
 701 S   0.85596 0.01340 0.12863 0.00201 ( 1)
 702 E   0.86631 0.00305 0.13018 0.00046 ( 1)
 703 L   0.86214 0.00721 0.12956 0.00108 ( 1)
 704 P   0.86271 0.00665 0.12964 0.00100 ( 1)
 705 P   0.00181 0.86754 0.00027 0.13037 ( 2)
 706 S   0.00001 0.00000 0.99946 0.00052 ( 3)
 707 W   0.09555 0.00514 0.89585 0.00346 ( 3)
 708 A   0.00000 0.00001 0.97451 0.02548 ( 3)
 709 D   0.42466 0.04792 0.52286 0.00456 ( 3)
 710 R   0.88699 0.10790 0.00450 0.00061 ( 1)
 711 L   0.92177 0.07124 0.00644 0.00054 ( 1)
 712 H   0.03644 0.96262 0.00003 0.00090 ( 2)
 713 S   0.98477 0.00934 0.00583 0.00006 ( 1)
 714 R   0.83492 0.16202 0.00251 0.00055 ( 1)
 715 L   0.98787 0.00519 0.00691 0.00004 ( 1)
 716 R   0.94164 0.05328 0.00478 0.00030 ( 1)
 717 G   0.99323 0.00170 0.00506 0.00001 ( 1)
 718 P   0.98956 0.00478 0.00563 0.00003 ( 1)
 719 C   0.52156 0.47578 0.00134 0.00133 ( 1)
 720 A   0.99402 0.00027 0.00570 0.00000 ( 1)
 721 W   0.99389 0.00354 0.00255 0.00001 ( 1)
 722 M   0.91294 0.08007 0.00638 0.00061 ( 1)
 723 V   0.25448 0.73816 0.00172 0.00564 ( 2)
 724 V   0.99237 0.00090 0.00672 0.00001 ( 1)
 725 V   0.91923 0.07378 0.00643 0.00056 ( 1)
 726 L   0.98641 0.00664 0.00690 0.00005 ( 1)
 727 A   0.98982 0.00447 0.00568 0.00003 ( 1)
 728 L   0.03834 0.95752 0.00014 0.00399 ( 2)
 729 L   0.98787 0.00519 0.00691 0.00004 ( 1)
 730 V   0.99206 0.00121 0.00672 0.00001 ( 1)
 731 E   0.99458 0.00082 0.00460 0.00000 ( 1)
 732 A   0.97868 0.01560 0.00562 0.00010 ( 1)
 733 A   0.98635 0.01178 0.00185 0.00002 ( 1)
 734 L   0.98787 0.00519 0.00691 0.00004 ( 1)
 735 C   0.99522 0.00179 0.00299 0.00001 ( 1)
 736 A   0.21843 0.77518 0.00125 0.00513 ( 2)
 737 W   0.99389 0.00354 0.00255 0.00001 ( 1)
 738 Y   0.99650 0.00075 0.00275 0.00000 ( 1)
 739 L   0.98787 0.00519 0.00691 0.00004 ( 1)
 740 I   0.00061 0.99181 0.00000 0.00758 ( 2)
 741 A   0.99387 0.00042 0.00570 0.00000 ( 1)
 742 F   0.99582 0.00021 0.00397 0.00000 ( 1)
 743 R   0.96525 0.02986 0.00472 0.00017 ( 1)
 744 P   0.97350 0.02159 0.00479 0.00012 ( 1)
 745 E   0.99458 0.00082 0.00460 0.00000 ( 1)
 746 V   0.99203 0.00124 0.00672 0.00001 ( 1)
 747 V   0.99237 0.00090 0.00672 0.00001 ( 1)
 748 M   0.21485 0.78221 0.00058 0.00237 ( 2)
 749 D   0.99425 0.00040 0.00534 0.00000 ( 1)
 750 W   0.99389 0.00354 0.00255 0.00001 ( 1)
 751 H   0.17188 0.82220 0.00092 0.00501 ( 2)
 752 V   0.74910 0.24715 0.00272 0.00103 ( 1)
 753 L   0.98758 0.00547 0.00690 0.00004 ( 1)
 754 P   0.99404 0.00031 0.00565 0.00000 ( 1)
 755 T   0.94998 0.04918 0.00080 0.00004 ( 1)
 756 K   0.98306 0.01233 0.00454 0.00006 ( 1)
 757 A   0.98412 0.01097 0.00485 0.00006 ( 1)
 758 L   0.98761 0.00544 0.00691 0.00004 ( 1)
 759 V   0.95383 0.03941 0.00646 0.00030 ( 1)
 760 H   0.99425 0.00045 0.00530 0.00000 ( 1)
 761 C   0.99571 0.00129 0.00299 0.00000 ( 1)
 762 R   0.98243 0.01172 0.00577 0.00008 ( 1)
 763 V   0.00006 0.99909 0.00000 0.00085 ( 2)
 764 H   0.97143 0.02271 0.00571 0.00015 ( 1)
 765 S   0.99667 0.00042 0.00291 0.00000 ( 1)
 766 W   0.99389 0.00354 0.00255 0.00001 ( 1)
 767 A   0.98232 0.00983 0.00776 0.00009 ( 1)
 768 G   0.89991 0.09685 0.00289 0.00035 ( 1)
 769 L   0.98048 0.01782 0.00167 0.00003 ( 1)
 770 G   0.99342 0.00069 0.00588 0.00000 ( 1)
 771 L   0.98548 0.00674 0.00772 0.00006 ( 1)
 772 V   0.97242 0.02083 0.00659 0.00016 ( 1)
 773 H   0.99781 0.00062 0.00157 0.00000 ( 1)
 774 T   0.93447 0.05978 0.00536 0.00040 ( 1)
 775 L   0.35544 0.64117 0.00111 0.00228 ( 2)
 776 N   0.98877 0.00829 0.00291 0.00003 ( 1)
 777 A   0.99393 0.00036 0.00570 0.00000 ( 1)
 778 I   0.01544 0.98370 0.00001 0.00084 ( 2)
 779 L   0.98787 0.00519 0.00691 0.00004 ( 1)
 780 A   0.99291 0.00139 0.00570 0.00001 ( 1)
 781 S   0.99024 0.00579 0.00395 0.00003 ( 1)
 782 L   0.99432 0.00130 0.00437 0.00001 ( 1)
 783 C   0.98809 0.00891 0.00297 0.00003 ( 1)
 784 F   0.99580 0.00023 0.00397 0.00000 ( 1)
 785 L   0.99002 0.00632 0.00363 0.00002 ( 1)
 786 G   0.99311 0.00100 0.00588 0.00001 ( 1)
 787 T   0.99643 0.00045 0.00312 0.00000 ( 1)
 788 F   0.99585 0.00018 0.00397 0.00000 ( 1)
 789 L   0.98787 0.00519 0.00691 0.00004 ( 1)
 790 V   0.99203 0.00124 0.00672 0.00001 ( 1)
 791 R   0.49010 0.50513 0.00224 0.00253 ( 2)
 792 S   0.99634 0.00046 0.00320 0.00000 ( 1)
 793 Q   0.04405 0.95038 0.00022 0.00535 ( 2)
 794 P   0.99477 0.00123 0.00400 0.00001 ( 1)
 795 G   0.75890 0.23503 0.00449 0.00157 ( 1)
 796 R   0.98284 0.01131 0.00577 0.00007 ( 1)
 797 Y   0.99650 0.00075 0.00275 0.00000 ( 1)
 798 S   0.98810 0.00896 0.00291 0.00003 ( 1)
 799 R   0.69271 0.30507 0.00154 0.00069 ( 1)
 800 A   0.99402 0.00027 0.00570 0.00000 ( 1)
 801 R   0.97245 0.02534 0.00216 0.00006 ( 1)
 802 G   0.99342 0.00069 0.00588 0.00000 ( 1)
 803 L   0.97998 0.01224 0.00767 0.00011 ( 1)
 804 T   0.99652 0.00036 0.00312 0.00000 ( 1)
 805 F   0.97856 0.01974 0.00166 0.00003 ( 1)
 806 A   0.99401 0.00028 0.00570 0.00000 ( 1)
 807 T   0.21830 0.77766 0.00079 0.00324 ( 2)
 808 L   0.98787 0.00519 0.00691 0.00004 ( 1)
 809 A   0.99387 0.00042 0.00570 0.00000 ( 1)
 810 Y   0.99551 0.00174 0.00275 0.00001 ( 1)
 811 L   0.98955 0.00647 0.00394 0.00003 ( 1)
 812 I   0.99557 0.00017 0.00425 0.00000 ( 1)
 813 T   0.99091 0.00596 0.00310 0.00002 ( 1)
 814 W   0.99389 0.00354 0.00255 0.00001 ( 1)
 815 V   0.99165 0.00051 0.00783 0.00000 ( 1)
 816 S   0.99667 0.00042 0.00291 0.00000 ( 1)
 817 F   0.99568 0.00035 0.00397 0.00000 ( 1)
 818 V   0.99237 0.00090 0.00672 0.00001 ( 1)
 819 P   0.99625 0.00038 0.00336 0.00000 ( 1)
 820 L   0.99165 0.00058 0.00776 0.00001 ( 1)
 821 L   0.98787 0.00519 0.00691 0.00004 ( 1)
 822 A   0.99402 0.00027 0.00570 0.00000 ( 1)
 823 N   0.99291 0.00632 0.00076 0.00000 ( 1)
 824 V   0.97050 0.02738 0.00207 0.00006 ( 1)
 825 Q   0.95997 0.03546 0.00439 0.00018 ( 1)
 826 V   0.99237 0.00090 0.00672 0.00001 ( 1)
 827 A   0.98317 0.00898 0.00777 0.00008 ( 1)
 828 H   0.17558 0.81574 0.00137 0.00730 ( 2)
 829 Q   0.93861 0.05860 0.00261 0.00018 ( 1)
 830 P   0.99308 0.00126 0.00565 0.00001 ( 1)
 831 A   0.99391 0.00038 0.00570 0.00000 ( 1)
 832 V   0.81686 0.17626 0.00553 0.00135 ( 1)
 833 Q   0.99296 0.00249 0.00455 0.00001 ( 1)
 834 M   0.99613 0.00025 0.00362 0.00000 ( 1)
 835 G   0.99522 0.00272 0.00205 0.00001 ( 1)
 836 A   0.99400 0.00029 0.00570 0.00000 ( 1)
 837 V   0.80839 0.18364 0.00633 0.00164 ( 1)
 838 L   0.99006 0.00299 0.00692 0.00002 ( 1)
 839 F   0.97539 0.01683 0.00764 0.00015 ( 1)
 840 C   0.89664 0.10032 0.00270 0.00034 ( 1)
 841 A   0.84833 0.14366 0.00670 0.00130 ( 1)
 842 L   0.98787 0.00519 0.00691 0.00004 ( 1)
 843 G   0.99342 0.00069 0.00588 0.00000 ( 1)
 844 I   0.99786 0.00034 0.00180 0.00000 ( 1)
 845 L   0.98787 0.00519 0.00691 0.00004 ( 1)
 846 V   0.97109 0.02564 0.00318 0.00009 ( 1)
 847 A   0.99402 0.00027 0.00570 0.00000 ( 1)
 848 F   0.91785 0.07814 0.00366 0.00036 ( 1)
 849 H   0.99425 0.00045 0.00530 0.00000 ( 1)
 850 L   0.98731 0.00574 0.00690 0.00004 ( 1)
 851 P   0.99393 0.00041 0.00565 0.00000 ( 1)
 852 K   0.96449 0.03272 0.00269 0.00010 ( 1)
 853 C   0.99178 0.00724 0.00097 0.00001 ( 1)
 854 Y   0.99650 0.00075 0.00275 0.00000 ( 1)
 855 L   0.98736 0.00569 0.00690 0.00004 ( 1)
 856 L   0.99034 0.00189 0.00775 0.00002 ( 1)
 857 V   0.00505 0.98736 0.00003 0.00755 ( 2)
 858 R   0.07430 0.92015 0.00038 0.00518 ( 2)
