Supplemental results for CODEML (seqf: Human_TAS1R3_orthologues_DNA_aligned.txt  treef: TAS1R3_revised_tree_following_error_message.txt)


MLEs of dN/dS (w) for site classes (K=4)

site class             0        1       2a       2b
proportion       0.78873  0.15365  0.04823  0.00939
background w     0.10120  1.00000  0.10120  1.00000
foreground w     0.10120  1.00000  1.00000  1.00000

Naive Empirical Bayes (NEB) probabilities for 4 classes
(amino acids refer to 1st sequence: 1.Bushbaby)

   1 -   0.79957 0.14281 0.04889 0.00873 ( 1)
   2 -   0.79681 0.14557 0.04872 0.00890 ( 1)
   3 -   0.79982 0.14256 0.04891 0.00872 ( 1)
   4 -   0.79917 0.14320 0.04887 0.00876 ( 1)
   5 -   0.79701 0.14537 0.04873 0.00889 ( 1)
   6 -   0.79012 0.15225 0.04831 0.00931 ( 1)
   7 -   0.80001 0.14237 0.04892 0.00871 ( 1)
   8 -   0.79873 0.14365 0.04884 0.00878 ( 1)
   9 -   0.79321 0.14917 0.04850 0.00912 ( 1)
  10 -   0.33620 0.60618 0.02056 0.03707 ( 2)
  11 -   0.79819 0.14419 0.04881 0.00882 ( 1)
  12 -   0.79540 0.14698 0.04864 0.00899 ( 1)
  13 -   0.79540 0.14698 0.04864 0.00899 ( 1)
  14 -   0.79074 0.15164 0.04835 0.00927 ( 1)
  15 -   0.79872 0.14366 0.04884 0.00878 ( 1)
  16 -   0.80001 0.14237 0.04892 0.00871 ( 1)
  17 -   0.79034 0.15204 0.04833 0.00930 ( 1)
  18 -   0.80001 0.14237 0.04892 0.00871 ( 1)
  19 M   0.94383 0.00017 0.05600 0.00001 ( 1)
  20 P   0.84508 0.09819 0.05073 0.00600 ( 1)
  21 G   0.09483 0.84770 0.00564 0.05183 ( 2)
  22 P   0.24956 0.69289 0.01518 0.04237 ( 2)
  23 A   0.61134 0.33122 0.03719 0.02025 ( 1)
  24 V   0.94369 0.00033 0.05597 0.00002 ( 1)
  25 L   0.93978 0.00358 0.05641 0.00022 ( 1)
  26 G   0.94341 0.00044 0.05612 0.00003 ( 1)
  27 F   0.88602 0.05786 0.05258 0.00354 ( 1)
  28 S   0.94351 0.00031 0.05615 0.00002 ( 1)
  29 L   0.94361 0.00037 0.05600 0.00002 ( 1)
  30 A   0.65956 0.28350 0.03961 0.01733 ( 1)
  31 T   0.18297 0.75947 0.01113 0.04644 ( 2)
  32 L   0.64509 0.29838 0.03828 0.01824 ( 1)
  33 L   0.93818 0.00519 0.05632 0.00032 ( 1)
  34 G   0.07409 0.86841 0.00440 0.05310 ( 2)
  35 F   0.00196 0.94042 0.00012 0.05750 ( 2)
  36 G   0.83613 0.10740 0.04990 0.00657 ( 1)
  37 T   0.30523 0.63757 0.01821 0.03898 ( 2)
  38 G   0.94286 0.00082 0.05627 0.00005 ( 1)
  39 A   0.91819 0.02583 0.05440 0.00158 ( 1)
  40 P   0.90761 0.03496 0.05529 0.00214 ( 1)
  41 L   0.88452 0.05847 0.05343 0.00358 ( 1)
  42 C   0.94341 0.00037 0.05619 0.00002 ( 1)
  43 L   0.94008 0.00329 0.05643 0.00020 ( 1)
  44 S   0.87583 0.06669 0.05340 0.00408 ( 1)
  45 Q   0.59100 0.35207 0.03540 0.02153 ( 1)
  46 Q   0.92915 0.01348 0.05655 0.00082 ( 1)
  47 L   0.93485 0.00779 0.05689 0.00048 ( 1)
  48 R   0.82114 0.12228 0.04910 0.00748 ( 1)
  49 M   0.94383 0.00017 0.05600 0.00001 ( 1)
  50 P   0.02504 0.91737 0.00150 0.05609 ( 2)
  51 G   0.94286 0.00082 0.05627 0.00005 ( 1)
  52 N   0.94115 0.00281 0.05587 0.00017 ( 1)
  53 Y   0.94203 0.00166 0.05621 0.00010 ( 1)
  54 V   0.09269 0.84983 0.00552 0.05196 ( 2)
  55 L   0.93917 0.00420 0.05638 0.00026 ( 1)
  56 G   0.94148 0.00219 0.05619 0.00013 ( 1)
  57 G   0.94286 0.00082 0.05627 0.00005 ( 1)
  58 L   0.94173 0.00164 0.05653 0.00010 ( 1)
  59 F   0.94395 0.00012 0.05592 0.00001 ( 1)
  60 P   0.94382 0.00022 0.05595 0.00001 ( 1)
  61 L   0.92400 0.01935 0.05547 0.00118 ( 1)
  62 G   0.91567 0.02814 0.05447 0.00172 ( 1)
  63 A   0.65704 0.28631 0.03915 0.01751 ( 1)
  64 A   0.94378 0.00028 0.05591 0.00002 ( 1)
  65 E   0.87536 0.06830 0.05216 0.00418 ( 1)
  66 E   0.93790 0.00586 0.05589 0.00036 ( 1)
  67 A   0.88028 0.06236 0.05355 0.00381 ( 1)
  68 G   0.85600 0.08771 0.05092 0.00536 ( 1)
  69 L   0.90675 0.03716 0.05381 0.00227 ( 1)
  70 R   0.80828 0.13534 0.04811 0.00828 ( 1)
  71 T   0.87256 0.07116 0.05193 0.00435 ( 1)
  72 R   0.94224 0.00135 0.05632 0.00008 ( 1)
  73 T   0.62998 0.31252 0.03839 0.01911 ( 1)
  74 Q   0.80887 0.13456 0.04835 0.00823 ( 1)
  75 P   0.94383 0.00021 0.05595 0.00001 ( 1)
  76 S   0.88639 0.05735 0.05275 0.00351 ( 1)
  77 S   0.94068 0.00314 0.05598 0.00019 ( 1)
  78 P   0.90447 0.03817 0.05503 0.00233 ( 1)
  79 V   0.93726 0.00655 0.05579 0.00040 ( 1)
  80 C   0.94341 0.00037 0.05619 0.00002 ( 1)
  81 N   0.90204 0.04176 0.05365 0.00255 ( 1)
  82 -   0.78873 0.15365 0.04823 0.00939 ( 1)
  83 -   0.78873 0.15365 0.04823 0.00939 ( 1)
  84 -   0.78873 0.15365 0.04823 0.00939 ( 1)
  85 -   0.78873 0.15365 0.04823 0.00939 ( 1)
  86 -   0.78873 0.15365 0.04823 0.00939 ( 1)
  87 -   0.78873 0.15365 0.04823 0.00939 ( 1)
  88 -   0.78873 0.15365 0.04823 0.00939 ( 1)
  89 -   0.78873 0.15365 0.04823 0.00939 ( 1)
  90 -   0.78873 0.15365 0.04823 0.00939 ( 1)
  91 -   0.78873 0.15365 0.04823 0.00939 ( 1)
  92 R   0.94264 0.00093 0.05637 0.00006 ( 1)
  93 F   0.94388 0.00020 0.05591 0.00001 ( 1)
  94 S   0.94090 0.00292 0.05600 0.00018 ( 1)
  95 P   0.47935 0.46311 0.02922 0.02832 ( 1)
  96 L   0.17113 0.77150 0.01019 0.04717 ( 2)
  97 G   0.94339 0.00046 0.05612 0.00003 ( 1)
  98 L   0.94008 0.00329 0.05643 0.00020 ( 1)
  99 L   0.94356 0.00042 0.05600 0.00003 ( 1)
 100 W   0.94096 0.00238 0.05651 0.00015 ( 1)
 101 A   0.93574 0.00684 0.05700 0.00042 ( 1)
 102 L   0.94008 0.00329 0.05643 0.00020 ( 1)
 103 A   0.88335 0.06061 0.05233 0.00371 ( 1)
 104 M   0.94075 0.00324 0.05581 0.00020 ( 1)
 105 K   0.92938 0.01322 0.05659 0.00081 ( 1)
 106 M   0.94383 0.00017 0.05600 0.00001 ( 1)
 107 A   0.94353 0.00054 0.05590 0.00003 ( 1)
 108 V   0.94311 0.00071 0.05614 0.00004 ( 1)
 109 E   0.94324 0.00052 0.05621 0.00003 ( 1)
 110 E   0.94319 0.00057 0.05620 0.00003 ( 1)
 111 I   0.94399 0.00012 0.05589 0.00001 ( 1)
 112 N   0.94342 0.00037 0.05619 0.00002 ( 1)
 113 N   0.94322 0.00056 0.05618 0.00003 ( 1)
 114 G   0.03837 0.90406 0.00229 0.05528 ( 2)
 115 S   0.92925 0.01434 0.05554 0.00088 ( 1)
 116 T   0.55636 0.38622 0.03380 0.02362 ( 1)
 117 L   0.94008 0.00329 0.05643 0.00020 ( 1)
 118 L   0.94008 0.00329 0.05643 0.00020 ( 1)
 119 P   0.94342 0.00061 0.05594 0.00004 ( 1)
 120 G   0.94292 0.00075 0.05628 0.00005 ( 1)
 121 L   0.94008 0.00329 0.05643 0.00020 ( 1)
 122 Q   0.46881 0.47428 0.02790 0.02900 ( 2)
 123 L   0.93582 0.00754 0.05618 0.00046 ( 1)
 124 G   0.94341 0.00044 0.05612 0.00003 ( 1)
 125 Y   0.93541 0.00827 0.05581 0.00051 ( 1)
 126 D   0.94332 0.00065 0.05600 0.00004 ( 1)
 127 L   0.94361 0.00037 0.05600 0.00002 ( 1)
 128 F   0.93732 0.00539 0.05695 0.00033 ( 1)
 129 D   0.94088 0.00185 0.05716 0.00011 ( 1)
 130 T   0.94314 0.00055 0.05628 0.00003 ( 1)
 131 C   0.94341 0.00037 0.05619 0.00002 ( 1)
 132 S   0.94063 0.00297 0.05622 0.00018 ( 1)
 133 E   0.94324 0.00052 0.05621 0.00003 ( 1)
 134 P   0.61006 0.33250 0.03712 0.02033 ( 1)
 135 V   0.88336 0.06037 0.05258 0.00369 ( 1)
 136 V   0.94329 0.00053 0.05615 0.00003 ( 1)
 137 A   0.94152 0.00255 0.05578 0.00016 ( 1)
 138 M   0.94383 0.00017 0.05600 0.00001 ( 1)
 139 K   0.94267 0.00092 0.05636 0.00006 ( 1)
 140 P   0.94383 0.00021 0.05595 0.00001 ( 1)
 141 S   0.94282 0.00100 0.05611 0.00006 ( 1)
 142 L   0.94325 0.00073 0.05598 0.00004 ( 1)
 143 M   0.94207 0.00167 0.05615 0.00010 ( 1)
 144 F   0.94388 0.00020 0.05591 0.00001 ( 1)
 145 L   0.94008 0.00329 0.05643 0.00020 ( 1)
 146 A   0.94387 0.00020 0.05592 0.00001 ( 1)
 147 K   0.85739 0.08609 0.05126 0.00526 ( 1)
 148 A   0.00099 0.94139 0.00006 0.05756 ( 2)
 149 G   0.58194 0.36135 0.03462 0.02209 ( 1)
 150 S   0.94351 0.00031 0.05615 0.00002 ( 1)
 151 C   0.12746 0.81512 0.00759 0.04984 ( 2)
 152 S   0.24521 0.69758 0.01456 0.04265 ( 2)
 153 I   0.94042 0.00368 0.05568 0.00023 ( 1)
 154 A   0.94356 0.00050 0.05590 0.00003 ( 1)
 155 A   0.94388 0.00019 0.05592 0.00001 ( 1)
 156 Y   0.94310 0.00059 0.05627 0.00004 ( 1)
 157 C   0.94321 0.00057 0.05618 0.00003 ( 1)
 158 D   0.93972 0.00406 0.05597 0.00025 ( 1)
 159 Y   0.94287 0.00082 0.05626 0.00005 ( 1)
 160 A   0.92977 0.01390 0.05548 0.00085 ( 1)
 161 R   0.73057 0.21267 0.04376 0.01300 ( 1)
 162 Y   0.94315 0.00054 0.05628 0.00003 ( 1)
 163 Q   0.92221 0.02126 0.05524 0.00130 ( 1)
 164 P   0.94289 0.00114 0.05589 0.00007 ( 1)
 165 R   0.93543 0.00718 0.05695 0.00044 ( 1)
 166 V   0.94323 0.00059 0.05614 0.00004 ( 1)
 167 L   0.93954 0.00383 0.05640 0.00023 ( 1)
 168 A   0.93444 0.00821 0.05685 0.00050 ( 1)
 169 V   0.94369 0.00033 0.05597 0.00002 ( 1)
 170 I   0.94399 0.00012 0.05589 0.00001 ( 1)
 171 G   0.94278 0.00089 0.05627 0.00005 ( 1)
 172 P   0.94383 0.00021 0.05595 0.00001 ( 1)
 173 H   0.94367 0.00027 0.05605 0.00002 ( 1)
 174 S   0.94239 0.00121 0.05632 0.00007 ( 1)
 175 S   0.93019 0.01234 0.05671 0.00075 ( 1)
 176 E   0.94324 0.00052 0.05621 0.00003 ( 1)
 177 L   0.94348 0.00050 0.05599 0.00003 ( 1)
 178 A   0.94388 0.00019 0.05592 0.00001 ( 1)
 179 L   0.72298 0.22063 0.04289 0.01349 ( 1)
 180 I   0.94121 0.00280 0.05582 0.00017 ( 1)
 181 T   0.94339 0.00047 0.05611 0.00003 ( 1)
 182 G   0.94320 0.00065 0.05611 0.00004 ( 1)
 183 K   0.94267 0.00092 0.05636 0.00006 ( 1)
 184 F   0.94395 0.00012 0.05592 0.00001 ( 1)
 185 F   0.94384 0.00023 0.05591 0.00001 ( 1)
 186 G   0.82697 0.11668 0.04922 0.00713 ( 1)
 187 F   0.94395 0.00012 0.05592 0.00001 ( 1)
 188 F   0.94395 0.00012 0.05592 0.00001 ( 1)
 189 L   0.94361 0.00037 0.05600 0.00002 ( 1)
 190 M   0.94226 0.00173 0.05590 0.00011 ( 1)
 191 P   0.94364 0.00040 0.05594 0.00002 ( 1)
 192 Q   0.94200 0.00149 0.05642 0.00009 ( 1)
 193 V   0.94369 0.00033 0.05597 0.00002 ( 1)
 194 S   0.94351 0.00031 0.05615 0.00002 ( 1)
 195 Y   0.92436 0.01931 0.05515 0.00118 ( 1)
 196 G   0.93697 0.00565 0.05704 0.00035 ( 1)
 197 A   0.93654 0.00611 0.05697 0.00037 ( 1)
 198 S   0.94071 0.00311 0.05599 0.00019 ( 1)
 199 M   0.94383 0.00017 0.05600 0.00001 ( 1)
 200 D   0.93807 0.00569 0.05590 0.00035 ( 1)
 201 G   0.66586 0.27722 0.03997 0.01695 ( 1)
 202 L   0.94195 0.00142 0.05654 0.00009 ( 1)
 203 S   0.94319 0.00064 0.05613 0.00004 ( 1)
 204 I   0.91392 0.03010 0.05414 0.00184 ( 1)
 205 R   0.94240 0.00120 0.05633 0.00007 ( 1)
 206 E   0.94324 0.00052 0.05621 0.00003 ( 1)
 207 T   0.94360 0.00027 0.05612 0.00002 ( 1)
 208 F   0.94395 0.00012 0.05592 0.00001 ( 1)
 209 P   0.94383 0.00021 0.05595 0.00001 ( 1)
 210 S   0.94351 0.00031 0.05616 0.00002 ( 1)
 211 F   0.94395 0.00012 0.05592 0.00001 ( 1)
 212 F   0.94395 0.00012 0.05592 0.00001 ( 1)
 213 R   0.94333 0.00049 0.05615 0.00003 ( 1)
 214 T   0.93556 0.00830 0.05564 0.00051 ( 1)
 215 V   0.94322 0.00060 0.05614 0.00004 ( 1)
 216 P   0.94383 0.00021 0.05595 0.00001 ( 1)
 217 S   0.94178 0.00205 0.05605 0.00013 ( 1)
 218 D   0.94372 0.00024 0.05602 0.00001 ( 1)
 219 R   0.93674 0.00587 0.05703 0.00036 ( 1)
 220 T   0.86052 0.08318 0.05122 0.00509 ( 1)
 221 Q   0.94200 0.00149 0.05642 0.00009 ( 1)
 222 L   0.94008 0.00329 0.05643 0.00020 ( 1)
 223 L   0.00047 0.94191 0.00003 0.05759 ( 2)
 224 A   0.94344 0.00062 0.05589 0.00004 ( 1)
 225 V   0.04496 0.89750 0.00266 0.05488 ( 2)
 226 M   0.50734 0.43584 0.03017 0.02665 ( 1)
 227 K   0.92897 0.01477 0.05536 0.00090 ( 1)
 228 L   0.94008 0.00329 0.05643 0.00020 ( 1)
 229 L   0.93917 0.00420 0.05638 0.00026 ( 1)
 230 Q   0.92109 0.02237 0.05517 0.00137 ( 1)
 231 E   0.45648 0.48657 0.02720 0.02975 ( 2)
 232 F   0.94208 0.00199 0.05580 0.00012 ( 1)
 233 S   0.89278 0.05099 0.05311 0.00312 ( 1)
 234 W   0.94096 0.00238 0.05651 0.00015 ( 1)
 235 N   0.94342 0.00037 0.05619 0.00002 ( 1)
 236 W   0.94096 0.00238 0.05651 0.00015 ( 1)
 237 V   0.94323 0.00059 0.05614 0.00004 ( 1)
 238 A   0.94379 0.00028 0.05591 0.00002 ( 1)
 239 A   0.94384 0.00022 0.05592 0.00001 ( 1)
 240 L   0.94006 0.00331 0.05643 0.00020 ( 1)
 241 G   0.94341 0.00044 0.05612 0.00003 ( 1)
 242 S   0.93882 0.00500 0.05587 0.00031 ( 1)
 243 D   0.94335 0.00061 0.05600 0.00004 ( 1)
 244 D   0.94327 0.00068 0.05600 0.00004 ( 1)
 245 E   0.94319 0.00057 0.05620 0.00003 ( 1)
 246 Y   0.91494 0.02871 0.05459 0.00176 ( 1)
 247 G   0.94341 0.00044 0.05612 0.00003 ( 1)
 248 R   0.94200 0.00159 0.05631 0.00010 ( 1)
 249 Q   0.94177 0.00171 0.05641 0.00010 ( 1)
 250 G   0.94341 0.00044 0.05612 0.00003 ( 1)
 251 L   0.93790 0.00546 0.05630 0.00033 ( 1)
 252 S   0.94035 0.00347 0.05597 0.00021 ( 1)
 253 I   0.94296 0.00115 0.05583 0.00007 ( 1)
 254 F   0.94395 0.00012 0.05592 0.00001 ( 1)
 255 S   0.94138 0.00223 0.05626 0.00014 ( 1)
 256 S   0.13007 0.81254 0.00771 0.04968 ( 2)
 257 M   0.91192 0.03142 0.05474 0.00192 ( 1)
 258 A   0.94366 0.00041 0.05591 0.00003 ( 1)
 259 S   0.47082 0.47230 0.02800 0.02888 ( 2)
 260 T   0.37773 0.56472 0.02301 0.03453 ( 2)
 261 Q   0.77376 0.16979 0.04606 0.01038 ( 1)
 262 G   0.88202 0.06173 0.05247 0.00377 ( 1)
 263 I   0.94399 0.00012 0.05589 0.00001 ( 1)
 264 C   0.94303 0.00075 0.05617 0.00005 ( 1)
 265 I   0.94390 0.00020 0.05588 0.00001 ( 1)
 266 A   0.92564 0.01820 0.05505 0.00111 ( 1)
 267 H   0.94354 0.00039 0.05604 0.00002 ( 1)
 268 E   0.94324 0.00052 0.05621 0.00003 ( 1)
 269 G   0.94341 0.00044 0.05612 0.00003 ( 1)
 270 L   0.93989 0.00348 0.05642 0.00021 ( 1)
 271 V   0.94323 0.00059 0.05614 0.00004 ( 1)
 272 P   0.94244 0.00140 0.05607 0.00009 ( 1)
 273 L   0.93952 0.00385 0.05640 0.00024 ( 1)
 274 S   0.90640 0.03758 0.05373 0.00230 ( 1)
 275 S   0.04357 0.89882 0.00265 0.05496 ( 2)
 276 A   0.94211 0.00195 0.05582 0.00012 ( 1)
 277 N   0.46311 0.47944 0.02814 0.02932 ( 2)
 278 D   0.00088 0.94150 0.00005 0.05757 ( 2)
 279 L   0.00008 0.94230 0.00000 0.05762 ( 2)
 280 V   0.00290 0.93948 0.00017 0.05744 ( 2)
 281 M   0.21068 0.73192 0.01265 0.04475 ( 2)
 282 R   0.93653 0.00714 0.05590 0.00044 ( 1)
 283 K   0.94274 0.00084 0.05636 0.00005 ( 1)
 284 V   0.94323 0.00059 0.05614 0.00004 ( 1)
 285 Q   0.94200 0.00149 0.05642 0.00009 ( 1)
 286 A   0.62578 0.31765 0.03715 0.01942 ( 1)
 287 L   0.14488 0.79775 0.00859 0.04878 ( 2)
 288 L   0.94008 0.00329 0.05643 0.00020 ( 1)
 289 H   0.93973 0.00420 0.05581 0.00026 ( 1)
 290 Q   0.94200 0.00149 0.05642 0.00009 ( 1)
 291 I   0.90407 0.03969 0.05381 0.00243 ( 1)
 292 N   0.94342 0.00037 0.05619 0.00002 ( 1)
 293 Q   0.94188 0.00161 0.05641 0.00010 ( 1)
 294 S   0.94041 0.00341 0.05597 0.00021 ( 1)
 295 N   0.90566 0.03811 0.05390 0.00233 ( 1)
 296 V   0.90482 0.03894 0.05386 0.00238 ( 1)
 297 Q   0.94200 0.00149 0.05642 0.00009 ( 1)
 298 V   0.94323 0.00059 0.05614 0.00004 ( 1)
 299 V   0.94323 0.00059 0.05614 0.00004 ( 1)
 300 V   0.92322 0.02013 0.05542 0.00123 ( 1)
 301 L   0.93916 0.00421 0.05638 0.00026 ( 1)
 302 F   0.94383 0.00024 0.05591 0.00001 ( 1)
 303 A   0.94381 0.00026 0.05592 0.00002 ( 1)
 304 S   0.94312 0.00070 0.05613 0.00004 ( 1)
 305 A   0.89704 0.04671 0.05339 0.00286 ( 1)
 306 H   0.43082 0.51227 0.02559 0.03132 ( 2)
 307 A   0.94303 0.00104 0.05587 0.00006 ( 1)
 308 A   0.94388 0.00018 0.05592 0.00001 ( 1)
 309 H   0.44792 0.49520 0.02660 0.03028 ( 2)
 310 L   0.00018 0.94219 0.00001 0.05761 ( 2)
 311 L   0.93979 0.00419 0.05577 0.00026 ( 1)
 312 F   0.94395 0.00012 0.05592 0.00001 ( 1)
 313 S   0.11360 0.82894 0.00677 0.05069 ( 2)
 314 Y   0.92461 0.01905 0.05517 0.00116 ( 1)
 315 S   0.94059 0.00323 0.05598 0.00020 ( 1)
 316 I   0.94399 0.00012 0.05589 0.00001 ( 1)
 317 R   0.87578 0.06795 0.05212 0.00415 ( 1)
 318 F   0.01147 0.93093 0.00068 0.05692 ( 2)
 319 N   0.40215 0.54074 0.02405 0.03306 ( 2)
 320 L   0.94361 0.00037 0.05600 0.00002 ( 1)
 321 S   0.60233 0.34083 0.03600 0.02084 ( 1)
 322 P   0.92040 0.02360 0.05456 0.00144 ( 1)
 323 K   0.94274 0.00084 0.05636 0.00005 ( 1)
 324 V   0.94323 0.00059 0.05614 0.00004 ( 1)
 325 W   0.94096 0.00238 0.05651 0.00015 ( 1)
 326 V   0.94309 0.00073 0.05613 0.00004 ( 1)
 327 A   0.94388 0.00018 0.05592 0.00001 ( 1)
 328 S   0.94330 0.00053 0.05614 0.00003 ( 1)
 329 E   0.94324 0.00052 0.05621 0.00003 ( 1)
 330 A   0.94388 0.00018 0.05592 0.00001 ( 1)
 331 W   0.94096 0.00238 0.05651 0.00015 ( 1)
 332 L   0.93979 0.00358 0.05641 0.00022 ( 1)
 333 T   0.94359 0.00028 0.05612 0.00002 ( 1)
 334 S   0.89189 0.05071 0.05430 0.00310 ( 1)
 335 D   0.90541 0.03849 0.05374 0.00235 ( 1)
 336 L   0.58450 0.35849 0.03509 0.02192 ( 1)
 337 V   0.94026 0.00375 0.05576 0.00023 ( 1)
 338 M   0.94383 0.00017 0.05600 0.00001 ( 1)
 339 E   0.85206 0.09149 0.05085 0.00559 ( 1)
 340 L   0.94006 0.00331 0.05643 0.00020 ( 1)
 341 P   0.94177 0.00226 0.05583 0.00014 ( 1)
 342 G   0.94341 0.00044 0.05612 0.00003 ( 1)
 343 M   0.94234 0.00165 0.05591 0.00010 ( 1)
 344 T   0.94216 0.00190 0.05582 0.00012 ( 1)
 345 Q   0.93015 0.01332 0.05571 0.00081 ( 1)
 346 M   0.88674 0.05716 0.05261 0.00349 ( 1)
 347 G   0.94325 0.00060 0.05611 0.00004 ( 1)
 348 T   0.94315 0.00053 0.05628 0.00003 ( 1)
 349 V   0.94323 0.00059 0.05614 0.00004 ( 1)
 350 L   0.92170 0.02094 0.05609 0.00128 ( 1)
 351 G   0.94341 0.00044 0.05612 0.00003 ( 1)
 352 F   0.94329 0.00079 0.05588 0.00005 ( 1)
 353 L   0.92948 0.01447 0.05516 0.00088 ( 1)
 354 H   0.93009 0.01338 0.05571 0.00082 ( 1)
 355 Q   0.80029 0.14311 0.04786 0.00875 ( 1)
 356 G   0.77802 0.16455 0.04736 0.01006 ( 1)
 357 D   0.03577 0.90668 0.00212 0.05544 ( 2)
 358 L   0.03474 0.90768 0.00208 0.05550 ( 2)
 359 L   0.93990 0.00347 0.05642 0.00021 ( 1)
 360 P   0.90812 0.03576 0.05393 0.00219 ( 1)
 361 N   0.00786 0.93453 0.00047 0.05714 ( 2)
 362 F   0.94395 0.00012 0.05592 0.00001 ( 1)
 363 S   0.59008 0.35334 0.03498 0.02160 ( 1)
 364 Q   0.33234 0.61043 0.01991 0.03733 ( 2)
 365 Y   0.94205 0.00164 0.05621 0.00010 ( 1)
 366 V   0.94323 0.00059 0.05614 0.00004 ( 1)
 367 K   0.93476 0.00882 0.05589 0.00054 ( 1)
 368 N   0.93675 0.00693 0.05590 0.00042 ( 1)
 369 R   0.57965 0.36369 0.03443 0.02224 ( 1)
 370 L   0.91209 0.03125 0.05475 0.00191 ( 1)
 371 H   0.13610 0.80652 0.00806 0.04932 ( 2)
 372 L   0.94008 0.00329 0.05643 0.00020 ( 1)
 373 A   0.94379 0.00028 0.05591 0.00002 ( 1)
 374 A   0.62849 0.00312 0.36820 0.00019 ( 1)
 375 N   0.91644 0.02748 0.05440 0.00168 ( 1)
 376 P   0.93417 0.00963 0.05561 0.00059 ( 1)
 377 A   0.29807 0.64484 0.01766 0.03943 ( 2)
 378 F   0.94395 0.00012 0.05592 0.00001 ( 1)
 379 C   0.94132 0.00246 0.05607 0.00015 ( 1)
 380 A   0.92237 0.02083 0.05553 0.00127 ( 1)
 381 S   0.09579 0.84676 0.00568 0.05178 ( 2)
 382 L   0.94008 0.00329 0.05643 0.00020 ( 1)
 383 K   0.13771 0.80488 0.00819 0.04921 ( 2)
 384 A   0.00998 0.93242 0.00059 0.05701 ( 2)
 385 E   0.44128 0.50166 0.02639 0.03067 ( 2)
 386 Q   0.93408 0.00967 0.05566 0.00059 ( 1)
 387 P   0.88036 0.06305 0.05273 0.00386 ( 1)
 388 G   0.90784 0.03477 0.05526 0.00213 ( 1)
 389 L   0.93952 0.00385 0.05640 0.00024 ( 1)
 390 E   0.94324 0.00052 0.05621 0.00003 ( 1)
 391 E   0.94320 0.00056 0.05620 0.00003 ( 1)
 392 H   0.93937 0.00459 0.05576 0.00028 ( 1)
 393 V   0.94323 0.00059 0.05614 0.00004 ( 1)
 394 V   0.94309 0.00073 0.05613 0.00004 ( 1)
 395 G   0.94331 0.00054 0.05612 0.00003 ( 1)
 396 P   0.85427 0.08911 0.05117 0.00545 ( 1)
 397 R   0.94333 0.00049 0.05615 0.00003 ( 1)
 398 C   0.94341 0.00037 0.05619 0.00002 ( 1)
 399 P   0.94232 0.00153 0.05607 0.00009 ( 1)
 400 Q   0.94200 0.00149 0.05642 0.00009 ( 1)
 401 C   0.90755 0.03509 0.05521 0.00215 ( 1)
 402 D   0.94372 0.00024 0.05602 0.00001 ( 1)
 403 H   0.00040 0.94198 0.00002 0.05760 ( 2)
 404 I   0.93130 0.01278 0.05514 0.00078 ( 1)
 405 T   0.92495 0.01871 0.05519 0.00114 ( 1)
 406 L   0.93989 0.00348 0.05642 0.00021 ( 1)
 407 Q   0.94101 0.00247 0.05636 0.00015 ( 1)
 408 N   0.94322 0.00056 0.05618 0.00003 ( 1)
 409 V   0.93549 0.00832 0.05568 0.00051 ( 1)
 410 S   0.37704 0.56592 0.02244 0.03460 ( 2)
 411 A   0.89301 0.04956 0.05440 0.00303 ( 1)
 412 G   0.50571 0.43737 0.03018 0.02674 ( 1)
 413 L   0.91865 0.02386 0.05603 0.00146 ( 1)
 414 L   0.00000 0.94237 0.00000 0.05762 ( 2)
 415 H   0.88473 0.05911 0.05255 0.00361 ( 1)
 416 H   0.94110 0.00284 0.05589 0.00017 ( 1)
 417 R   0.79483 0.14848 0.04761 0.00908 ( 1)
 418 P   0.48318 0.45987 0.02883 0.02812 ( 1)
 419 F   0.94388 0.00020 0.05591 0.00001 ( 1)
 420 A   0.27427 0.66818 0.01670 0.04086 ( 2)
 421 A   0.94113 0.00288 0.05582 0.00018 ( 1)
 422 Y   0.94287 0.00082 0.05626 0.00005 ( 1)
 423 A   0.70875 0.23378 0.04317 0.01429 ( 1)
 424 A   0.93395 0.00870 0.05682 0.00053 ( 1)
 425 V   0.94323 0.00059 0.05614 0.00004 ( 1)
 426 Y   0.94090 0.00169 0.05731 0.00010 ( 1)
 427 S   0.93855 0.00527 0.05586 0.00032 ( 1)
 428 V   0.94323 0.00059 0.05614 0.00004 ( 1)
 429 A   0.94384 0.00023 0.05592 0.00001 ( 1)
 430 Q   0.94180 0.00168 0.05641 0.00010 ( 1)
 431 A   0.94388 0.00018 0.05592 0.00001 ( 1)
 432 L   0.93940 0.00397 0.05639 0.00024 ( 1)
 433 H   0.94367 0.00027 0.05605 0.00002 ( 1)
 434 N   0.94339 0.00039 0.05619 0.00002 ( 1)
 435 T   0.91625 0.02636 0.05577 0.00161 ( 1)
 436 L   0.93844 0.00420 0.05710 0.00026 ( 1)
 437 Q   0.03193 0.91049 0.00191 0.05567 ( 2)
 438 C   0.94341 0.00037 0.05619 0.00002 ( 1)
 439 S   0.67099 0.27239 0.03997 0.01666 ( 1)
 440 S   0.90890 0.03511 0.05385 0.00215 ( 1)
 441 S   0.93746 0.00508 0.05715 0.00031 ( 1)
 442 G   0.94341 0.00044 0.05612 0.00003 ( 1)
 443 C   0.94341 0.00037 0.05619 0.00002 ( 1)
 444 P   0.94369 0.00035 0.05594 0.00002 ( 1)
 445 A   0.00128 0.94110 0.00008 0.05754 ( 2)
 446 R   0.10117 0.84132 0.00606 0.05144 ( 2)
 447 E   0.91137 0.03254 0.05410 0.00199 ( 1)
 448 P   0.94381 0.00023 0.05595 0.00001 ( 1)
 449 V   0.94323 0.00059 0.05614 0.00004 ( 1)
 450 R   0.35073 0.59210 0.02097 0.03620 ( 2)
 451 -   0.78873 0.15365 0.04823 0.00939 ( 1)
 452 -   0.78873 0.15365 0.04823 0.00939 ( 1)
 453 -   0.78873 0.15365 0.04823 0.00939 ( 1)
 454 -   0.78873 0.15365 0.04823 0.00939 ( 1)
 455 -   0.78873 0.15365 0.04823 0.00939 ( 1)
 456 -   0.78873 0.15365 0.04823 0.00939 ( 1)
 457 P   0.93979 0.00425 0.05571 0.00026 ( 1)
 458 W   0.94096 0.00238 0.05651 0.00015 ( 1)
 459 Q   0.78457 0.15874 0.04699 0.00971 ( 1)
 460 L   0.49443 0.44879 0.02934 0.02744 ( 1)
 461 L   0.91131 0.03202 0.05470 0.00196 ( 1)
 462 E   0.07286 0.86962 0.00434 0.05317 ( 2)
 463 N   0.93521 0.00856 0.05571 0.00052 ( 1)
 464 M   0.72748 0.21614 0.04316 0.01322 ( 1)
 465 Y   0.83750 0.10604 0.04997 0.00648 ( 1)
 466 N   0.93917 0.00461 0.05594 0.00028 ( 1)
 467 M   0.93741 0.00596 0.05627 0.00036 ( 1)
 468 S   0.94009 0.00377 0.05591 0.00023 ( 1)
 469 F   0.94395 0.00012 0.05592 0.00001 ( 1)
 470 -   0.78873 0.15365 0.04823 0.00939 ( 1)
 471 R   0.05745 0.88503 0.00341 0.05412 ( 2)
 472 A   0.00019 0.94210 0.00011 0.05760 ( 2)
 473 G   0.04896 0.89349 0.00291 0.05463 ( 2)
 474 G   0.93582 0.00784 0.05585 0.00048 ( 1)
 475 L   0.89964 0.04369 0.05400 0.00267 ( 1)
 476 E   0.00065 0.94139 0.00039 0.05756 ( 2)
 477 L   0.87357 0.06973 0.05244 0.00426 ( 1)
 478 R   0.91490 0.02866 0.05469 0.00175 ( 1)
 479 F   0.93681 0.00726 0.05549 0.00044 ( 1)
 480 D   0.90427 0.03963 0.05368 0.00242 ( 1)
 481 A   0.01651 0.92590 0.00098 0.05661 ( 2)
 482 G   0.48514 0.45798 0.02887 0.02800 ( 1)
 483 G   0.94124 0.00131 0.05737 0.00008 ( 1)
 484 N   0.94322 0.00056 0.05618 0.00003 ( 1)
 485 V   0.94317 0.00065 0.05614 0.00004 ( 1)
 486 N   0.94146 0.00251 0.05588 0.00015 ( 1)
 487 L   0.67201 0.27152 0.03987 0.01660 ( 1)
 488 K   0.93664 0.00711 0.05581 0.00043 ( 1)
 489 Y   0.06009 0.88237 0.00359 0.05395 ( 2)
 490 D   0.90579 0.03811 0.05377 0.00233 ( 1)
 491 L   0.91382 0.02952 0.05486 0.00181 ( 1)
 492 K   0.93395 0.00963 0.05584 0.00059 ( 1)
 493 L   0.65873 0.28434 0.03954 0.01739 ( 1)
 494 W   0.69700 0.24609 0.04186 0.01505 ( 1)
 495 V   0.93682 0.00699 0.05576 0.00043 ( 1)
 496 W   0.94096 0.00238 0.05651 0.00015 ( 1)
 497 R   0.00939 0.93300 0.00056 0.05705 ( 2)
 498 D   0.09807 0.84446 0.00583 0.05163 ( 2)
 499 P   0.00165 0.94073 0.00010 0.05752 ( 2)
 500 T   0.67141 0.27200 0.03996 0.01663 ( 1)
 501 P   0.94367 0.00037 0.05594 0.00002 ( 1)
 502 E   0.00310 0.93928 0.00019 0.05743 ( 2)
 503 L   0.94334 0.00064 0.05598 0.00004 ( 1)
 504 R   0.60348 0.33990 0.03584 0.02078 ( 1)
 505 T   0.00075 0.94163 0.00004 0.05758 ( 2)
 506 V   0.94323 0.00059 0.05614 0.00004 ( 1)
 507 G   0.94341 0.00044 0.05612 0.00003 ( 1)
 508 T   0.00419 0.93819 0.00025 0.05737 ( 2)
 509 F   0.94395 0.00012 0.05592 0.00001 ( 1)
 510 N   0.93700 0.00677 0.05581 0.00041 ( 1)
 511 G   0.84917 0.09453 0.05052 0.00578 ( 1)
 512 S   0.11743 0.82513 0.00699 0.05045 ( 2)
 513 L   0.94027 0.00370 0.05580 0.00023 ( 1)
 514 W   0.02485 0.91756 0.00149 0.05610 ( 2)
 515 -   0.78873 0.15365 0.04823 0.00939 ( 1)
 516 L   0.00964 0.93274 0.00059 0.05703 ( 2)
 517 Q   0.86465 0.07899 0.05152 0.00483 ( 1)
 518 R   0.87538 0.06834 0.05210 0.00418 ( 1)
 519 S   0.00087 0.94150 0.00005 0.05757 ( 2)
 520 K   0.93442 0.00916 0.05586 0.00056 ( 1)
 521 I   0.94284 0.00126 0.05582 0.00008 ( 1)
 522 C   0.00089 0.94149 0.00005 0.05757 ( 2)
 523 W   0.94096 0.00238 0.05651 0.00015 ( 1)
 524 H   0.94332 0.00062 0.05602 0.00004 ( 1)
 525 T   0.92489 0.01878 0.05519 0.00115 ( 1)
 526 H   0.02275 0.91963 0.00139 0.05623 ( 2)
 527 S   0.00588 0.93651 0.00035 0.05726 ( 2)
 528 N   0.94287 0.00091 0.05616 0.00006 ( 1)
 529 R   0.79125 0.15206 0.04739 0.00930 ( 1)
 530 V   0.00002 0.94236 0.00000 0.05762 ( 2)
 531 P   0.94240 0.00164 0.05586 0.00010 ( 1)
 532 V   0.88195 0.06178 0.05250 0.00378 ( 1)
 533 S   0.93949 0.00433 0.05592 0.00026 ( 1)
 534 Q   0.72801 0.21531 0.04352 0.01317 ( 1)
 535 C   0.94341 0.00037 0.05619 0.00002 ( 1)
 536 S   0.93412 0.00948 0.05583 0.00058 ( 1)
 537 Q   0.35763 0.58521 0.02138 0.03578 ( 2)
 538 Q   0.77915 0.16415 0.04667 0.01004 ( 1)
 539 C   0.94294 0.00084 0.05617 0.00005 ( 1)
 540 Q   0.37201 0.57081 0.02228 0.03490 ( 2)
 541 E   0.92724 0.01650 0.05525 0.00101 ( 1)
 542 G   0.94291 0.00094 0.05609 0.00006 ( 1)
 543 Q   0.94069 0.00280 0.05634 0.00017 ( 1)
 544 V   0.94261 0.00120 0.05611 0.00007 ( 1)
 545 R   0.94279 0.00103 0.05612 0.00006 ( 1)
 546 R   0.93526 0.00833 0.05590 0.00051 ( 1)
 547 V   0.94321 0.00080 0.05594 0.00005 ( 1)
 548 K   0.93525 0.00833 0.05591 0.00051 ( 1)
 549 G   0.94260 0.00108 0.05626 0.00007 ( 1)
 550 F   0.94280 0.00127 0.05585 0.00008 ( 1)
 551 H   0.89450 0.04936 0.05313 0.00302 ( 1)
 552 S   0.94007 0.00375 0.05595 0.00023 ( 1)
 553 C   0.87838 0.06530 0.05232 0.00399 ( 1)
 554 C   0.87838 0.06530 0.05232 0.00399 ( 1)
 555 Y   0.93642 0.00726 0.05587 0.00044 ( 1)
 556 D   0.94372 0.00024 0.05602 0.00001 ( 1)
 557 C   0.93973 0.00292 0.05717 0.00018 ( 1)
 558 V   0.94243 0.00139 0.05610 0.00008 ( 1)
 559 D   0.94372 0.00024 0.05602 0.00001 ( 1)
 560 C   0.94337 0.00041 0.05619 0.00002 ( 1)
 561 K   0.47801 0.46507 0.02848 0.02844 ( 1)
 562 P   0.84295 0.10076 0.05013 0.00616 ( 1)
 563 G   0.94341 0.00044 0.05612 0.00003 ( 1)
 564 S   0.94334 0.00049 0.05614 0.00003 ( 1)
 565 Y   0.94315 0.00054 0.05628 0.00003 ( 1)
 566 Q   0.71155 0.23175 0.04253 0.01417 ( 1)
 567 -   0.78873 0.15365 0.04823 0.00939 ( 1)
 568 H   0.00717 0.93521 0.00044 0.05718 ( 2)
 569 S   0.58442 0.35883 0.03481 0.02194 ( 1)
 570 P   0.10828 0.83412 0.00660 0.05100 ( 2)
 571 -   0.78873 0.15365 0.04823 0.00939 ( 1)
 572 -   0.78873 0.15365 0.04823 0.00939 ( 1)
 573 E   0.16397 0.77869 0.00973 0.04761 ( 2)
 574 D   0.93958 0.00438 0.05577 0.00027 ( 1)
 575 P   0.00016 0.94221 0.00001 0.05761 ( 2)
 576 T   0.00203 0.94035 0.00012 0.05750 ( 2)
 577 C   0.89425 0.04946 0.05327 0.00302 ( 1)
 578 T   0.67392 0.26952 0.04008 0.01648 ( 1)
 579 P   0.00000 0.94237 0.00000 0.05762 ( 2)
 580 C   0.75247 0.19013 0.04578 0.01163 ( 1)
 581 R   0.00000 0.94238 0.00000 0.05762 ( 2)
 582 K   0.00711 0.93528 0.00043 0.05719 ( 2)
 583 D   0.50355 0.43902 0.03059 0.02684 ( 1)
 584 Q   0.46889 0.47417 0.02794 0.02899 ( 2)
 585 W   0.88168 0.06160 0.05295 0.00377 ( 1)
 586 S   0.94349 0.00033 0.05616 0.00002 ( 1)
 587 P   0.94337 0.00047 0.05613 0.00003 ( 1)
 588 Q   0.52071 0.42243 0.03103 0.02583 ( 1)
 589 R   0.94123 0.00127 0.05742 0.00008 ( 1)
 590 S   0.94351 0.00031 0.05615 0.00002 ( 1)
 591 R   0.30561 0.63682 0.01863 0.03894 ( 2)
 592 K   0.50321 0.43994 0.02995 0.02690 ( 1)
 593 C   0.94341 0.00037 0.05619 0.00002 ( 1)
 594 F   0.94395 0.00012 0.05592 0.00001 ( 1)
 595 S   0.01240 0.93000 0.00074 0.05687 ( 2)
 596 R   0.94287 0.00096 0.05612 0.00006 ( 1)
 597 R   0.92930 0.01426 0.05557 0.00087 ( 1)
 598 H   0.00756 0.93482 0.00046 0.05716 ( 2)
 599 T   0.64277 0.30044 0.03842 0.01837 ( 1)
 600 F   0.94251 0.00156 0.05583 0.00010 ( 1)
 601 L   0.89847 0.04486 0.05393 0.00274 ( 1)
 602 A   0.16699 0.77543 0.01017 0.04741 ( 2)
 603 W   0.50610 0.43680 0.03040 0.02671 ( 1)
 604 G   0.93747 0.00637 0.05577 0.00039 ( 1)
 605 D   0.38162 0.56131 0.02274 0.03432 ( 2)
 606 P   0.87293 0.07080 0.05194 0.00433 ( 1)
 607 T   0.77363 0.16897 0.04706 0.01033 ( 1)
 608 V   0.93648 0.00733 0.05574 0.00045 ( 1)
 609 L   0.93969 0.00368 0.05641 0.00022 ( 1)
 610 V   0.00220 0.94018 0.00013 0.05749 ( 2)
 611 L   0.68771 0.25539 0.04128 0.01562 ( 1)
 612 L   0.89947 0.04443 0.05338 0.00272 ( 1)
 613 L   0.77997 0.16322 0.04682 0.00998 ( 1)
 614 L   0.86576 0.07753 0.05197 0.00474 ( 1)
 615 L   0.89516 0.04816 0.05373 0.00295 ( 1)
 616 G   0.32024 0.62263 0.01906 0.03807 ( 2)
 617 L   0.93793 0.00544 0.05630 0.00033 ( 1)
 618 V   0.91646 0.02736 0.05450 0.00167 ( 1)
 619 L   0.94008 0.00329 0.05643 0.00020 ( 1)
 620 A   0.93684 0.00700 0.05573 0.00043 ( 1)
 621 L   0.93133 0.01131 0.05667 0.00069 ( 1)
 622 V   0.94323 0.00059 0.05614 0.00004 ( 1)
 623 L   0.86576 0.07753 0.05197 0.00474 ( 1)
 624 A   0.91501 0.02764 0.05566 0.00169 ( 1)
 625 A   0.31033 0.63214 0.01888 0.03865 ( 2)
 626 L   0.89295 0.05005 0.05394 0.00306 ( 1)
 627 G   0.94269 0.00099 0.05626 0.00006 ( 1)
 628 L   0.62035 0.32268 0.03724 0.01973 ( 1)
 629 F   0.92264 0.02140 0.05465 0.00131 ( 1)
 630 V   0.00126 0.94079 0.00043 0.05752 ( 2)
 631 H   0.52451 0.41873 0.03115 0.02560 ( 1)
 632 H   0.93560 0.00712 0.05685 0.00044 ( 1)
 633 R   0.11968 0.82285 0.00715 0.05031 ( 2)
 634 N   0.63433 0.30912 0.03765 0.01890 ( 1)
 635 S   0.89439 0.04936 0.05323 0.00302 ( 1)
 636 P   0.91885 0.02372 0.05598 0.00145 ( 1)
 637 L   0.82597 0.11728 0.04958 0.00717 ( 1)
 638 V   0.46429 0.47822 0.02825 0.02924 ( 2)
 639 Q   0.76690 0.17638 0.04593 0.01078 ( 1)
 640 A   0.94388 0.00018 0.05592 0.00001 ( 1)
 641 S   0.89439 0.04915 0.05345 0.00301 ( 1)
 642 G   0.69310 0.25029 0.04130 0.01530 ( 1)
 643 G   0.81417 0.12933 0.04859 0.00791 ( 1)
 644 L   0.00571 0.93667 0.00034 0.05727 ( 2)
 645 L   0.86576 0.07753 0.05197 0.00474 ( 1)
 646 A   0.93536 0.00869 0.05542 0.00053 ( 1)
 647 C   0.87587 0.06781 0.05217 0.00415 ( 1)
 648 F   0.53602 0.40655 0.03257 0.02486 ( 1)
 649 G   0.50493 0.43824 0.03004 0.02680 ( 1)
 650 L   0.80972 0.13351 0.04861 0.00816 ( 1)
 651 A   0.53062 0.41257 0.03158 0.02523 ( 1)
 652 C   0.93368 0.01009 0.05561 0.00062 ( 1)
 653 L   0.87677 0.06653 0.05263 0.00407 ( 1)
 654 G   0.86854 0.07520 0.05167 0.00460 ( 1)
 655 L   0.91761 0.02574 0.05508 0.00157 ( 1)
 656 V   0.93927 0.00474 0.05571 0.00029 ( 1)
 657 C   0.94341 0.00037 0.05619 0.00002 ( 1)
 658 L   0.88704 0.05622 0.05330 0.00344 ( 1)
 659 S   0.84061 0.10306 0.05003 0.00630 ( 1)
 660 G   0.54250 0.40081 0.03217 0.02451 ( 1)
 661 L   0.89313 0.05076 0.05300 0.00310 ( 1)
 662 L   0.82185 0.12139 0.04933 0.00742 ( 1)
 663 F   0.92972 0.01433 0.05507 0.00088 ( 1)
 664 P   0.83679 0.10583 0.05091 0.00647 ( 1)
 665 G   0.94322 0.00063 0.05611 0.00004 ( 1)
 666 R   0.69741 0.24579 0.04177 0.01503 ( 1)
 667 P   0.94298 0.00105 0.05590 0.00006 ( 1)
 668 S   0.89666 0.04710 0.05336 0.00288 ( 1)
 669 P   0.93779 0.00486 0.05705 0.00030 ( 1)
 670 A   0.88432 0.05964 0.05239 0.00365 ( 1)
 671 S   0.44040 0.50203 0.02687 0.03070 ( 2)
 672 C   0.94327 0.00051 0.05619 0.00003 ( 1)
 673 L   0.63234 0.31070 0.03796 0.01900 ( 1)
 674 A   0.94235 0.00171 0.05583 0.00010 ( 1)
 675 Q   0.92242 0.02105 0.05525 0.00129 ( 1)
 676 Q   0.92618 0.01729 0.05547 0.00106 ( 1)
 677 P   0.93635 0.00768 0.05550 0.00047 ( 1)
 678 L   0.30177 0.64082 0.01823 0.03918 ( 2)
 679 C   0.80994 0.13368 0.04821 0.00817 ( 1)
 680 H   0.62859 0.31483 0.03733 0.01925 ( 1)
 681 L   0.94320 0.00078 0.05597 0.00005 ( 1)
 682 P   0.93301 0.01082 0.05551 0.00066 ( 1)
 683 L   0.94308 0.00089 0.05597 0.00005 ( 1)
 684 T   0.94133 0.00235 0.05617 0.00014 ( 1)
 685 G   0.94291 0.00094 0.05609 0.00006 ( 1)
 686 C   0.94294 0.00084 0.05617 0.00005 ( 1)
 687 L   0.93793 0.00544 0.05630 0.00033 ( 1)
 688 S   0.94310 0.00072 0.05613 0.00004 ( 1)
 689 T   0.87171 0.07083 0.05313 0.00433 ( 1)
 690 L   0.92968 0.01427 0.05517 0.00087 ( 1)
 691 F   0.90838 0.03563 0.05381 0.00218 ( 1)
 692 L   0.93793 0.00544 0.05630 0.00033 ( 1)
 693 Q   0.94070 0.00278 0.05634 0.00017 ( 1)
 694 A   0.94068 0.00318 0.05594 0.00019 ( 1)
 695 A   0.94355 0.00052 0.05590 0.00003 ( 1)
 696 E   0.93134 0.01241 0.05550 0.00076 ( 1)
 697 T   0.77869 0.16511 0.04610 0.01010 ( 1)
 698 F   0.94358 0.00050 0.05589 0.00003 ( 1)
 699 V   0.83542 0.10824 0.04973 0.00662 ( 1)
 700 E   0.94255 0.00121 0.05617 0.00007 ( 1)
 701 S   0.92581 0.01673 0.05644 0.00102 ( 1)
 702 E   0.93892 0.00375 0.05710 0.00023 ( 1)
 703 L   0.93548 0.00789 0.05616 0.00048 ( 1)
 704 P   0.93413 0.00851 0.05683 0.00052 ( 1)
 705 P   0.00882 0.93357 0.00053 0.05708 ( 2)
 706 S   0.89928 0.04448 0.05352 0.00272 ( 1)
 707 W   0.91591 0.02741 0.05501 0.00168 ( 1)
 708 A   0.28603 0.65641 0.01742 0.04014 ( 2)
 709 D   0.91591 0.02801 0.05437 0.00171 ( 1)
 710 R   0.89643 0.04711 0.05358 0.00288 ( 1)
 711 L   0.91167 0.03167 0.05473 0.00194 ( 1)
 712 H   0.10577 0.83664 0.00643 0.05116 ( 2)
 713 S   0.93960 0.00424 0.05590 0.00026 ( 1)
 714 R   0.89186 0.05185 0.05312 0.00317 ( 1)
 715 L   0.94008 0.00329 0.05643 0.00020 ( 1)
 716 R   0.92105 0.02252 0.05505 0.00138 ( 1)
 717 G   0.94260 0.00108 0.05626 0.00007 ( 1)
 718 P   0.94188 0.00215 0.05583 0.00013 ( 1)
 719 C   0.73079 0.21234 0.04389 0.01298 ( 1)
 720 A   0.94388 0.00018 0.05592 0.00001 ( 1)
 721 W   0.94096 0.00238 0.05651 0.00015 ( 1)
 722 M   0.90765 0.03568 0.05449 0.00218 ( 1)
 723 V   0.56728 0.37597 0.03377 0.02299 ( 1)
 724 V   0.94323 0.00059 0.05614 0.00004 ( 1)
 725 V   0.91038 0.03296 0.05465 0.00202 ( 1)
 726 L   0.93916 0.00421 0.05638 0.00026 ( 1)
 727 A   0.94205 0.00201 0.05581 0.00012 ( 1)
 728 L   0.22337 0.71939 0.01325 0.04399 ( 2)
 729 L   0.94008 0.00329 0.05643 0.00020 ( 1)
 730 V   0.94306 0.00076 0.05613 0.00005 ( 1)
 731 E   0.94324 0.00052 0.05621 0.00003 ( 1)
 732 A   0.93764 0.00636 0.05561 0.00039 ( 1)
 733 A   0.93138 0.01120 0.05674 0.00068 ( 1)
 734 L   0.94008 0.00329 0.05643 0.00020 ( 1)
 735 C   0.94272 0.00107 0.05615 0.00007 ( 1)
 736 A   0.55815 0.38511 0.03319 0.02355 ( 1)
 737 W   0.94096 0.00238 0.05651 0.00015 ( 1)
 738 Y   0.94315 0.00054 0.05628 0.00003 ( 1)
 739 L   0.94008 0.00329 0.05643 0.00020 ( 1)
 740 I   0.00527 0.93712 0.00031 0.05730 ( 2)
 741 A   0.94379 0.00028 0.05591 0.00002 ( 1)
 742 F   0.94394 0.00014 0.05591 0.00001 ( 1)
 743 R   0.93160 0.01222 0.05543 0.00075 ( 1)
 744 P   0.93227 0.01156 0.05547 0.00071 ( 1)
 745 E   0.94324 0.00052 0.05621 0.00003 ( 1)
 746 V   0.94300 0.00082 0.05613 0.00005 ( 1)
 747 V   0.94323 0.00059 0.05614 0.00004 ( 1)
 748 M   0.47946 0.46358 0.02861 0.02835 ( 1)
 749 D   0.94372 0.00024 0.05602 0.00001 ( 1)
 750 W   0.94096 0.00238 0.05651 0.00015 ( 1)
 751 H   0.51623 0.42701 0.03066 0.02611 ( 1)
 752 V   0.87194 0.07193 0.05173 0.00440 ( 1)
 753 L   0.93987 0.00350 0.05642 0.00021 ( 1)
 754 P   0.94383 0.00021 0.05595 0.00001 ( 1)
 755 T   0.90158 0.04205 0.05380 0.00257 ( 1)
 756 K   0.93831 0.00544 0.05591 0.00033 ( 1)
 757 A   0.93756 0.00630 0.05575 0.00038 ( 1)
 758 L   0.93989 0.00348 0.05642 0.00021 ( 1)
 759 V   0.92657 0.01723 0.05515 0.00105 ( 1)
 760 H   0.94367 0.00027 0.05605 0.00002 ( 1)
 761 C   0.94297 0.00081 0.05617 0.00005 ( 1)
 762 R   0.93878 0.00504 0.05588 0.00031 ( 1)
 763 V   0.00041 0.94196 0.00003 0.05760 ( 2)
 764 H   0.93414 0.00967 0.05560 0.00059 ( 1)
 765 S   0.94351 0.00031 0.05616 0.00002 ( 1)
 766 W   0.94096 0.00238 0.05651 0.00015 ( 1)
 767 A   0.93961 0.00440 0.05573 0.00027 ( 1)
 768 G   0.91190 0.03188 0.05427 0.00195 ( 1)
 769 L   0.93171 0.01234 0.05519 0.00075 ( 1)
 770 G   0.94341 0.00044 0.05612 0.00003 ( 1)
 771 L   0.93906 0.00345 0.05728 0.00021 ( 1)
 772 V   0.93514 0.00871 0.05561 0.00053 ( 1)
 773 H   0.94333 0.00060 0.05603 0.00004 ( 1)
 774 T   0.92432 0.01972 0.05476 0.00121 ( 1)
 775 L   0.67307 0.27036 0.04003 0.01653 ( 1)
 776 N   0.93827 0.00438 0.05708 0.00027 ( 1)
 777 A   0.94383 0.00024 0.05592 0.00001 ( 1)
 778 I   0.04536 0.89708 0.00271 0.05485 ( 2)
 779 L   0.94008 0.00329 0.05643 0.00020 ( 1)
 780 A   0.94324 0.00082 0.05588 0.00005 ( 1)
 781 S   0.94017 0.00255 0.05712 0.00016 ( 1)
 782 L   0.94271 0.00127 0.05595 0.00008 ( 1)
 783 C   0.93966 0.00412 0.05597 0.00025 ( 1)
 784 F   0.94393 0.00015 0.05591 0.00001 ( 1)
 785 L   0.93906 0.00430 0.05637 0.00026 ( 1)
 786 G   0.94322 0.00063 0.05611 0.00004 ( 1)
 787 T   0.94229 0.00033 0.05736 0.00002 ( 1)
 788 F   0.94395 0.00012 0.05592 0.00001 ( 1)
 789 L   0.94008 0.00329 0.05643 0.00020 ( 1)
 790 V   0.94300 0.00082 0.05613 0.00005 ( 1)
 791 R   0.72899 0.21434 0.04357 0.01311 ( 1)
 792 S   0.94351 0.00031 0.05615 0.00002 ( 1)
 793 Q   0.18538 0.75721 0.01110 0.04630 ( 2)
 794 P   0.94245 0.00140 0.05607 0.00009 ( 1)
 795 G   0.86486 0.07887 0.05145 0.00482 ( 1)
 796 R   0.62768 0.00327 0.36885 0.00020 ( 1)
 797 Y   0.94315 0.00054 0.05628 0.00003 ( 1)
 798 S   0.93968 0.00409 0.05597 0.00025 ( 1)
 799 R   0.74580 0.19677 0.04540 0.01203 ( 1)
 800 A   0.94388 0.00018 0.05592 0.00001 ( 1)
 801 R   0.92040 0.02221 0.05603 0.00136 ( 1)
 802 G   0.94341 0.00044 0.05612 0.00003 ( 1)
 803 L   0.93870 0.00527 0.05571 0.00032 ( 1)
 804 T   0.94360 0.00027 0.05612 0.00002 ( 1)
 805 F   0.92616 0.01655 0.05627 0.00101 ( 1)
 806 A   0.94388 0.00019 0.05592 0.00001 ( 1)
 807 T   0.55853 0.38480 0.03314 0.02353 ( 1)
 808 L   0.94008 0.00329 0.05643 0.00020 ( 1)
 809 A   0.94379 0.00028 0.05591 0.00002 ( 1)
 810 Y   0.94254 0.00115 0.05624 0.00007 ( 1)
 811 L   0.94149 0.00259 0.05577 0.00016 ( 1)
 812 I   0.94399 0.00012 0.05589 0.00001 ( 1)
 813 T   0.94093 0.00293 0.05596 0.00018 ( 1)
 814 W   0.94096 0.00238 0.05651 0.00015 ( 1)
 815 V   0.94369 0.00033 0.05597 0.00002 ( 1)
 816 S   0.94351 0.00031 0.05616 0.00002 ( 1)
 817 F   0.94251 0.00021 0.05727 0.00001 ( 1)
 818 V   0.94323 0.00059 0.05614 0.00004 ( 1)
 819 P   0.94359 0.00045 0.05593 0.00003 ( 1)
 820 L   0.94361 0.00037 0.05600 0.00002 ( 1)
 821 L   0.94008 0.00329 0.05643 0.00020 ( 1)
 822 A   0.94388 0.00018 0.05592 0.00001 ( 1)
 823 N   0.93712 0.00605 0.05646 0.00037 ( 1)
 824 V   0.92509 0.01871 0.05506 0.00114 ( 1)
 825 Q   0.92889 0.01458 0.05564 0.00089 ( 1)
 826 V   0.94323 0.00059 0.05614 0.00004 ( 1)
 827 A   0.93996 0.00405 0.05575 0.00025 ( 1)
 828 H   0.49531 0.44791 0.02939 0.02739 ( 1)
 829 Q   0.91871 0.02483 0.05494 0.00152 ( 1)
 830 P   0.94326 0.00078 0.05591 0.00005 ( 1)
 831 A   0.94382 0.00025 0.05592 0.00002 ( 1)
 832 V   0.88412 0.05961 0.05262 0.00364 ( 1)
 833 Q   0.94200 0.00149 0.05642 0.00009 ( 1)
 834 M   0.94383 0.00017 0.05600 0.00001 ( 1)
 835 G   0.94112 0.00273 0.05599 0.00017 ( 1)
 836 A   0.94387 0.00020 0.05592 0.00001 ( 1)
 837 V   0.88502 0.05885 0.05253 0.00360 ( 1)
 838 L   0.94133 0.00203 0.05651 0.00012 ( 1)
 839 F   0.93658 0.00738 0.05558 0.00045 ( 1)
 840 C   0.90492 0.03772 0.05505 0.00231 ( 1)
 841 A   0.89660 0.04733 0.05317 0.00289 ( 1)
 842 L   0.94008 0.00329 0.05643 0.00020 ( 1)
 843 G   0.94341 0.00044 0.05612 0.00003 ( 1)
 844 I   0.94370 0.00041 0.05587 0.00002 ( 1)
 845 L   0.94008 0.00329 0.05643 0.00020 ( 1)
 846 V   0.92401 0.01864 0.05621 0.00114 ( 1)
 847 A   0.94388 0.00018 0.05592 0.00001 ( 1)
 848 F   0.92068 0.02336 0.05454 0.00143 ( 1)
 849 H   0.94367 0.00027 0.05605 0.00002 ( 1)
 850 L   0.93976 0.00360 0.05641 0.00022 ( 1)
 851 P   0.94377 0.00027 0.05594 0.00002 ( 1)
 852 K   0.92814 0.01542 0.05550 0.00094 ( 1)
 853 C   0.93579 0.00686 0.05693 0.00042 ( 1)
 854 Y   0.94315 0.00054 0.05628 0.00003 ( 1)
 855 L   0.93978 0.00358 0.05641 0.00022 ( 1)
 856 L   0.94286 0.00111 0.05595 0.00007 ( 1)
 857 V   0.03815 0.90430 0.00226 0.05529 ( 2)
 858 R   0.26394 0.67868 0.01588 0.04150 ( 2)
