Supplemental results for CODEML (seqf: Human_TAS1R3_orthologues_DNA_aligned.txt  treef: TAS1R3_revised_tree_following_error_message.txt)


MLEs of dN/dS (w) for site classes (K=4)

site class             0        1       2a       2b
proportion       0.81818  0.15946  0.01872  0.00365
background w     0.10060  1.00000  0.10060  1.00000
foreground w     0.10060  1.00000  1.00000  1.00000

Naive Empirical Bayes (NEB) probabilities for 4 classes
(amino acids refer to 1st sequence: 1.Bushbaby)

   1 -   0.82944 0.14819 0.01898 0.00339 ( 1)
   2 -   0.82657 0.15106 0.01891 0.00346 ( 1)
   3 -   0.82970 0.14793 0.01898 0.00338 ( 1)
   4 -   0.82903 0.14860 0.01897 0.00340 ( 1)
   5 -   0.82678 0.15085 0.01892 0.00345 ( 1)
   6 -   0.81962 0.15801 0.01875 0.00362 ( 1)
   7 -   0.82990 0.14773 0.01899 0.00338 ( 1)
   8 -   0.82856 0.14907 0.01896 0.00341 ( 1)
   9 -   0.82283 0.15480 0.01883 0.00354 ( 1)
  10 -   0.34736 0.63027 0.00795 0.01442 ( 2)
  11 -   0.82800 0.14963 0.01895 0.00342 ( 1)
  12 -   0.82511 0.15252 0.01888 0.00349 ( 1)
  13 -   0.82511 0.15252 0.01888 0.00349 ( 1)
  14 -   0.82026 0.15737 0.01877 0.00360 ( 1)
  15 -   0.82856 0.14908 0.01896 0.00341 ( 1)
  16 -   0.82990 0.14773 0.01899 0.00338 ( 1)
  17 -   0.81985 0.15778 0.01876 0.00361 ( 1)
  18 -   0.82990 0.14773 0.01899 0.00338 ( 1)
  19 M   0.98230 0.00017 0.01752 0.00000 ( 1)
  20 P   0.87784 0.10251 0.01730 0.00235 ( 1)
  21 G   0.09662 0.88144 0.00177 0.02017 ( 2)
  22 P   0.25599 0.72279 0.00468 0.01654 ( 2)
  23 A   0.56205 0.30571 0.12524 0.00700 ( 1)
  24 V   0.98204 0.00034 0.01762 0.00001 ( 1)
  25 L   0.97566 0.00370 0.02055 0.00008 ( 1)
  26 G   0.98156 0.00046 0.01797 0.00001 ( 1)
  27 F   0.92138 0.06062 0.01661 0.00139 ( 1)
  28 S   0.98171 0.00033 0.01795 0.00001 ( 1)
  29 L   0.98191 0.00038 0.01770 0.00001 ( 1)
  30 A   0.68332 0.29643 0.01346 0.00678 ( 1)
  31 T   0.18164 0.76542 0.03542 0.01751 ( 2)
  32 L   0.66773 0.31307 0.01204 0.00716 ( 1)
  33 L   0.97522 0.00538 0.01928 0.00012 ( 1)
  34 G   0.07541 0.90258 0.00136 0.02065 ( 2)
  35 F   0.00198 0.97566 0.00004 0.02232 ( 2)
  36 G   0.86849 0.11242 0.01652 0.00257 ( 1)
  37 T   0.31519 0.66263 0.00701 0.01516 ( 2)
  38 G   0.98072 0.00085 0.01842 0.00002 ( 1)
  39 A   0.95539 0.02707 0.01693 0.00062 ( 1)
  40 P   0.94207 0.03620 0.02089 0.00083 ( 1)
  41 L   0.79083 0.05257 0.15539 0.00120 ( 1)
  42 C   0.98154 0.00038 0.01807 0.00001 ( 1)
  43 L   0.97725 0.00341 0.01926 0.00008 ( 1)
  44 S   0.90897 0.06916 0.02028 0.00158 ( 1)
  45 Q   0.61168 0.36826 0.01164 0.00843 ( 1)
  46 Q   0.96453 0.01394 0.02120 0.00032 ( 1)
  47 L   0.97162 0.00808 0.02012 0.00018 ( 1)
  48 R   0.85288 0.12801 0.01618 0.00293 ( 1)
  49 M   0.98230 0.00017 0.01752 0.00000 ( 1)
  50 P   0.02547 0.95226 0.00048 0.02179 ( 2)
  51 G   0.98072 0.00085 0.01842 0.00002 ( 1)
  52 N   0.97936 0.00292 0.01765 0.00007 ( 1)
  53 Y   0.97995 0.00172 0.01830 0.00004 ( 1)
  54 V   0.09333 0.87264 0.01406 0.01997 ( 2)
  55 L   0.97631 0.00435 0.01924 0.00010 ( 1)
  56 G   0.97928 0.00227 0.01839 0.00005 ( 1)
  57 G   0.98072 0.00085 0.01842 0.00002 ( 1)
  58 L   0.97898 0.00169 0.01929 0.00004 ( 1)
  59 F   0.98256 0.00013 0.01731 0.00000 ( 1)
  60 P   0.98229 0.00023 0.01748 0.00001 ( 1)
  61 L   0.95811 0.01997 0.02146 0.00046 ( 1)
  62 G   0.95254 0.02909 0.01770 0.00067 ( 1)
  63 A   0.68063 0.29990 0.01261 0.00686 ( 1)
  64 A   0.98230 0.00029 0.01740 0.00001 ( 1)
  65 E   0.90982 0.07145 0.01710 0.00163 ( 1)
  66 E   0.97569 0.00610 0.01807 0.00014 ( 1)
  67 A   0.91369 0.06480 0.02002 0.00148 ( 1)
  68 G   0.89001 0.09211 0.01577 0.00211 ( 1)
  69 L   0.94296 0.03881 0.01735 0.00089 ( 1)
  70 R   0.83962 0.14197 0.01516 0.00325 ( 1)
  71 T   0.90712 0.07459 0.01659 0.00171 ( 1)
  72 R   0.97993 0.00140 0.01864 0.00003 ( 1)
  73 T   0.65241 0.32790 0.01219 0.00750 ( 1)
  74 Q   0.83995 0.14086 0.01597 0.00322 ( 1)
  75 P   0.98230 0.00021 0.01748 0.00000 ( 1)
  76 S   0.92175 0.06002 0.01686 0.00137 ( 1)
  77 S   0.97876 0.00327 0.01790 0.00007 ( 1)
  78 P   0.94206 0.04001 0.01701 0.00092 ( 1)
  79 V   0.97505 0.00683 0.01797 0.00016 ( 1)
  80 C   0.98154 0.00038 0.01807 0.00001 ( 1)
  81 N   0.93821 0.04373 0.01706 0.00100 ( 1)
  82 -   0.81818 0.15946 0.01872 0.00365 ( 1)
  83 -   0.81818 0.15946 0.01872 0.00365 ( 1)
  84 -   0.81818 0.15946 0.01872 0.00365 ( 1)
  85 -   0.81818 0.15946 0.01872 0.00365 ( 1)
  86 -   0.81818 0.15946 0.01872 0.00365 ( 1)
  87 -   0.81818 0.15946 0.01872 0.00365 ( 1)
  88 -   0.81818 0.15946 0.01872 0.00365 ( 1)
  89 -   0.81818 0.15946 0.01872 0.00365 ( 1)
  90 -   0.81818 0.15946 0.01872 0.00365 ( 1)
  91 -   0.81818 0.15946 0.01872 0.00365 ( 1)
  92 R   0.98037 0.00096 0.01864 0.00002 ( 1)
  93 F   0.98248 0.00021 0.01731 0.00000 ( 1)
  94 S   0.97898 0.00304 0.01791 0.00007 ( 1)
  95 P   0.49463 0.48454 0.00974 0.01109 ( 1)
  96 L   0.17536 0.80302 0.00324 0.01837 ( 2)
  97 G   0.98154 0.00047 0.01797 0.00001 ( 1)
  98 L   0.97725 0.00341 0.01926 0.00008 ( 1)
  99 L   0.98185 0.00044 0.01770 0.00001 ( 1)
 100 W   0.97821 0.00247 0.01927 0.00006 ( 1)
 101 A   0.97490 0.00715 0.01778 0.00016 ( 1)
 102 L   0.97725 0.00341 0.01926 0.00008 ( 1)
 103 A   0.91870 0.06342 0.01642 0.00145 ( 1)
 104 M   0.97908 0.00337 0.01747 0.00008 ( 1)
 105 K   0.96752 0.01381 0.01836 0.00032 ( 1)
 106 M   0.98230 0.00017 0.01752 0.00000 ( 1)
 107 A   0.98135 0.00055 0.01808 0.00001 ( 1)
 108 V   0.98116 0.00074 0.01808 0.00002 ( 1)
 109 E   0.98128 0.00054 0.01817 0.00001 ( 1)
 110 E   0.98119 0.00059 0.01821 0.00001 ( 1)
 111 I   0.98263 0.00012 0.01725 0.00000 ( 1)
 112 N   0.98155 0.00038 0.01807 0.00001 ( 1)
 113 N   0.98134 0.00058 0.01806 0.00001 ( 1)
 114 G   0.03916 0.93861 0.00075 0.02148 ( 2)
 115 S   0.81848 0.01260 0.16863 0.00029 ( 1)
 116 T   0.57483 0.40557 0.01033 0.00928 ( 1)
 117 L   0.97725 0.00341 0.01926 0.00008 ( 1)
 118 L   0.97725 0.00341 0.01926 0.00008 ( 1)
 119 P   0.98134 0.00063 0.01802 0.00001 ( 1)
 120 G   0.98078 0.00078 0.01842 0.00002 ( 1)
 121 L   0.97725 0.00341 0.01926 0.00008 ( 1)
 122 Q   0.48387 0.49588 0.00890 0.01135 ( 2)
 123 L   0.97282 0.00783 0.01917 0.00018 ( 1)
 124 G   0.98156 0.00046 0.01797 0.00001 ( 1)
 125 Y   0.97302 0.00862 0.01817 0.00020 ( 1)
 126 D   0.98168 0.00067 0.01764 0.00002 ( 1)
 127 L   0.98191 0.00038 0.01770 0.00001 ( 1)
 128 F   0.97319 0.00557 0.02110 0.00013 ( 1)
 129 D   0.98041 0.00193 0.01762 0.00004 ( 1)
 130 T   0.98110 0.00057 0.01832 0.00001 ( 1)
 131 C   0.98154 0.00038 0.01807 0.00001 ( 1)
 132 S   0.97834 0.00308 0.01851 0.00007 ( 1)
 133 E   0.98128 0.00054 0.01817 0.00001 ( 1)
 134 P   0.58677 0.32457 0.08124 0.00743 ( 1)
 135 V   0.34765 0.02408 0.62771 0.00055 ( 3)
 136 V   0.98182 0.00055 0.01761 0.00001 ( 1)
 137 A   0.97947 0.00265 0.01781 0.00006 ( 1)
 138 M   0.98230 0.00017 0.01752 0.00000 ( 1)
 139 K   0.98041 0.00095 0.01862 0.00002 ( 1)
 140 P   0.98230 0.00021 0.01748 0.00000 ( 1)
 141 S   0.98099 0.00104 0.01794 0.00002 ( 1)
 142 L   0.98154 0.00075 0.01769 0.00002 ( 1)
 143 M   0.98072 0.00174 0.01750 0.00004 ( 1)
 144 F   0.98248 0.00021 0.01731 0.00000 ( 1)
 145 L   0.97725 0.00341 0.01926 0.00008 ( 1)
 146 A   0.98239 0.00021 0.01740 0.00000 ( 1)
 147 K   0.89095 0.09008 0.01690 0.00206 ( 1)
 148 A   0.00099 0.97664 0.00002 0.02235 ( 2)
 149 G   0.60162 0.37865 0.01108 0.00866 ( 1)
 150 S   0.98171 0.00033 0.01795 0.00001 ( 1)
 151 C   0.13007 0.84817 0.00235 0.01941 ( 2)
 152 S   0.25125 0.72759 0.00451 0.01665 ( 2)
 153 I   0.97889 0.00383 0.01719 0.00009 ( 1)
 154 A   0.98207 0.00052 0.01740 0.00001 ( 1)
 155 A   0.98240 0.00019 0.01740 0.00000 ( 1)
 156 Y   0.98104 0.00061 0.01833 0.00001 ( 1)
 157 C   0.98133 0.00059 0.01807 0.00001 ( 1)
 158 D   0.97769 0.00422 0.01800 0.00010 ( 1)
 159 Y   0.98082 0.00085 0.01831 0.00002 ( 1)
 160 A   0.96711 0.01450 0.01806 0.00033 ( 1)
 161 R   0.75788 0.22241 0.01462 0.00509 ( 1)
 162 Y   0.98111 0.00056 0.01832 0.00001 ( 1)
 163 Q   0.95883 0.02217 0.01850 0.00051 ( 1)
 164 P   0.98132 0.00119 0.01746 0.00003 ( 1)
 165 R   0.97117 0.00744 0.02122 0.00017 ( 1)
 166 V   0.98128 0.00061 0.01809 0.00001 ( 1)
 167 L   0.97670 0.00397 0.01925 0.00009 ( 1)
 168 A   0.97075 0.00855 0.02050 0.00020 ( 1)
 169 V   0.98204 0.00034 0.01762 0.00001 ( 1)
 170 I   0.98263 0.00012 0.01725 0.00000 ( 1)
 171 G   0.98064 0.00092 0.01842 0.00002 ( 1)
 172 P   0.98230 0.00022 0.01748 0.00000 ( 1)
 173 H   0.98200 0.00028 0.01772 0.00001 ( 1)
 174 S   0.97874 0.00125 0.01998 0.00003 ( 1)
 175 S   0.96541 0.01276 0.02154 0.00029 ( 1)
 176 E   0.98128 0.00054 0.01817 0.00001 ( 1)
 177 L   0.98177 0.00052 0.01770 0.00001 ( 1)
 178 A   0.98240 0.00019 0.01740 0.00000 ( 1)
 179 L   0.74940 0.23055 0.01477 0.00528 ( 1)
 180 I   0.97944 0.00292 0.01757 0.00007 ( 1)
 181 T   0.97949 0.00049 0.02001 0.00001 ( 1)
 182 G   0.98091 0.00067 0.01840 0.00002 ( 1)
 183 K   0.98041 0.00095 0.01862 0.00002 ( 1)
 184 F   0.98256 0.00013 0.01731 0.00000 ( 1)
 185 F   0.98239 0.00024 0.01736 0.00001 ( 1)
 186 G   0.85912 0.12235 0.01573 0.00280 ( 1)
 187 F   0.98256 0.00013 0.01731 0.00000 ( 1)
 188 F   0.98256 0.00013 0.01731 0.00000 ( 1)
 189 L   0.98191 0.00038 0.01770 0.00001 ( 1)
 190 M   0.98067 0.00180 0.01749 0.00004 ( 1)
 191 P   0.98202 0.00041 0.01756 0.00001 ( 1)
 192 Q   0.97953 0.00154 0.01890 0.00004 ( 1)
 193 V   0.98204 0.00034 0.01762 0.00001 ( 1)
 194 S   0.98171 0.00033 0.01795 0.00001 ( 1)
 195 Y   0.96096 0.01984 0.01875 0.00045 ( 1)
 196 G   0.97565 0.00589 0.01832 0.00013 ( 1)
 197 A   0.97224 0.00631 0.02130 0.00014 ( 1)
 198 S   0.97879 0.00324 0.01790 0.00007 ( 1)
 199 M   0.98230 0.00017 0.01752 0.00000 ( 1)
 200 D   0.97639 0.00593 0.01754 0.00014 ( 1)
 201 G   0.68988 0.28989 0.01360 0.00663 ( 1)
 202 L   0.97920 0.00147 0.01930 0.00003 ( 1)
 203 S   0.98137 0.00066 0.01795 0.00002 ( 1)
 204 I   0.95051 0.03148 0.01728 0.00072 ( 1)
 205 R   0.98009 0.00124 0.01864 0.00003 ( 1)
 206 E   0.98128 0.00054 0.01817 0.00001 ( 1)
 207 T   0.98186 0.00028 0.01785 0.00001 ( 1)
 208 F   0.98256 0.00013 0.01731 0.00000 ( 1)
 209 P   0.98230 0.00021 0.01748 0.00000 ( 1)
 210 S   0.98171 0.00032 0.01796 0.00001 ( 1)
 211 F   0.98256 0.00013 0.01731 0.00000 ( 1)
 212 F   0.98256 0.00013 0.01731 0.00000 ( 1)
 213 R   0.98144 0.00051 0.01805 0.00001 ( 1)
 214 T   0.97300 0.00862 0.01817 0.00020 ( 1)
 215 V   0.98127 0.00063 0.01809 0.00001 ( 1)
 216 P   0.98230 0.00021 0.01748 0.00000 ( 1)
 217 S   0.97649 0.00210 0.02135 0.00005 ( 1)
 218 D   0.98210 0.00025 0.01764 0.00001 ( 1)
 219 R   0.97508 0.00606 0.01872 0.00014 ( 1)
 220 T   0.89442 0.08710 0.01649 0.00199 ( 1)
 221 Q   0.97953 0.00154 0.01890 0.00004 ( 1)
 222 L   0.97725 0.00341 0.01926 0.00008 ( 1)
 223 L   0.00047 0.97703 0.00014 0.02236 ( 2)
 224 A   0.98194 0.00065 0.01740 0.00001 ( 1)
 225 V   0.04585 0.93166 0.00117 0.02132 ( 2)
 226 M   0.52388 0.45603 0.00966 0.01043 ( 1)
 227 K   0.96634 0.01541 0.01790 0.00035 ( 1)
 228 L   0.97725 0.00341 0.01926 0.00008 ( 1)
 229 L   0.97631 0.00435 0.01924 0.00010 ( 1)
 230 Q   0.95766 0.02333 0.01848 0.00053 ( 1)
 231 E   0.47114 0.50813 0.00911 0.01163 ( 2)
 232 F   0.97909 0.00206 0.01880 0.00005 ( 1)
 233 S   0.92840 0.05338 0.01700 0.00122 ( 1)
 234 W   0.97821 0.00247 0.01927 0.00006 ( 1)
 235 N   0.98155 0.00038 0.01807 0.00001 ( 1)
 236 W   0.97821 0.00247 0.01927 0.00006 ( 1)
 237 V   0.98128 0.00061 0.01809 0.00001 ( 1)
 238 A   0.98230 0.00029 0.01740 0.00001 ( 1)
 239 A   0.98236 0.00023 0.01740 0.00001 ( 1)
 240 L   0.97723 0.00343 0.01926 0.00008 ( 1)
 241 G   0.98156 0.00046 0.01797 0.00001 ( 1)
 242 S   0.97682 0.00520 0.01787 0.00012 ( 1)
 243 D   0.98164 0.00063 0.01771 0.00001 ( 1)
 244 D   0.98164 0.00071 0.01764 0.00002 ( 1)
 245 E   0.98118 0.00059 0.01821 0.00001 ( 1)
 246 Y   0.94904 0.02981 0.02046 0.00068 ( 1)
 247 G   0.98156 0.00046 0.01797 0.00001 ( 1)
 248 R   0.97807 0.00165 0.02024 0.00004 ( 1)
 249 Q   0.97929 0.00178 0.01889 0.00004 ( 1)
 250 G   0.98156 0.00046 0.01797 0.00001 ( 1)
 251 L   0.97499 0.00566 0.01921 0.00013 ( 1)
 252 S   0.97841 0.00361 0.01789 0.00008 ( 1)
 253 I   0.98155 0.00119 0.01723 0.00003 ( 1)
 254 F   0.98256 0.00013 0.01731 0.00000 ( 1)
 255 S   0.97908 0.00230 0.01857 0.00005 ( 1)
 256 S   0.13281 0.84541 0.00243 0.01934 ( 2)
 257 M   0.94782 0.03275 0.01868 0.00075 ( 1)
 258 A   0.97827 0.00042 0.02130 0.00001 ( 1)
 259 S   0.48582 0.49402 0.00886 0.01130 ( 2)
 260 T   0.39008 0.58782 0.00865 0.01345 ( 2)
 261 Q   0.80328 0.17788 0.01477 0.00407 ( 1)
 262 G   0.91706 0.06467 0.01679 0.00148 ( 1)
 263 I   0.98263 0.00012 0.01725 0.00000 ( 1)
 264 C   0.98115 0.00077 0.01806 0.00002 ( 1)
 265 I   0.97992 0.00021 0.01986 0.00000 ( 1)
 266 A   0.95954 0.01876 0.02127 0.00043 ( 1)
 267 H   0.98187 0.00041 0.01771 0.00001 ( 1)
 268 E   0.98128 0.00054 0.01817 0.00001 ( 1)
 269 G   0.98156 0.00046 0.01797 0.00001 ( 1)
 270 L   0.97705 0.00361 0.01925 0.00008 ( 1)
 271 V   0.98129 0.00061 0.01809 0.00001 ( 1)
 272 P   0.98056 0.00145 0.01795 0.00003 ( 1)
 273 L   0.97667 0.00399 0.01925 0.00009 ( 1)
 274 S   0.94295 0.03937 0.01678 0.00090 ( 1)
 275 S   0.04457 0.93310 0.00098 0.02135 ( 2)
 276 A   0.98055 0.00203 0.01737 0.00005 ( 1)
 277 N   0.44254 0.46696 0.07982 0.01068 ( 2)
 278 D   0.00089 0.97672 0.00004 0.02235 ( 2)
 279 L   0.00008 0.97755 0.00000 0.02237 ( 2)
 280 V   0.00293 0.97471 0.00006 0.02230 ( 2)
 281 M   0.21608 0.76248 0.00400 0.01745 ( 2)
 282 R   0.97454 0.00745 0.01785 0.00017 ( 1)
 283 K   0.98051 0.00087 0.01860 0.00002 ( 1)
 284 V   0.98128 0.00061 0.01809 0.00001 ( 1)
 285 Q   0.97953 0.00154 0.01890 0.00004 ( 1)
 286 A   0.64757 0.33282 0.01199 0.00762 ( 1)
 287 L   0.14857 0.82952 0.00293 0.01898 ( 2)
 288 L   0.97725 0.00341 0.01926 0.00008 ( 1)
 289 H   0.97785 0.00438 0.01768 0.00010 ( 1)
 290 Q   0.97953 0.00154 0.01890 0.00004 ( 1)
 291 I   0.80824 0.03564 0.15530 0.00082 ( 1)
 292 N   0.98155 0.00038 0.01807 0.00001 ( 1)
 293 Q   0.97811 0.00166 0.02020 0.00004 ( 1)
 294 S   0.83493 0.00302 0.16198 0.00007 ( 1)
 295 N   0.94197 0.03988 0.01724 0.00091 ( 1)
 296 V   0.93795 0.04031 0.02083 0.00092 ( 1)
 297 Q   0.97953 0.00154 0.01890 0.00004 ( 1)
 298 V   0.98128 0.00061 0.01809 0.00001 ( 1)
 299 V   0.98128 0.00061 0.01809 0.00001 ( 1)
 300 V   0.95964 0.02097 0.01891 0.00048 ( 1)
 301 L   0.97630 0.00436 0.01924 0.00010 ( 1)
 302 F   0.98238 0.00025 0.01736 0.00001 ( 1)
 303 A   0.98232 0.00027 0.01740 0.00001 ( 1)
 304 S   0.97952 0.00072 0.01974 0.00002 ( 1)
 305 A   0.93291 0.04896 0.01701 0.00112 ( 1)
 306 H   0.43729 0.52517 0.02552 0.01202 ( 2)
 307 A   0.98130 0.00106 0.01761 0.00002 ( 1)
 308 A   0.98240 0.00019 0.01740 0.00000 ( 1)
 309 H   0.46164 0.51817 0.00833 0.01186 ( 2)
 310 L   0.00018 0.97742 0.00003 0.02236 ( 2)
 311 L   0.97829 0.00437 0.01724 0.00010 ( 1)
 312 F   0.98256 0.00013 0.01731 0.00000 ( 1)
 313 S   0.11620 0.86192 0.00216 0.01972 ( 2)
 314 Y   0.94877 0.01939 0.03140 0.00044 ( 1)
 315 S   0.83868 0.00288 0.15838 0.00007 ( 1)
 316 I   0.98263 0.00012 0.01725 0.00000 ( 1)
 317 R   0.91045 0.07115 0.01678 0.00163 ( 1)
 318 F   0.01160 0.96608 0.00021 0.02211 ( 2)
 319 N   0.41443 0.56477 0.00788 0.01292 ( 2)
 320 L   0.98191 0.00038 0.01770 0.00001 ( 1)
 321 S   0.58940 0.33585 0.06707 0.00768 ( 1)
 322 P   0.95768 0.02472 0.01704 0.00057 ( 1)
 323 K   0.98051 0.00087 0.01860 0.00002 ( 1)
 324 V   0.98128 0.00061 0.01809 0.00001 ( 1)
 325 W   0.97821 0.00247 0.01927 0.00006 ( 1)
 326 V   0.98114 0.00076 0.01808 0.00002 ( 1)
 327 A   0.98240 0.00019 0.01740 0.00000 ( 1)
 328 S   0.98149 0.00055 0.01795 0.00001 ( 1)
 329 E   0.98128 0.00054 0.01817 0.00001 ( 1)
 330 A   0.98240 0.00019 0.01740 0.00000 ( 1)
 331 W   0.97821 0.00247 0.01927 0.00006 ( 1)
 332 L   0.97689 0.00371 0.01931 0.00008 ( 1)
 333 T   0.98185 0.00028 0.01785 0.00001 ( 1)
 334 S   0.92579 0.05259 0.02042 0.00120 ( 1)
 335 D   0.94181 0.04035 0.01692 0.00092 ( 1)
 336 L   0.60468 0.37483 0.01192 0.00858 ( 1)
 337 V   0.97845 0.00391 0.01755 0.00009 ( 1)
 338 M   0.98230 0.00017 0.01752 0.00000 ( 1)
 339 E   0.88539 0.09579 0.01663 0.00219 ( 1)
 340 L   0.97723 0.00343 0.01926 0.00008 ( 1)
 341 P   0.98015 0.00235 0.01744 0.00005 ( 1)
 342 G   0.98156 0.00046 0.01797 0.00001 ( 1)
 343 M   0.98075 0.00171 0.01750 0.00004 ( 1)
 344 T   0.98060 0.00198 0.01737 0.00005 ( 1)
 345 Q   0.96785 0.01391 0.01793 0.00032 ( 1)
 346 M   0.92182 0.05982 0.01699 0.00137 ( 1)
 347 G   0.98140 0.00062 0.01797 0.00001 ( 1)
 348 T   0.98109 0.00055 0.01834 0.00001 ( 1)
 349 V   0.98128 0.00061 0.01809 0.00001 ( 1)
 350 L   0.95939 0.02171 0.01840 0.00050 ( 1)
 351 G   0.98156 0.00046 0.01797 0.00001 ( 1)
 352 F   0.98186 0.00082 0.01730 0.00002 ( 1)
 353 L   0.96559 0.01504 0.01903 0.00034 ( 1)
 354 H   0.96708 0.01394 0.01866 0.00032 ( 1)
 355 Q   0.83097 0.14981 0.01580 0.00343 ( 1)
 356 G   0.80713 0.17117 0.01779 0.00392 ( 1)
 357 D   0.03628 0.94154 0.00064 0.02154 ( 2)
 358 L   0.03535 0.94240 0.00068 0.02156 ( 2)
 359 L   0.97707 0.00360 0.01926 0.00008 ( 1)
 360 P   0.94483 0.03750 0.01681 0.00086 ( 1)
 361 N   0.00793 0.96844 0.00147 0.02216 ( 2)
 362 F   0.98256 0.00013 0.01731 0.00000 ( 1)
 363 S   0.61035 0.36995 0.01124 0.00846 ( 1)
 364 Q   0.34187 0.63696 0.00660 0.01457 ( 2)
 365 Y   0.97997 0.00170 0.01830 0.00004 ( 1)
 366 V   0.98128 0.00061 0.01809 0.00001 ( 1)
 367 K   0.97217 0.00918 0.01844 0.00021 ( 1)
 368 N   0.97442 0.00722 0.01820 0.00017 ( 1)
 369 R   0.59918 0.38128 0.01081 0.00872 ( 1)
 370 L   0.94800 0.03258 0.01868 0.00075 ( 1)
 371 H   0.13882 0.83951 0.00246 0.01921 ( 2)
 372 L   0.97725 0.00341 0.01926 0.00008 ( 1)
 373 A   0.98230 0.00029 0.01740 0.00001 ( 1)
 374 A   0.97764 0.00485 0.01740 0.00011 ( 1)
 375 N   0.95345 0.02876 0.01713 0.00066 ( 1)
 376 P   0.97190 0.01007 0.01780 0.00023 ( 1)
 377 A   0.30735 0.67057 0.00673 0.01534 ( 2)
 378 F   0.98256 0.00013 0.01731 0.00000 ( 1)
 379 C   0.97936 0.00255 0.01803 0.00006 ( 1)
 380 A   0.83235 0.01898 0.14824 0.00043 ( 1)
 381 S   0.09777 0.88024 0.00185 0.02014 ( 2)
 382 L   0.97725 0.00341 0.01926 0.00008 ( 1)
 383 K   0.14126 0.83665 0.00295 0.01914 ( 2)
 384 A   0.01009 0.96758 0.00019 0.02214 ( 2)
 385 E   0.45508 0.52427 0.00865 0.01200 ( 2)
 386 Q   0.97166 0.01008 0.01803 0.00023 ( 1)
 387 P   0.91500 0.06584 0.01765 0.00151 ( 1)
 388 G   0.94537 0.03648 0.01732 0.00083 ( 1)
 389 L   0.97667 0.00399 0.01925 0.00009 ( 1)
 390 E   0.98128 0.00054 0.01817 0.00001 ( 1)
 391 E   0.98123 0.00058 0.01817 0.00001 ( 1)
 392 H   0.97747 0.00479 0.01763 0.00011 ( 1)
 393 V   0.98128 0.00061 0.01809 0.00001 ( 1)
 394 V   0.98114 0.00076 0.01808 0.00002 ( 1)
 395 G   0.98145 0.00056 0.01797 0.00001 ( 1)
 396 P   0.88808 0.09348 0.01630 0.00214 ( 1)
 397 R   0.98144 0.00051 0.01805 0.00001 ( 1)
 398 C   0.98154 0.00038 0.01807 0.00001 ( 1)
 399 P   0.98043 0.00158 0.01795 0.00004 ( 1)
 400 Q   0.97953 0.00154 0.01890 0.00004 ( 1)
 401 C   0.94214 0.03637 0.02066 0.00083 ( 1)
 402 D   0.98210 0.00025 0.01764 0.00001 ( 1)
 403 H   0.00040 0.97723 0.00001 0.02236 ( 2)
 404 I   0.89738 0.01236 0.08998 0.00028 ( 1)
 405 T   0.96209 0.01944 0.01802 0.00044 ( 1)
 406 L   0.97705 0.00361 0.01925 0.00008 ( 1)
 407 Q   0.97850 0.00257 0.01888 0.00006 ( 1)
 408 N   0.98134 0.00058 0.01806 0.00001 ( 1)
 409 V   0.97290 0.00864 0.01825 0.00020 ( 1)
 410 S   0.36487 0.55701 0.06538 0.01275 ( 2)
 411 A   0.93003 0.05206 0.01671 0.00119 ( 1)
 412 G   0.52154 0.45409 0.01399 0.01039 ( 1)
 413 L   0.95573 0.02486 0.01884 0.00057 ( 1)
 414 L   0.00000 0.97763 0.00000 0.02237 ( 2)
 415 H   0.92001 0.06198 0.01660 0.00142 ( 1)
 416 H   0.97931 0.00295 0.01767 0.00007 ( 1)
 417 R   0.82491 0.15517 0.01636 0.00355 ( 1)
 418 P   0.49907 0.47976 0.01019 0.01098 ( 1)
 419 F   0.98248 0.00021 0.01731 0.00000 ( 1)
 420 A   0.28383 0.69490 0.00536 0.01590 ( 2)
 421 A   0.97936 0.00300 0.01757 0.00007 ( 1)
 422 Y   0.98082 0.00085 0.01831 0.00002 ( 1)
 423 A   0.73611 0.24390 0.01441 0.00558 ( 1)
 424 A   0.97253 0.00899 0.01828 0.00021 ( 1)
 425 V   0.98128 0.00061 0.01809 0.00001 ( 1)
 426 Y   0.97991 0.00176 0.01829 0.00004 ( 1)
 427 S   0.97326 0.00544 0.02118 0.00012 ( 1)
 428 V   0.98128 0.00061 0.01809 0.00001 ( 1)
 429 A   0.98236 0.00023 0.01740 0.00001 ( 1)
 430 Q   0.97932 0.00175 0.01890 0.00004 ( 1)
 431 A   0.98240 0.00019 0.01740 0.00000 ( 1)
 432 L   0.97655 0.00411 0.01925 0.00009 ( 1)
 433 H   0.98200 0.00028 0.01772 0.00001 ( 1)
 434 N   0.98152 0.00041 0.01807 0.00001 ( 1)
 435 T   0.95436 0.02765 0.01736 0.00063 ( 1)
 436 L   0.97630 0.00436 0.01924 0.00010 ( 1)
 437 Q   0.03232 0.93992 0.00625 0.02151 ( 2)
 438 C   0.98154 0.00038 0.01807 0.00001 ( 1)
 439 S   0.69518 0.28548 0.01281 0.00653 ( 1)
 440 S   0.94562 0.03678 0.01675 0.00084 ( 1)
 441 S   0.97612 0.00529 0.01847 0.00012 ( 1)
 442 G   0.98156 0.00046 0.01797 0.00001 ( 1)
 443 C   0.98154 0.00038 0.01807 0.00001 ( 1)
 444 P   0.98215 0.00037 0.01748 0.00001 ( 1)
 445 A   0.00128 0.97618 0.00020 0.02234 ( 2)
 446 R   0.10349 0.87450 0.00200 0.02001 ( 2)
 447 E   0.94810 0.03409 0.01703 0.00078 ( 1)
 448 P   0.98221 0.00024 0.01754 0.00001 ( 1)
 449 V   0.98128 0.00061 0.01809 0.00001 ( 1)
 450 R   0.36097 0.61804 0.00685 0.01414 ( 2)
 451 -   0.81818 0.15946 0.01872 0.00365 ( 1)
 452 -   0.81818 0.15946 0.01872 0.00365 ( 1)
 453 -   0.81818 0.15946 0.01872 0.00365 ( 1)
 454 -   0.81818 0.15946 0.01872 0.00365 ( 1)
 455 -   0.81818 0.15946 0.01872 0.00365 ( 1)
 456 -   0.81818 0.15946 0.01872 0.00365 ( 1)
 457 P   0.97807 0.00443 0.01740 0.00010 ( 1)
 458 W   0.97821 0.00247 0.01927 0.00006 ( 1)
 459 Q   0.81435 0.16614 0.01571 0.00380 ( 1)
 460 L   0.46894 0.43100 0.09020 0.00986 ( 1)
 461 L   0.94719 0.03338 0.01867 0.00076 ( 1)
 462 E   0.07435 0.90354 0.00143 0.02067 ( 2)
 463 N   0.97297 0.00892 0.01791 0.00020 ( 1)
 464 M   0.75451 0.22684 0.01346 0.00519 ( 1)
 465 Y   0.87016 0.11105 0.01625 0.00254 ( 1)
 466 N   0.97711 0.00480 0.01798 0.00011 ( 1)
 467 M   0.97622 0.00622 0.01741 0.00014 ( 1)
 468 S   0.97820 0.00392 0.01779 0.00009 ( 1)
 469 F   0.98256 0.00013 0.01731 0.00000 ( 1)
 470 -   0.81818 0.15946 0.01872 0.00365 ( 1)
 471 R   0.05853 0.91935 0.00109 0.02104 ( 2)
 472 A   0.00019 0.97744 0.00000 0.02237 ( 2)
 473 G   0.04972 0.92816 0.00088 0.02124 ( 2)
 474 G   0.97176 0.00813 0.01992 0.00019 ( 1)
 475 L   0.79255 0.03852 0.16805 0.00088 ( 1)
 476 E   0.00066 0.97687 0.00012 0.02235 ( 2)
 477 L   0.90766 0.07278 0.01789 0.00167 ( 1)
 478 R   0.94878 0.02968 0.02086 0.00068 ( 1)
 479 F   0.97136 0.00749 0.02098 0.00017 ( 1)
 480 D   0.94063 0.04152 0.01690 0.00095 ( 1)
 481 A   0.01672 0.96099 0.00031 0.02199 ( 2)
 482 G   0.50056 0.47932 0.00915 0.01097 ( 1)
 483 G   0.98019 0.00136 0.01841 0.00003 ( 1)
 484 N   0.98134 0.00058 0.01806 0.00001 ( 1)
 485 V   0.97971 0.00067 0.01961 0.00002 ( 1)
 486 N   0.97973 0.00261 0.01760 0.00006 ( 1)
 487 L   0.69644 0.28417 0.01289 0.00650 ( 1)
 488 K   0.97438 0.00740 0.01805 0.00017 ( 1)
 489 Y   0.06118 0.91670 0.00114 0.02098 ( 2)
 490 D   0.94223 0.03993 0.01693 0.00091 ( 1)
 491 L   0.94981 0.03077 0.01872 0.00070 ( 1)
 492 K   0.97132 0.01002 0.01843 0.00023 ( 1)
 493 L   0.68245 0.29729 0.01345 0.00680 ( 1)
 494 W   0.72256 0.25732 0.01423 0.00589 ( 1)
 495 V   0.97459 0.00728 0.01796 0.00017 ( 1)
 496 W   0.97821 0.00247 0.01927 0.00006 ( 1)
 497 R   0.00951 0.96816 0.00018 0.02215 ( 2)
 498 D   0.09994 0.87814 0.00183 0.02009 ( 2)
 499 P   0.00167 0.97597 0.00003 0.02233 ( 2)
 500 T   0.69579 0.28487 0.01283 0.00652 ( 1)
 501 P   0.98205 0.00039 0.01756 0.00001 ( 1)
 502 E   0.00313 0.97452 0.00006 0.02230 ( 2)
 503 L   0.98001 0.00066 0.01931 0.00002 ( 1)
 504 R   0.62429 0.35626 0.01130 0.00815 ( 1)
 505 T   0.00076 0.97688 0.00002 0.02235 ( 2)
 506 V   0.98128 0.00061 0.01809 0.00001 ( 1)
 507 G   0.98156 0.00046 0.01797 0.00001 ( 1)
 508 T   0.00423 0.97303 0.00048 0.02226 ( 2)
 509 F   0.98256 0.00013 0.01731 0.00000 ( 1)
 510 N   0.97484 0.00706 0.01794 0.00016 ( 1)
 511 G   0.88247 0.09910 0.01616 0.00227 ( 1)
 512 S   0.11976 0.85841 0.00219 0.01964 ( 2)
 513 L   0.97842 0.00385 0.01764 0.00009 ( 1)
 514 W   0.02527 0.95244 0.00050 0.02179 ( 2)
 515 -   0.81818 0.15946 0.01872 0.00365 ( 1)
 516 L   0.00973 0.96794 0.00018 0.02215 ( 2)
 517 Q   0.89870 0.08276 0.01664 0.00189 ( 1)
 518 R   0.91001 0.07162 0.01673 0.00164 ( 1)
 519 S   0.00088 0.97676 0.00002 0.02235 ( 2)
 520 K   0.97181 0.00953 0.01844 0.00022 ( 1)
 521 I   0.98115 0.00131 0.01750 0.00003 ( 1)
 522 C   0.00090 0.97674 0.00002 0.02235 ( 2)
 523 W   0.97821 0.00247 0.01927 0.00006 ( 1)
 524 H   0.98164 0.00064 0.01771 0.00001 ( 1)
 525 T   0.95886 0.01937 0.02134 0.00044 ( 1)
 526 H   0.02300 0.95475 0.00041 0.02185 ( 2)
 527 S   0.00594 0.97172 0.00011 0.02223 ( 2)
 528 N   0.98097 0.00094 0.01807 0.00002 ( 1)
 529 R   0.82140 0.15911 0.01585 0.00364 ( 1)
 530 V   0.00002 0.97761 0.00000 0.02237 ( 2)
 531 P   0.98081 0.00170 0.01745 0.00004 ( 1)
 532 V   0.91692 0.06470 0.01690 0.00148 ( 1)
 533 S   0.97751 0.00450 0.01788 0.00010 ( 1)
 534 Q   0.75507 0.22521 0.01457 0.00515 ( 1)
 535 C   0.98154 0.00038 0.01807 0.00001 ( 1)
 536 S   0.97153 0.00987 0.01838 0.00023 ( 1)
 537 Q   0.36815 0.61087 0.00700 0.01398 ( 2)
 538 Q   0.80867 0.17180 0.01560 0.00393 ( 1)
 539 C   0.98105 0.00087 0.01806 0.00002 ( 1)
 540 Q   0.38337 0.59560 0.00740 0.01363 ( 2)
 541 E   0.96452 0.01722 0.01786 0.00039 ( 1)
 542 G   0.98104 0.00098 0.01796 0.00002 ( 1)
 543 Q   0.97816 0.00290 0.01887 0.00007 ( 1)
 544 V   0.98065 0.00125 0.01808 0.00003 ( 1)
 545 R   0.98087 0.00107 0.01804 0.00002 ( 1)
 546 R   0.97265 0.00866 0.01850 0.00020 ( 1)
 547 V   0.98154 0.00083 0.01761 0.00002 ( 1)
 548 K   0.97268 0.00867 0.01845 0.00020 ( 1)
 549 G   0.98090 0.00112 0.01796 0.00003 ( 1)
 550 F   0.98136 0.00132 0.01729 0.00003 ( 1)
 551 H   0.93030 0.05173 0.01678 0.00118 ( 1)
 552 S   0.97811 0.00390 0.01790 0.00009 ( 1)
 553 C   0.91323 0.06839 0.01681 0.00156 ( 1)
 554 C   0.91323 0.06839 0.01681 0.00156 ( 1)
 555 Y   0.97408 0.00756 0.01819 0.00017 ( 1)
 556 D   0.98210 0.00025 0.01764 0.00001 ( 1)
 557 C   0.97835 0.00299 0.01858 0.00007 ( 1)
 558 V   0.97687 0.00143 0.02167 0.00003 ( 1)
 559 D   0.98210 0.00025 0.01764 0.00001 ( 1)
 560 C   0.98148 0.00042 0.01809 0.00001 ( 1)
 561 K   0.49336 0.48637 0.00914 0.01113 ( 1)
 562 P   0.87386 0.10439 0.01937 0.00239 ( 1)
 563 G   0.98156 0.00046 0.01797 0.00001 ( 1)
 564 S   0.98153 0.00050 0.01795 0.00001 ( 1)
 565 Y   0.98111 0.00056 0.01832 0.00001 ( 1)
 566 Q   0.73717 0.24077 0.01655 0.00551 ( 1)
 567 -   0.81818 0.15946 0.01872 0.00365 ( 1)
 568 H   0.00723 0.97043 0.00013 0.02220 ( 2)
 569 S   0.60435 0.37592 0.01113 0.00860 ( 1)
 570 P   0.11122 0.86649 0.00247 0.01983 ( 2)
 571 -   0.81818 0.15946 0.01872 0.00365 ( 1)
 572 -   0.81818 0.15946 0.01872 0.00365 ( 1)
 573 E   0.16776 0.81068 0.00301 0.01855 ( 2)
 574 D   0.97776 0.00457 0.01757 0.00010 ( 1)
 575 P   0.00016 0.97747 0.00000 0.02237 ( 2)
 576 T   0.00205 0.97559 0.00004 0.02232 ( 2)
 577 C   0.92992 0.05178 0.01712 0.00118 ( 1)
 578 T   0.69822 0.28261 0.01270 0.00647 ( 1)
 579 P   0.00000 0.97763 0.00000 0.02237 ( 2)
 580 C   0.78141 0.19963 0.01438 0.00457 ( 1)
 581 R   0.00000 0.97763 0.00000 0.02237 ( 2)
 582 K   0.00717 0.97049 0.00013 0.02221 ( 2)
 583 D   0.51994 0.46019 0.00935 0.01053 ( 1)
 584 Q   0.48385 0.49547 0.00934 0.01134 ( 2)
 585 W   0.91626 0.06423 0.01805 0.00147 ( 1)
 586 S   0.98169 0.00035 0.01796 0.00001 ( 1)
 587 P   0.98149 0.00049 0.01801 0.00001 ( 1)
 588 Q   0.49305 0.40598 0.09168 0.00929 ( 1)
 589 R   0.98001 0.00132 0.01864 0.00003 ( 1)
 590 S   0.98171 0.00033 0.01795 0.00001 ( 1)
 591 R   0.31574 0.66208 0.00703 0.01515 ( 2)
 592 K   0.52060 0.45932 0.00957 0.01051 ( 1)
 593 C   0.98154 0.00038 0.01807 0.00001 ( 1)
 594 F   0.98256 0.00013 0.01731 0.00000 ( 1)
 595 S   0.01248 0.96323 0.00225 0.02204 ( 2)
 596 R   0.98095 0.00099 0.01804 0.00002 ( 1)
 597 R   0.96643 0.01486 0.01838 0.00034 ( 1)
 598 H   0.00768 0.96996 0.00017 0.02219 ( 2)
 599 T   0.66578 0.31437 0.01266 0.00719 ( 1)
 600 F   0.98105 0.00162 0.01729 0.00004 ( 1)
 601 L   0.93375 0.04678 0.01840 0.00107 ( 1)
 602 A   0.17116 0.80689 0.00349 0.01846 ( 2)
 603 W   0.52338 0.45588 0.01031 0.01043 ( 1)
 604 G   0.97510 0.00662 0.01812 0.00015 ( 1)
 605 D   0.39289 0.58641 0.00728 0.01342 ( 2)
 606 P   0.90750 0.07419 0.01662 0.00170 ( 1)
 607 T   0.80262 0.17577 0.01759 0.00402 ( 1)
 608 V   0.97423 0.00764 0.01796 0.00017 ( 1)
 609 L   0.97685 0.00381 0.01925 0.00009 ( 1)
 610 V   0.00223 0.97541 0.00004 0.02232 ( 2)
 611 L   0.71277 0.26708 0.01405 0.00611 ( 1)
 612 L   0.93551 0.04656 0.01686 0.00107 ( 1)
 613 L   0.80964 0.17051 0.01596 0.00390 ( 1)
 614 L   0.89953 0.08089 0.01773 0.00185 ( 1)
 615 L   0.93026 0.05025 0.01833 0.00115 ( 1)
 616 G   0.32907 0.65003 0.00603 0.01487 ( 2)
 617 L   0.97502 0.00564 0.01921 0.00013 ( 1)
 618 V   0.95002 0.02828 0.02106 0.00065 ( 1)
 619 L   0.97725 0.00341 0.01926 0.00008 ( 1)
 620 A   0.97425 0.00729 0.01830 0.00017 ( 1)
 621 L   0.96680 0.01170 0.02123 0.00027 ( 1)
 622 V   0.98128 0.00061 0.01809 0.00001 ( 1)
 623 L   0.89953 0.08089 0.01773 0.00185 ( 1)
 624 A   0.95321 0.02853 0.01762 0.00065 ( 1)
 625 A   0.30260 0.62911 0.05390 0.01439 ( 2)
 626 L   0.92825 0.05226 0.01829 0.00120 ( 1)
 627 G   0.98053 0.00103 0.01842 0.00002 ( 1)
 628 L   0.64220 0.33657 0.01353 0.00770 ( 1)
 629 F   0.96020 0.02237 0.01692 0.00051 ( 1)
 630 V   0.00128 0.97636 0.00003 0.02234 ( 2)
 631 H   0.54199 0.43697 0.01104 0.01000 ( 1)
 632 H   0.97140 0.00736 0.02107 0.00017 ( 1)
 633 R   0.12234 0.85575 0.00233 0.01958 ( 2)
 634 N   0.65657 0.32421 0.01180 0.00742 ( 1)
 635 S   0.93012 0.05169 0.01701 0.00118 ( 1)
 636 P   0.95375 0.02454 0.02115 0.00056 ( 1)
 637 L   0.85639 0.12170 0.01912 0.00278 ( 1)
 638 V   0.47985 0.49822 0.01053 0.01140 ( 2)
 639 Q   0.79582 0.18460 0.01535 0.00422 ( 1)
 640 A   0.98240 0.00019 0.01740 0.00000 ( 1)
 641 S   0.93006 0.05113 0.01764 0.00117 ( 1)
 642 G   0.71849 0.26202 0.01349 0.00600 ( 1)
 643 G   0.84566 0.13555 0.01569 0.00310 ( 1)
 644 L   0.00577 0.97189 0.00010 0.02224 ( 2)
 645 L   0.89953 0.08089 0.01773 0.00185 ( 1)
 646 A   0.97348 0.00907 0.01725 0.00021 ( 1)
 647 C   0.91059 0.07102 0.01676 0.00163 ( 1)
 648 F   0.55379 0.42668 0.00976 0.00976 ( 1)
 649 G   0.52116 0.45879 0.00954 0.01050 ( 1)
 650 L   0.84078 0.13946 0.01657 0.00319 ( 1)
 651 A   0.54810 0.43218 0.00983 0.00989 ( 1)
 652 C   0.96812 0.01041 0.02123 0.00024 ( 1)
 653 L   0.91107 0.06939 0.01795 0.00159 ( 1)
 654 G   0.90285 0.07881 0.01653 0.00180 ( 1)
 655 L   0.95377 0.02682 0.01880 0.00061 ( 1)
 656 V   0.97678 0.00492 0.01819 0.00011 ( 1)
 657 C   0.98154 0.00038 0.01807 0.00001 ( 1)
 658 L   0.92015 0.05831 0.02021 0.00133 ( 1)
 659 S   0.87396 0.10751 0.01606 0.00246 ( 1)
 660 G   0.56039 0.41995 0.01005 0.00961 ( 1)
 661 L   0.92883 0.05321 0.01674 0.00122 ( 1)
 662 L   0.85362 0.12666 0.01682 0.00290 ( 1)
 663 F   0.96761 0.01500 0.01705 0.00034 ( 1)
 664 P   0.86966 0.11065 0.01715 0.00253 ( 1)
 665 G   0.98091 0.00065 0.01842 0.00001 ( 1)
 666 R   0.72294 0.25722 0.01395 0.00589 ( 1)
 667 P   0.98142 0.00109 0.01746 0.00003 ( 1)
 668 S   0.93253 0.04929 0.01705 0.00113 ( 1)
 669 P   0.97352 0.00502 0.02135 0.00011 ( 1)
 670 A   0.91953 0.06249 0.01656 0.00143 ( 1)
 671 S   0.45376 0.52586 0.00834 0.01203 ( 2)
 672 C   0.98139 0.00053 0.01807 0.00001 ( 1)
 673 L   0.65499 0.32464 0.01295 0.00743 ( 1)
 674 A   0.98080 0.00178 0.01738 0.00004 ( 1)
 675 Q   0.95905 0.02194 0.01850 0.00050 ( 1)
 676 Q   0.96299 0.01801 0.01858 0.00041 ( 1)
 677 P   0.97447 0.00801 0.01734 0.00018 ( 1)
 678 L   0.31143 0.66637 0.00695 0.01525 ( 2)
 679 C   0.84128 0.14012 0.01539 0.00321 ( 1)
 680 H   0.65152 0.32898 0.01197 0.00753 ( 1)
 681 L   0.98148 0.00081 0.01769 0.00002 ( 1)
 682 P   0.96720 0.01115 0.02140 0.00026 ( 1)
 683 L   0.98127 0.00093 0.01778 0.00002 ( 1)
 684 T   0.97913 0.00243 0.01838 0.00006 ( 1)
 685 G   0.98104 0.00098 0.01796 0.00002 ( 1)
 686 C   0.98105 0.00087 0.01806 0.00002 ( 1)
 687 L   0.97502 0.00564 0.01921 0.00013 ( 1)
 688 S   0.98129 0.00075 0.01795 0.00002 ( 1)
 689 T   0.90473 0.07346 0.02013 0.00168 ( 1)
 690 L   0.96731 0.01491 0.01744 0.00034 ( 1)
 691 F   0.94514 0.03736 0.01665 0.00085 ( 1)
 692 L   0.97502 0.00564 0.01921 0.00013 ( 1)
 693 Q   0.97818 0.00288 0.01887 0.00007 ( 1)
 694 A   0.97862 0.00326 0.01805 0.00007 ( 1)
 695 A   0.98008 0.00054 0.01937 0.00001 ( 1)
 696 E   0.96882 0.01295 0.01794 0.00030 ( 1)
 697 T   0.80828 0.17307 0.01470 0.00396 ( 1)
 698 F   0.98212 0.00051 0.01735 0.00001 ( 1)
 699 V   0.86796 0.11345 0.01600 0.00260 ( 1)
 700 E   0.98051 0.00126 0.01820 0.00003 ( 1)
 701 S   0.96390 0.01747 0.01824 0.00040 ( 1)
 702 E   0.97788 0.00391 0.01811 0.00009 ( 1)
 703 L   0.97240 0.00817 0.01925 0.00019 ( 1)
 704 P   0.96973 0.00880 0.02127 0.00020 ( 1)
 705 P   0.00894 0.96727 0.00165 0.02213 ( 2)
 706 S   0.93526 0.04657 0.01710 0.00107 ( 1)
 707 W   0.95204 0.02855 0.01875 0.00065 ( 1)
 708 A   0.29495 0.68289 0.00654 0.01563 ( 2)
 709 D   0.95288 0.02933 0.01712 0.00067 ( 1)
 710 R   0.93197 0.04918 0.01772 0.00113 ( 1)
 711 L   0.94751 0.03301 0.01872 0.00076 ( 1)
 712 H   0.10578 0.85439 0.02029 0.01955 ( 2)
 713 S   0.97758 0.00441 0.01790 0.00010 ( 1)
 714 R   0.92739 0.05430 0.01707 0.00124 ( 1)
 715 L   0.97725 0.00341 0.01926 0.00008 ( 1)
 716 R   0.95775 0.02350 0.01821 0.00054 ( 1)
 717 G   0.98044 0.00111 0.01842 0.00003 ( 1)
 718 P   0.98003 0.00224 0.01769 0.00005 ( 1)
 719 C   0.75819 0.22229 0.01443 0.00509 ( 1)
 720 A   0.98240 0.00019 0.01740 0.00000 ( 1)
 721 W   0.97821 0.00247 0.01927 0.00006 ( 1)
 722 M   0.94335 0.03720 0.01859 0.00085 ( 1)
 723 V   0.58644 0.39383 0.01072 0.00901 ( 1)
 724 V   0.98128 0.00061 0.01809 0.00001 ( 1)
 725 V   0.94619 0.03435 0.01867 0.00079 ( 1)
 726 L   0.97630 0.00436 0.01924 0.00010 ( 1)
 727 A   0.98049 0.00210 0.01737 0.00005 ( 1)
 728 L   0.22854 0.75022 0.00408 0.01717 ( 2)
 729 L   0.97725 0.00341 0.01926 0.00008 ( 1)
 730 V   0.98111 0.00079 0.01808 0.00002 ( 1)
 731 E   0.98128 0.00054 0.01817 0.00001 ( 1)
 732 A   0.97586 0.00662 0.01737 0.00015 ( 1)
 733 A   0.96950 0.01156 0.01868 0.00026 ( 1)
 734 L   0.97725 0.00341 0.01926 0.00008 ( 1)
 735 C   0.98077 0.00110 0.01810 0.00003 ( 1)
 736 A   0.57664 0.40390 0.01022 0.00924 ( 1)
 737 W   0.97821 0.00247 0.01927 0.00006 ( 1)
 738 Y   0.98111 0.00056 0.01832 0.00001 ( 1)
 739 L   0.97725 0.00341 0.01926 0.00008 ( 1)
 740 I   0.00534 0.97231 0.00011 0.02225 ( 2)
 741 A   0.98230 0.00029 0.01740 0.00001 ( 1)
 742 F   0.98250 0.00014 0.01735 0.00000 ( 1)
 743 R   0.96577 0.01263 0.02132 0.00029 ( 1)
 744 P   0.96731 0.01206 0.02035 0.00028 ( 1)
 745 E   0.98128 0.00054 0.01817 0.00001 ( 1)
 746 V   0.98105 0.00085 0.01808 0.00002 ( 1)
 747 V   0.98128 0.00061 0.01809 0.00001 ( 1)
 748 M   0.49574 0.48311 0.01010 0.01105 ( 1)
 749 D   0.98210 0.00025 0.01764 0.00001 ( 1)
 750 W   0.97821 0.00247 0.01927 0.00006 ( 1)
 751 H   0.53309 0.44687 0.00981 0.01023 ( 1)
 752 V   0.90626 0.07532 0.01671 0.00172 ( 1)
 753 L   0.97704 0.00363 0.01925 0.00008 ( 1)
 754 P   0.98230 0.00021 0.01748 0.00000 ( 1)
 755 T   0.93675 0.04356 0.01870 0.00100 ( 1)
 756 K   0.97613 0.00566 0.01808 0.00013 ( 1)
 757 A   0.97276 0.00647 0.02061 0.00015 ( 1)
 758 L   0.97705 0.00361 0.01925 0.00008 ( 1)
 759 V   0.96384 0.01785 0.01790 0.00041 ( 1)
 760 H   0.98200 0.00028 0.01772 0.00001 ( 1)
 761 C   0.97771 0.00083 0.02144 0.00002 ( 1)
 762 R   0.97643 0.00523 0.01822 0.00012 ( 1)
 763 V   0.00042 0.97721 0.00001 0.02236 ( 2)
 764 H   0.96808 0.00996 0.02173 0.00023 ( 1)
 765 S   0.98171 0.00032 0.01796 0.00001 ( 1)
 766 W   0.97821 0.00247 0.01927 0.00006 ( 1)
 767 A   0.97777 0.00458 0.01754 0.00010 ( 1)
 768 G   0.94853 0.03336 0.01735 0.00076 ( 1)
 769 L   0.96972 0.01290 0.01709 0.00030 ( 1)
 770 G   0.98156 0.00046 0.01797 0.00001 ( 1)
 771 L   0.97707 0.00359 0.01926 0.00008 ( 1)
 772 V   0.97278 0.00908 0.01793 0.00021 ( 1)
 773 H   0.98159 0.00063 0.01777 0.00001 ( 1)
 774 T   0.83328 0.01792 0.14839 0.00041 ( 1)
 775 L   0.69730 0.28354 0.01268 0.00649 ( 1)
 776 N   0.97405 0.00452 0.02132 0.00010 ( 1)
 777 A   0.98235 0.00024 0.01740 0.00001 ( 1)
 778 I   0.04640 0.93133 0.00096 0.02131 ( 2)
 779 L   0.97725 0.00341 0.01926 0.00008 ( 1)
 780 A   0.98173 0.00085 0.01739 0.00002 ( 1)
 781 S   0.98000 0.00267 0.01727 0.00006 ( 1)
 782 L   0.98097 0.00131 0.01769 0.00003 ( 1)
 783 C   0.97758 0.00428 0.01804 0.00010 ( 1)
 784 F   0.98253 0.00015 0.01731 0.00000 ( 1)
 785 L   0.97620 0.00446 0.01924 0.00010 ( 1)
 786 G   0.98136 0.00065 0.01797 0.00001 ( 1)
 787 T   0.98180 0.00034 0.01785 0.00001 ( 1)
 788 F   0.98256 0.00013 0.01731 0.00000 ( 1)
 789 L   0.97725 0.00341 0.01926 0.00008 ( 1)
 790 V   0.98105 0.00085 0.01808 0.00002 ( 1)
 791 R   0.75614 0.22415 0.01459 0.00513 ( 1)
 792 S   0.98171 0.00033 0.01795 0.00001 ( 1)
 793 Q   0.18999 0.78830 0.00367 0.01804 ( 2)
 794 P   0.98085 0.00143 0.01769 0.00003 ( 1)
 795 G   0.89897 0.08267 0.01646 0.00189 ( 1)
 796 R   0.97683 0.00509 0.01796 0.00012 ( 1)
 797 Y   0.98111 0.00056 0.01832 0.00001 ( 1)
 798 S   0.97765 0.00426 0.01799 0.00010 ( 1)
 799 R   0.77454 0.20648 0.01425 0.00472 ( 1)
 800 A   0.98240 0.00019 0.01740 0.00000 ( 1)
 801 R   0.95542 0.02299 0.02107 0.00053 ( 1)
 802 G   0.98156 0.00046 0.01797 0.00001 ( 1)
 803 L   0.97677 0.00549 0.01761 0.00013 ( 1)
 804 T   0.98186 0.00028 0.01785 0.00001 ( 1)
 805 F   0.96417 0.01717 0.01827 0.00039 ( 1)
 806 A   0.98239 0.00020 0.01740 0.00000 ( 1)
 807 T   0.57745 0.40266 0.01068 0.00921 ( 1)
 808 L   0.97725 0.00341 0.01926 0.00008 ( 1)
 809 A   0.98230 0.00029 0.01740 0.00001 ( 1)
 810 Y   0.97717 0.00118 0.02162 0.00003 ( 1)
 811 L   0.97998 0.00270 0.01727 0.00006 ( 1)
 812 I   0.98263 0.00012 0.01725 0.00000 ( 1)
 813 T   0.97908 0.00305 0.01780 0.00007 ( 1)
 814 W   0.97821 0.00247 0.01927 0.00006 ( 1)
 815 V   0.98204 0.00034 0.01762 0.00001 ( 1)
 816 S   0.98171 0.00032 0.01796 0.00001 ( 1)
 817 F   0.98246 0.00022 0.01731 0.00001 ( 1)
 818 V   0.98128 0.00061 0.01809 0.00001 ( 1)
 819 P   0.98205 0.00046 0.01747 0.00001 ( 1)
 820 L   0.98191 0.00038 0.01770 0.00001 ( 1)
 821 L   0.97725 0.00341 0.01926 0.00008 ( 1)
 822 A   0.98240 0.00019 0.01740 0.00000 ( 1)
 823 N   0.97565 0.00625 0.01796 0.00014 ( 1)
 824 V   0.96229 0.01953 0.01774 0.00045 ( 1)
 825 Q   0.82736 0.01301 0.15933 0.00030 ( 1)
 826 V   0.98128 0.00061 0.01809 0.00001 ( 1)
 827 A   0.97642 0.00420 0.01929 0.00010 ( 1)
 828 H   0.51107 0.46899 0.00921 0.01073 ( 1)
 829 Q   0.95535 0.02589 0.01817 0.00059 ( 1)
 830 P   0.97969 0.00081 0.01948 0.00002 ( 1)
 831 A   0.98205 0.00026 0.01768 0.00001 ( 1)
 832 V   0.81990 0.05571 0.12312 0.00127 ( 1)
 833 Q   0.97953 0.00154 0.01890 0.00004 ( 1)
 834 M   0.98230 0.00017 0.01752 0.00000 ( 1)
 835 G   0.97917 0.00283 0.01793 0.00006 ( 1)
 836 A   0.98239 0.00021 0.01740 0.00000 ( 1)
 837 V   0.92059 0.06177 0.01622 0.00141 ( 1)
 838 L   0.97725 0.00210 0.02060 0.00005 ( 1)
 839 F   0.97089 0.00761 0.02132 0.00017 ( 1)
 840 C   0.94218 0.03957 0.01735 0.00091 ( 1)
 841 A   0.93233 0.04958 0.01696 0.00113 ( 1)
 842 L   0.97725 0.00341 0.01926 0.00008 ( 1)
 843 G   0.98156 0.00046 0.01797 0.00001 ( 1)
 844 I   0.98233 0.00042 0.01724 0.00001 ( 1)
 845 L   0.97725 0.00341 0.01926 0.00008 ( 1)
 846 V   0.96293 0.01956 0.01706 0.00045 ( 1)
 847 A   0.98240 0.00019 0.01740 0.00000 ( 1)
 848 F   0.95810 0.02446 0.01688 0.00056 ( 1)
 849 H   0.98200 0.00028 0.01772 0.00001 ( 1)
 850 L   0.97687 0.00373 0.01931 0.00009 ( 1)
 851 P   0.97981 0.00028 0.01990 0.00001 ( 1)
 852 K   0.96248 0.01593 0.02122 0.00036 ( 1)
 853 C   0.97145 0.00709 0.02130 0.00016 ( 1)
 854 Y   0.98111 0.00056 0.01832 0.00001 ( 1)
 855 L   0.97566 0.00370 0.02055 0.00008 ( 1)
 856 L   0.98113 0.00116 0.01769 0.00003 ( 1)
 857 V   0.03886 0.93889 0.00077 0.02148 ( 2)
 858 R   0.27111 0.70737 0.00534 0.01619 ( 2)
