Supplemental results for CODEML (seqf: Human_TAS1R3_orthologues_DNA_aligned.txt  treef: TAS1R3_revised_tree_following_error_message.txt)


MLEs of dN/dS (w) for site classes (K=4)

site class             0        1       2a       2b
proportion       0.83265  0.16258  0.00399  0.00078
background w     0.10060  1.00000  0.10060  1.00000
foreground w     0.10060  1.00000  7.02694  7.02694

Naive Empirical Bayes (NEB) probabilities for 4 classes
(amino acids refer to 1st sequence: 1.Bushbaby)

   1 -   0.84413 0.15111 0.00404 0.00072 ( 1)
   2 -   0.84121 0.15403 0.00403 0.00074 ( 1)
   3 -   0.84439 0.15084 0.00404 0.00072 ( 1)
   4 -   0.84371 0.15153 0.00404 0.00073 ( 1)
   5 -   0.84142 0.15381 0.00403 0.00074 ( 1)
   6 -   0.83412 0.16111 0.00399 0.00077 ( 1)
   7 -   0.84459 0.15064 0.00404 0.00072 ( 1)
   8 -   0.84323 0.15200 0.00404 0.00073 ( 1)
   9 -   0.83739 0.15784 0.00401 0.00076 ( 1)
  10 -   0.35317 0.64207 0.00169 0.00307 ( 2)
  11 -   0.84267 0.15257 0.00404 0.00073 ( 1)
  12 -   0.83971 0.15552 0.00402 0.00074 ( 1)
  13 -   0.83971 0.15552 0.00402 0.00074 ( 1)
  14 -   0.83478 0.16045 0.00400 0.00077 ( 1)
  15 -   0.84323 0.15201 0.00404 0.00073 ( 1)
  16 -   0.84459 0.15064 0.00404 0.00072 ( 1)
  17 -   0.83436 0.16088 0.00400 0.00077 ( 1)
  18 -   0.84459 0.15064 0.00404 0.00072 ( 1)
  19 M   0.99875 0.00018 0.00107 0.00000 ( 1)
  20 P   0.89319 0.10475 0.00181 0.00025 ( 1)
  21 G   0.09809 0.90021 0.00014 0.00156 ( 2)
  22 P   0.26033 0.73832 0.00030 0.00106 ( 2)
  23 A   0.54109 0.29509 0.15514 0.00868 ( 1)
  24 V   0.99824 0.00035 0.00141 0.00000 ( 1)
  25 L   0.99333 0.00379 0.00287 0.00001 ( 1)
  26 G   0.99815 0.00047 0.00138 0.00000 ( 1)
  27 F   0.93656 0.06198 0.00134 0.00011 ( 1)
  28 S   0.99851 0.00033 0.00115 0.00000 ( 1)
  29 L   0.99818 0.00039 0.00143 0.00000 ( 1)
  30 A   0.69517 0.30302 0.00120 0.00061 ( 1)
  31 T   0.18449 0.78052 0.02339 0.01159 ( 2)
  32 L   0.67843 0.32001 0.00097 0.00059 ( 1)
  33 L   0.99244 0.00550 0.00205 0.00001 ( 1)
  34 G   0.07657 0.92188 0.00009 0.00145 ( 2)
  35 F   0.00201 0.99554 0.00000 0.00245 ( 2)
  36 G   0.88352 0.11501 0.00128 0.00020 ( 1)
  37 T   0.32038 0.67568 0.00124 0.00270 ( 2)
  38 G   0.99760 0.00086 0.00153 0.00000 ( 1)
  39 A   0.97110 0.02769 0.00117 0.00004 ( 1)
  40 P   0.95924 0.03697 0.00365 0.00015 ( 1)
  41 L   0.84170 0.05624 0.10129 0.00077 ( 1)
  42 C   0.99842 0.00039 0.00118 0.00000 ( 1)
  43 L   0.99449 0.00349 0.00202 0.00001 ( 1)
  44 S   0.92545 0.07058 0.00368 0.00029 ( 1)
  45 Q   0.62179 0.37638 0.00105 0.00078 ( 1)
  46 Q   0.98221 0.01425 0.00348 0.00005 ( 1)
  47 L   0.98914 0.00826 0.00259 0.00002 ( 1)
  48 R   0.86765 0.13092 0.00121 0.00022 ( 1)
  49 M   0.99875 0.00018 0.00107 0.00000 ( 1)
  50 P   0.02590 0.97243 0.00004 0.00163 ( 2)
  51 G   0.99760 0.00086 0.00153 0.00000 ( 1)
  52 N   0.99577 0.00299 0.00123 0.00000 ( 1)
  53 Y   0.99698 0.00176 0.00126 0.00000 ( 1)
  54 V   0.09484 0.89186 0.00583 0.00747 ( 2)
  55 L   0.99352 0.00445 0.00202 0.00001 ( 1)
  56 G   0.99615 0.00232 0.00153 0.00000 ( 1)
  57 G   0.99760 0.00086 0.00153 0.00000 ( 1)
  58 L   0.99624 0.00173 0.00202 0.00000 ( 1)
  59 F   0.99886 0.00013 0.00101 0.00000 ( 1)
  60 P   0.99855 0.00023 0.00122 0.00000 ( 1)
  61 L   0.97551 0.02040 0.00400 0.00009 ( 1)
  62 G   0.96881 0.02968 0.00146 0.00006 ( 1)
  63 A   0.69204 0.30649 0.00095 0.00052 ( 1)
  64 A   0.99850 0.00030 0.00120 0.00000 ( 1)
  65 E   0.92533 0.07311 0.00142 0.00014 ( 1)
  66 E   0.99238 0.00624 0.00137 0.00001 ( 1)
  67 A   0.93029 0.06621 0.00326 0.00024 ( 1)
  68 G   0.90458 0.09418 0.00109 0.00015 ( 1)
  69 L   0.95872 0.03967 0.00152 0.00009 ( 1)
  70 R   0.85355 0.14516 0.00106 0.00023 ( 1)
  71 T   0.92251 0.07632 0.00107 0.00011 ( 1)
  72 R   0.99688 0.00143 0.00168 0.00000 ( 1)
  73 T   0.66355 0.33508 0.00084 0.00052 ( 1)
  74 Q   0.85422 0.14405 0.00144 0.00029 ( 1)
  75 P   0.99856 0.00022 0.00122 0.00000 ( 1)
  76 S   0.93740 0.06143 0.00108 0.00009 ( 1)
  77 S   0.99550 0.00335 0.00115 0.00000 ( 1)
  78 P   0.95766 0.04087 0.00139 0.00008 ( 1)
  79 V   0.99149 0.00698 0.00151 0.00001 ( 1)
  80 C   0.99842 0.00039 0.00118 0.00000 ( 1)
  81 N   0.95413 0.04475 0.00106 0.00006 ( 1)
  82 -   0.83265 0.16258 0.00399 0.00078 ( 1)
  83 -   0.83265 0.16258 0.00399 0.00078 ( 1)
  84 -   0.83265 0.16258 0.00399 0.00078 ( 1)
  85 -   0.83265 0.16258 0.00399 0.00078 ( 1)
  86 -   0.83265 0.16258 0.00399 0.00078 ( 1)
  87 -   0.83265 0.16258 0.00399 0.00078 ( 1)
  88 -   0.83265 0.16258 0.00399 0.00078 ( 1)
  89 -   0.83265 0.16258 0.00399 0.00078 ( 1)
  90 -   0.83265 0.16258 0.00399 0.00078 ( 1)
  91 -   0.83265 0.16258 0.00399 0.00078 ( 1)
  92 R   0.99757 0.00098 0.00144 0.00000 ( 1)
  93 F   0.99878 0.00021 0.00101 0.00000 ( 1)
  94 S   0.99577 0.00310 0.00113 0.00000 ( 1)
  95 P   0.50292 0.49521 0.00087 0.00100 ( 1)
  96 L   0.17825 0.82029 0.00021 0.00125 ( 2)
  97 G   0.99814 0.00048 0.00138 0.00000 ( 1)
  98 L   0.99449 0.00349 0.00202 0.00001 ( 1)
  99 L   0.99812 0.00045 0.00143 0.00000 ( 1)
 100 W   0.99575 0.00252 0.00172 0.00001 ( 1)
 101 A   0.99137 0.00730 0.00132 0.00001 ( 1)
 102 L   0.99449 0.00349 0.00202 0.00001 ( 1)
 103 A   0.93386 0.06481 0.00119 0.00014 ( 1)
 104 M   0.99548 0.00345 0.00107 0.00000 ( 1)
 105 K   0.98448 0.01412 0.00137 0.00002 ( 1)
 106 M   0.99875 0.00018 0.00107 0.00000 ( 1)
 107 A   0.99793 0.00057 0.00150 0.00000 ( 1)
 108 V   0.99772 0.00076 0.00152 0.00000 ( 1)
 109 E   0.99807 0.00055 0.00138 0.00000 ( 1)
 110 E   0.99800 0.00060 0.00139 0.00000 ( 1)
 111 I   0.99887 0.00012 0.00101 0.00000 ( 1)
 112 N   0.99845 0.00039 0.00117 0.00000 ( 1)
 113 N   0.99824 0.00060 0.00117 0.00000 ( 1)
 114 G   0.03976 0.95748 0.00007 0.00268 ( 2)
 115 S   0.84345 0.01304 0.14326 0.00025 ( 1)
 116 T   0.58403 0.41462 0.00071 0.00064 ( 1)
 117 L   0.99449 0.00349 0.00202 0.00001 ( 1)
 118 L   0.99449 0.00349 0.00202 0.00001 ( 1)
 119 P   0.99794 0.00064 0.00141 0.00000 ( 1)
 120 G   0.99767 0.00080 0.00153 0.00000 ( 1)
 121 L   0.99449 0.00349 0.00202 0.00001 ( 1)
 122 Q   0.49155 0.50687 0.00069 0.00089 ( 2)
 123 L   0.98997 0.00800 0.00201 0.00002 ( 1)
 124 G   0.99815 0.00047 0.00138 0.00000 ( 1)
 125 Y   0.98992 0.00882 0.00125 0.00001 ( 1)
 126 D   0.99810 0.00068 0.00121 0.00000 ( 1)
 127 L   0.99818 0.00039 0.00143 0.00000 ( 1)
 128 F   0.99109 0.00570 0.00319 0.00002 ( 1)
 129 D   0.99681 0.00197 0.00121 0.00000 ( 1)
 130 T   0.99815 0.00058 0.00127 0.00000 ( 1)
 131 C   0.99842 0.00039 0.00118 0.00000 ( 1)
 132 S   0.99546 0.00315 0.00139 0.00001 ( 1)
 133 E   0.99807 0.00055 0.00138 0.00000 ( 1)
 134 P   0.61878 0.34411 0.03458 0.00252 ( 1)
 135 V   0.16410 0.01145 0.82380 0.00066 ( 3)
 136 V   0.99803 0.00056 0.00141 0.00000 ( 1)
 137 A   0.99618 0.00271 0.00111 0.00000 ( 1)
 138 M   0.99875 0.00018 0.00107 0.00000 ( 1)
 139 K   0.99763 0.00097 0.00140 0.00000 ( 1)
 140 P   0.99856 0.00022 0.00122 0.00000 ( 1)
 141 S   0.99778 0.00107 0.00115 0.00000 ( 1)
 142 L   0.99780 0.00077 0.00143 0.00000 ( 1)
 143 M   0.99715 0.00178 0.00107 0.00000 ( 1)
 144 F   0.99878 0.00021 0.00101 0.00000 ( 1)
 145 L   0.99449 0.00349 0.00202 0.00001 ( 1)
 146 A   0.99859 0.00021 0.00120 0.00000 ( 1)
 147 K   0.90643 0.09216 0.00126 0.00015 ( 1)
 148 A   0.00101 0.99708 0.00000 0.00191 ( 2)
 149 G   0.61145 0.38727 0.00072 0.00057 ( 1)
 150 S   0.99851 0.00033 0.00115 0.00000 ( 1)
 151 C   0.13202 0.86642 0.00016 0.00140 ( 2)
 152 S   0.25502 0.74351 0.00031 0.00115 ( 2)
 153 I   0.99507 0.00392 0.00101 0.00001 ( 1)
 154 A   0.99827 0.00053 0.00120 0.00000 ( 1)
 155 A   0.99860 0.00020 0.00120 0.00000 ( 1)
 156 Y   0.99810 0.00063 0.00127 0.00000 ( 1)
 157 C   0.99821 0.00060 0.00118 0.00000 ( 1)
 158 D   0.99451 0.00432 0.00116 0.00001 ( 1)
 159 Y   0.99787 0.00087 0.00126 0.00000 ( 1)
 160 A   0.98390 0.01483 0.00125 0.00002 ( 1)
 161 R   0.77079 0.22748 0.00128 0.00045 ( 1)
 162 Y   0.99817 0.00057 0.00126 0.00000 ( 1)
 163 Q   0.97566 0.02268 0.00161 0.00004 ( 1)
 164 P   0.99757 0.00121 0.00122 0.00000 ( 1)
 165 R   0.98889 0.00761 0.00347 0.00003 ( 1)
 166 V   0.99785 0.00063 0.00152 0.00000 ( 1)
 167 L   0.99392 0.00406 0.00202 0.00001 ( 1)
 168 A   0.98829 0.00875 0.00293 0.00003 ( 1)
 169 V   0.99824 0.00035 0.00141 0.00000 ( 1)
 170 I   0.99886 0.00013 0.00101 0.00000 ( 1)
 171 G   0.99752 0.00094 0.00153 0.00000 ( 1)
 172 P   0.99856 0.00022 0.00122 0.00000 ( 1)
 173 H   0.99848 0.00029 0.00124 0.00000 ( 1)
 174 S   0.99632 0.00128 0.00240 0.00000 ( 1)
 175 S   0.98302 0.01303 0.00390 0.00005 ( 1)
 176 E   0.99807 0.00055 0.00138 0.00000 ( 1)
 177 L   0.99804 0.00053 0.00143 0.00000 ( 1)
 178 A   0.99860 0.00020 0.00120 0.00000 ( 1)
 179 L   0.76227 0.23563 0.00155 0.00056 ( 1)
 180 I   0.99560 0.00298 0.00141 0.00001 ( 1)
 181 T   0.99712 0.00050 0.00238 0.00000 ( 1)
 182 G   0.99770 0.00069 0.00161 0.00000 ( 1)
 183 K   0.99763 0.00097 0.00140 0.00000 ( 1)
 184 F   0.99886 0.00013 0.00101 0.00000 ( 1)
 185 F   0.99872 0.00025 0.00103 0.00000 ( 1)
 186 G   0.87344 0.12513 0.00121 0.00022 ( 1)
 187 F   0.99886 0.00013 0.00101 0.00000 ( 1)
 188 F   0.99886 0.00013 0.00101 0.00000 ( 1)
 189 L   0.99818 0.00039 0.00143 0.00000 ( 1)
 190 M   0.99709 0.00184 0.00107 0.00000 ( 1)
 191 P   0.99832 0.00042 0.00125 0.00000 ( 1)
 192 Q   0.99677 0.00158 0.00165 0.00000 ( 1)
 193 V   0.99824 0.00035 0.00141 0.00000 ( 1)
 194 S   0.99851 0.00033 0.00115 0.00000 ( 1)
 195 Y   0.97802 0.02022 0.00171 0.00005 ( 1)
 196 G   0.99245 0.00602 0.00152 0.00001 ( 1)
 197 A   0.99006 0.00645 0.00346 0.00002 ( 1)
 198 S   0.99553 0.00331 0.00115 0.00000 ( 1)
 199 M   0.99875 0.00018 0.00107 0.00000 ( 1)
 200 D   0.99272 0.00607 0.00120 0.00001 ( 1)
 201 G   0.70164 0.29624 0.00142 0.00070 ( 1)
 202 L   0.99647 0.00150 0.00202 0.00000 ( 1)
 203 S   0.99817 0.00068 0.00115 0.00000 ( 1)
 204 I   0.96667 0.03221 0.00107 0.00005 ( 1)
 205 R   0.99705 0.00127 0.00168 0.00000 ( 1)
 206 E   0.99807 0.00055 0.00138 0.00000 ( 1)
 207 T   0.99861 0.00028 0.00111 0.00000 ( 1)
 208 F   0.99886 0.00013 0.00101 0.00000 ( 1)
 209 P   0.99856 0.00022 0.00122 0.00000 ( 1)
 210 S   0.99854 0.00033 0.00113 0.00000 ( 1)
 211 F   0.99886 0.00013 0.00101 0.00000 ( 1)
 212 F   0.99886 0.00013 0.00101 0.00000 ( 1)
 213 R   0.99808 0.00052 0.00140 0.00000 ( 1)
 214 T   0.98991 0.00881 0.00126 0.00001 ( 1)
 215 V   0.99783 0.00064 0.00152 0.00000 ( 1)
 216 P   0.99856 0.00022 0.00122 0.00000 ( 1)
 217 S   0.99444 0.00215 0.00340 0.00001 ( 1)
 218 D   0.99853 0.00026 0.00121 0.00000 ( 1)
 219 R   0.99204 0.00618 0.00177 0.00001 ( 1)
 220 T   0.90938 0.08906 0.00139 0.00017 ( 1)
 221 Q   0.99677 0.00158 0.00165 0.00000 ( 1)
 222 L   0.99449 0.00349 0.00202 0.00001 ( 1)
 223 L   0.00047 0.97450 0.00020 0.02483 ( 2)
 224 A   0.99814 0.00066 0.00120 0.00000 ( 1)
 225 V   0.04656 0.95096 0.00020 0.00228 ( 2)
 226 M   0.53231 0.46597 0.00081 0.00090 ( 1)
 227 K   0.98286 0.01576 0.00135 0.00003 ( 1)
 228 L   0.99449 0.00349 0.00202 0.00001 ( 1)
 229 L   0.99352 0.00445 0.00202 0.00001 ( 1)
 230 Q   0.97447 0.02387 0.00161 0.00005 ( 1)
 231 E   0.47882 0.51923 0.00080 0.00114 ( 2)
 232 F   0.99599 0.00211 0.00189 0.00000 ( 1)
 233 S   0.94399 0.05461 0.00130 0.00009 ( 1)
 234 W   0.99575 0.00252 0.00172 0.00001 ( 1)
 235 N   0.99845 0.00039 0.00117 0.00000 ( 1)
 236 W   0.99575 0.00252 0.00172 0.00001 ( 1)
 237 V   0.99785 0.00063 0.00152 0.00000 ( 1)
 238 A   0.99850 0.00030 0.00120 0.00000 ( 1)
 239 A   0.99856 0.00024 0.00120 0.00000 ( 1)
 240 L   0.99446 0.00351 0.00202 0.00001 ( 1)
 241 G   0.99815 0.00047 0.00138 0.00000 ( 1)
 242 S   0.99353 0.00531 0.00115 0.00001 ( 1)
 243 D   0.99810 0.00065 0.00125 0.00000 ( 1)
 244 D   0.99806 0.00073 0.00121 0.00000 ( 1)
 245 E   0.99800 0.00061 0.00140 0.00000 ( 1)
 246 Y   0.96626 0.03048 0.00315 0.00011 ( 1)
 247 G   0.99815 0.00047 0.00138 0.00000 ( 1)
 248 R   0.99570 0.00168 0.00261 0.00000 ( 1)
 249 Q   0.99653 0.00182 0.00165 0.00000 ( 1)
 250 G   0.99815 0.00047 0.00138 0.00000 ( 1)
 251 L   0.99218 0.00579 0.00201 0.00001 ( 1)
 252 S   0.99515 0.00369 0.00115 0.00001 ( 1)
 253 I   0.99777 0.00122 0.00101 0.00000 ( 1)
 254 F   0.99886 0.00013 0.00101 0.00000 ( 1)
 255 S   0.99623 0.00235 0.00141 0.00000 ( 1)
 256 S   0.13486 0.86346 0.00019 0.00150 ( 2)
 257 M   0.96447 0.03349 0.00196 0.00008 ( 1)
 258 A   0.99617 0.00043 0.00339 0.00000 ( 1)
 259 S   0.49356 0.50494 0.00066 0.00085 ( 2)
 260 T   0.39659 0.59957 0.00150 0.00234 ( 2)
 261 Q   0.81663 0.18190 0.00115 0.00032 ( 1)
 262 G   0.93245 0.06615 0.00129 0.00011 ( 1)
 263 I   0.99887 0.00012 0.00101 0.00000 ( 1)
 264 C   0.99802 0.00079 0.00118 0.00000 ( 1)
 265 I   0.99549 0.00021 0.00430 0.00000 ( 1)
 266 A   0.97706 0.01916 0.00370 0.00007 ( 1)
 267 H   0.99835 0.00042 0.00124 0.00000 ( 1)
 268 E   0.99807 0.00055 0.00138 0.00000 ( 1)
 269 G   0.99815 0.00047 0.00138 0.00000 ( 1)
 270 L   0.99428 0.00369 0.00202 0.00001 ( 1)
 271 V   0.99785 0.00063 0.00152 0.00000 ( 1)
 272 P   0.99713 0.00148 0.00139 0.00000 ( 1)
 273 L   0.99389 0.00408 0.00202 0.00001 ( 1)
 274 S   0.95850 0.04027 0.00117 0.00006 ( 1)
 275 S   0.04527 0.95095 0.00017 0.00361 ( 2)
 276 A   0.99672 0.00208 0.00120 0.00000 ( 1)
 277 N   0.46586 0.49480 0.03485 0.00449 ( 2)
 278 D   0.00090 0.99649 0.00001 0.00260 ( 2)
 279 L   0.00008 0.99780 0.00000 0.00212 ( 2)
 280 V   0.00298 0.99501 0.00001 0.00201 ( 2)
 281 M   0.21947 0.77842 0.00034 0.00177 ( 2)
 282 R   0.99100 0.00762 0.00137 0.00001 ( 1)
 283 K   0.99772 0.00089 0.00139 0.00000 ( 1)
 284 V   0.99785 0.00063 0.00152 0.00000 ( 1)
 285 Q   0.99677 0.00158 0.00165 0.00000 ( 1)
 286 A   0.65813 0.34038 0.00091 0.00058 ( 1)
 287 L   0.15089 0.84680 0.00031 0.00200 ( 2)
 288 L   0.99449 0.00349 0.00202 0.00001 ( 1)
 289 H   0.99414 0.00448 0.00138 0.00001 ( 1)
 290 Q   0.99677 0.00158 0.00165 0.00000 ( 1)
 291 I   0.81332 0.03607 0.14982 0.00079 ( 1)
 292 N   0.99845 0.00039 0.00117 0.00000 ( 1)
 293 Q   0.99573 0.00170 0.00256 0.00000 ( 1)
 294 S   0.88581 0.00322 0.11092 0.00005 ( 1)
 295 N   0.95802 0.04081 0.00112 0.00006 ( 1)
 296 V   0.95494 0.04121 0.00373 0.00012 ( 1)
 297 Q   0.99677 0.00158 0.00165 0.00000 ( 1)
 298 V   0.99785 0.00063 0.00152 0.00000 ( 1)
 299 V   0.99785 0.00063 0.00152 0.00000 ( 1)
 300 V   0.97652 0.02145 0.00198 0.00005 ( 1)
 301 L   0.99351 0.00446 0.00202 0.00001 ( 1)
 302 F   0.99871 0.00026 0.00103 0.00000 ( 1)
 303 A   0.99852 0.00028 0.00120 0.00000 ( 1)
 304 S   0.99713 0.00074 0.00213 0.00000 ( 1)
 305 A   0.94858 0.05008 0.00126 0.00008 ( 1)
 306 H   0.44241 0.53411 0.01925 0.00423 ( 2)
 307 A   0.99763 0.00108 0.00129 0.00000 ( 1)
 308 A   0.99860 0.00020 0.00120 0.00000 ( 1)
 309 H   0.46897 0.52961 0.00058 0.00084 ( 2)
 310 L   0.00019 0.99108 0.00001 0.00872 ( 2)
 311 L   0.99452 0.00447 0.00101 0.00001 ( 1)
 312 F   0.99886 0.00013 0.00101 0.00000 ( 1)
 313 S   0.11805 0.88031 0.00016 0.00149 ( 2)
 314 Y   0.97189 0.01993 0.00808 0.00009 ( 1)
 315 S   0.89408 0.00309 0.10279 0.00004 ( 1)
 316 I   0.99887 0.00012 0.00101 0.00000 ( 1)
 317 R   0.92597 0.07278 0.00113 0.00012 ( 1)
 318 F   0.01178 0.98646 0.00002 0.00175 ( 2)
 319 N   0.42121 0.57718 0.00061 0.00100 ( 2)
 320 L   0.99818 0.00039 0.00143 0.00000 ( 1)
 321 S   0.60908 0.34845 0.03934 0.00313 ( 1)
 322 P   0.97349 0.02528 0.00119 0.00004 ( 1)
 323 K   0.99772 0.00089 0.00139 0.00000 ( 1)
 324 V   0.99785 0.00063 0.00152 0.00000 ( 1)
 325 W   0.99575 0.00252 0.00172 0.00001 ( 1)
 326 V   0.99770 0.00077 0.00152 0.00000 ( 1)
 327 A   0.99860 0.00020 0.00120 0.00000 ( 1)
 328 S   0.99828 0.00056 0.00115 0.00000 ( 1)
 329 E   0.99807 0.00055 0.00138 0.00000 ( 1)
 330 A   0.99860 0.00020 0.00120 0.00000 ( 1)
 331 W   0.99575 0.00252 0.00172 0.00001 ( 1)
 332 L   0.99414 0.00379 0.00206 0.00001 ( 1)
 333 T   0.99860 0.00029 0.00111 0.00000 ( 1)
 334 S   0.94268 0.05369 0.00343 0.00020 ( 1)
 335 D   0.95750 0.04127 0.00116 0.00006 ( 1)
 336 L   0.61492 0.38292 0.00125 0.00091 ( 1)
 337 V   0.99459 0.00400 0.00140 0.00001 ( 1)
 338 M   0.99875 0.00018 0.00107 0.00000 ( 1)
 339 E   0.90046 0.09797 0.00138 0.00018 ( 1)
 340 L   0.99447 0.00351 0.00202 0.00001 ( 1)
 341 P   0.99637 0.00241 0.00122 0.00000 ( 1)
 342 G   0.99815 0.00047 0.00138 0.00000 ( 1)
 343 M   0.99717 0.00176 0.00107 0.00000 ( 1)
 344 T   0.99677 0.00203 0.00120 0.00000 ( 1)
 345 Q   0.98439 0.01423 0.00136 0.00002 ( 1)
 346 M   0.93727 0.06118 0.00143 0.00012 ( 1)
 347 G   0.99799 0.00063 0.00138 0.00000 ( 1)
 348 T   0.99815 0.00057 0.00128 0.00000 ( 1)
 349 V   0.99785 0.00063 0.00152 0.00000 ( 1)
 350 L   0.97597 0.02216 0.00183 0.00005 ( 1)
 351 G   0.99815 0.00047 0.00138 0.00000 ( 1)
 352 F   0.99816 0.00084 0.00101 0.00000 ( 1)
 353 L   0.98259 0.01538 0.00199 0.00004 ( 1)
 354 H   0.98408 0.01426 0.00163 0.00003 ( 1)
 355 Q   0.84532 0.15320 0.00122 0.00027 ( 1)
 356 G   0.82154 0.17480 0.00299 0.00066 ( 1)
 357 D   0.03684 0.96162 0.00004 0.00150 ( 2)
 358 L   0.03589 0.96206 0.00006 0.00198 ( 2)
 359 L   0.99430 0.00368 0.00202 0.00001 ( 1)
 360 P   0.96042 0.03835 0.00117 0.00006 ( 1)
 361 N   0.00798 0.98095 0.00071 0.01036 ( 2)
 362 F   0.99886 0.00013 0.00101 0.00000 ( 1)
 363 S   0.62043 0.37826 0.00073 0.00057 ( 1)
 364 Q   0.34735 0.65079 0.00057 0.00128 ( 2)
 365 Y   0.99700 0.00173 0.00126 0.00000 ( 1)
 366 V   0.99785 0.00063 0.00152 0.00000 ( 1)
 367 K   0.98922 0.00939 0.00137 0.00002 ( 1)
 368 N   0.99134 0.00739 0.00126 0.00001 ( 1)
 369 R   0.60878 0.38985 0.00075 0.00062 ( 1)
 370 L   0.96465 0.03331 0.00196 0.00008 ( 1)
 371 H   0.14093 0.85757 0.00017 0.00134 ( 2)
 372 L   0.99449 0.00349 0.00202 0.00001 ( 1)
 373 A   0.99850 0.00030 0.00120 0.00000 ( 1)
 374 A   0.99381 0.00496 0.00122 0.00001 ( 1)
 375 N   0.96934 0.02943 0.00118 0.00005 ( 1)
 376 P   0.98832 0.01028 0.00138 0.00002 ( 1)
 377 A   0.31228 0.68413 0.00109 0.00250 ( 2)
 378 F   0.99886 0.00013 0.00101 0.00000 ( 1)
 379 C   0.99620 0.00261 0.00118 0.00000 ( 1)
 380 A   0.91247 0.02095 0.06640 0.00019 ( 1)
 381 S   0.09932 0.89903 0.00014 0.00151 ( 2)
 382 L   0.99449 0.00349 0.00202 0.00001 ( 1)
 383 K   0.14340 0.85359 0.00039 0.00262 ( 2)
 384 A   0.01024 0.98806 0.00001 0.00168 ( 2)
 385 E   0.46253 0.53587 0.00067 0.00093 ( 2)
 386 Q   0.98829 0.01031 0.00138 0.00002 ( 1)
 387 P   0.93101 0.06732 0.00154 0.00013 ( 1)
 388 G   0.96132 0.03728 0.00133 0.00006 ( 1)
 389 L   0.99389 0.00408 0.00202 0.00001 ( 1)
 390 E   0.99807 0.00055 0.00138 0.00000 ( 1)
 391 E   0.99803 0.00060 0.00138 0.00000 ( 1)
 392 H   0.99387 0.00490 0.00123 0.00001 ( 1)
 393 V   0.99785 0.00063 0.00152 0.00000 ( 1)
 394 V   0.99770 0.00077 0.00152 0.00000 ( 1)
 395 G   0.99804 0.00058 0.00138 0.00000 ( 1)
 396 P   0.90298 0.09557 0.00128 0.00017 ( 1)
 397 R   0.99808 0.00052 0.00140 0.00000 ( 1)
 398 C   0.99842 0.00039 0.00118 0.00000 ( 1)
 399 P   0.99699 0.00162 0.00139 0.00000 ( 1)
 400 Q   0.99677 0.00158 0.00165 0.00000 ( 1)
 401 C   0.95938 0.03715 0.00334 0.00013 ( 1)
 402 D   0.99853 0.00026 0.00121 0.00000 ( 1)
 403 H   0.00041 0.99754 0.00000 0.00205 ( 2)
 404 I   0.95294 0.01321 0.03378 0.00007 ( 1)
 405 T   0.97882 0.01986 0.00128 0.00003 ( 1)
 406 L   0.99428 0.00369 0.00202 0.00001 ( 1)
 407 Q   0.99572 0.00262 0.00165 0.00001 ( 1)
 408 N   0.99824 0.00060 0.00117 0.00000 ( 1)
 409 V   0.98949 0.00884 0.00166 0.00002 ( 1)
 410 S   0.38108 0.58508 0.02841 0.00544 ( 2)
 411 A   0.94543 0.05322 0.00124 0.00010 ( 1)
 412 G   0.53117 0.46432 0.00301 0.00150 ( 1)
 413 L   0.97256 0.02540 0.00198 0.00006 ( 1)
 414 L   0.00000 0.99797 0.00000 0.00203 ( 2)
 415 H   0.93534 0.06340 0.00116 0.00010 ( 1)
 416 H   0.99574 0.00302 0.00123 0.00000 ( 1)
 417 R   0.83928 0.15870 0.00165 0.00037 ( 1)
 418 P   0.50734 0.49015 0.00120 0.00131 ( 1)
 419 F   0.99878 0.00021 0.00101 0.00000 ( 1)
 420 A   0.28904 0.70916 0.00042 0.00138 ( 2)
 421 A   0.99552 0.00307 0.00141 0.00001 ( 1)
 422 Y   0.99787 0.00087 0.00126 0.00000 ( 1)
 423 A   0.74902 0.24893 0.00147 0.00058 ( 1)
 424 A   0.98920 0.00916 0.00162 0.00002 ( 1)
 425 V   0.99785 0.00063 0.00152 0.00000 ( 1)
 426 Y   0.99694 0.00180 0.00126 0.00000 ( 1)
 427 S   0.99111 0.00556 0.00331 0.00002 ( 1)
 428 V   0.99785 0.00063 0.00152 0.00000 ( 1)
 429 A   0.99856 0.00024 0.00120 0.00000 ( 1)
 430 Q   0.99656 0.00179 0.00165 0.00000 ( 1)
 431 A   0.99860 0.00020 0.00120 0.00000 ( 1)
 432 L   0.99377 0.00421 0.00202 0.00001 ( 1)
 433 H   0.99848 0.00029 0.00124 0.00000 ( 1)
 434 N   0.99842 0.00042 0.00117 0.00000 ( 1)
 435 T   0.97062 0.02826 0.00108 0.00004 ( 1)
 436 L   0.99352 0.00446 0.00202 0.00001 ( 1)
 437 Q   0.03243 0.94842 0.00422 0.01493 ( 2)
 438 C   0.99842 0.00039 0.00118 0.00000 ( 1)
 439 S   0.70670 0.29202 0.00083 0.00045 ( 1)
 440 S   0.96116 0.03762 0.00115 0.00006 ( 1)
 441 S   0.99320 0.00541 0.00138 0.00001 ( 1)
 442 G   0.99815 0.00047 0.00138 0.00000 ( 1)
 443 C   0.99842 0.00039 0.00118 0.00000 ( 1)
 444 P   0.99841 0.00037 0.00122 0.00000 ( 1)
 445 A   0.00128 0.99136 0.00009 0.00726 ( 2)
 446 R   0.10510 0.89297 0.00017 0.00175 ( 2)
 447 E   0.96389 0.03488 0.00117 0.00005 ( 1)
 448 P   0.99851 0.00025 0.00125 0.00000 ( 1)
 449 V   0.99785 0.00063 0.00152 0.00000 ( 1)
 450 R   0.36684 0.63159 0.00051 0.00106 ( 2)
 451 -   0.83265 0.16258 0.00399 0.00078 ( 1)
 452 -   0.83265 0.16258 0.00399 0.00078 ( 1)
 453 -   0.83265 0.16258 0.00399 0.00078 ( 1)
 454 -   0.83265 0.16258 0.00399 0.00078 ( 1)
 455 -   0.83265 0.16258 0.00399 0.00078 ( 1)
 456 -   0.83265 0.16258 0.00399 0.00078 ( 1)
 457 P   0.99425 0.00453 0.00121 0.00001 ( 1)
 458 W   0.99575 0.00252 0.00172 0.00001 ( 1)
 459 Q   0.82834 0.16995 0.00137 0.00033 ( 1)
 460 L   0.48299 0.44624 0.06377 0.00700 ( 1)
 461 L   0.96383 0.03413 0.00196 0.00008 ( 1)
 462 E   0.07547 0.92259 0.00012 0.00182 ( 2)
 463 N   0.98970 0.00913 0.00116 0.00001 ( 1)
 464 M   0.76680 0.23206 0.00082 0.00032 ( 1)
 465 Y   0.88510 0.11360 0.00112 0.00018 ( 1)
 466 N   0.99392 0.00491 0.00116 0.00001 ( 1)
 467 M   0.99256 0.00637 0.00106 0.00001 ( 1)
 468 S   0.99487 0.00402 0.00110 0.00001 ( 1)
 469 F   0.99886 0.00013 0.00101 0.00000 ( 1)
 470 -   0.83265 0.16258 0.00399 0.00078 ( 1)
 471 R   0.05941 0.93864 0.00009 0.00186 ( 2)
 472 A   0.00019 0.99813 0.00000 0.00167 ( 2)
 473 G   0.05049 0.94794 0.00006 0.00151 ( 2)
 474 G   0.98922 0.00832 0.00243 0.00002 ( 1)
 475 L   0.80255 0.03916 0.15746 0.00082 ( 1)
 476 E   0.00066 0.98954 0.00005 0.00975 ( 2)
 477 L   0.92356 0.07439 0.00188 0.00018 ( 1)
 478 R   0.96605 0.03035 0.00349 0.00011 ( 1)
 479 F   0.98918 0.00766 0.00313 0.00003 ( 1)
 480 D   0.95630 0.04247 0.00116 0.00007 ( 1)
 481 A   0.01697 0.98143 0.00002 0.00158 ( 2)
 482 G   0.50870 0.49000 0.00059 0.00071 ( 1)
 483 G   0.99707 0.00140 0.00153 0.00000 ( 1)
 484 N   0.99824 0.00060 0.00117 0.00000 ( 1)
 485 V   0.99700 0.00068 0.00232 0.00000 ( 1)
 486 N   0.99612 0.00267 0.00121 0.00000 ( 1)
 487 L   0.70773 0.29051 0.00110 0.00065 ( 1)
 488 K   0.99105 0.00758 0.00137 0.00001 ( 1)
 489 Y   0.06213 0.93632 0.00008 0.00146 ( 2)
 490 D   0.95791 0.04086 0.00116 0.00006 ( 1)
 491 L   0.96650 0.03147 0.00196 0.00007 ( 1)
 492 K   0.98836 0.01025 0.00137 0.00002 ( 1)
 493 L   0.69406 0.30381 0.00141 0.00072 ( 1)
 494 W   0.73507 0.26313 0.00127 0.00053 ( 1)
 495 V   0.99102 0.00745 0.00151 0.00001 ( 1)
 496 W   0.99575 0.00252 0.00172 0.00001 ( 1)
 497 R   0.00966 0.98828 0.00002 0.00204 ( 2)
 498 D   0.10147 0.89684 0.00014 0.00156 ( 2)
 499 P   0.00170 0.99593 0.00000 0.00237 ( 2)
 500 T   0.70732 0.29104 0.00108 0.00056 ( 1)
 501 P   0.99835 0.00039 0.00125 0.00000 ( 1)
 502 E   0.00317 0.99511 0.00000 0.00171 ( 2)
 503 L   0.99730 0.00067 0.00202 0.00000 ( 1)
 504 R   0.63434 0.36427 0.00080 0.00059 ( 1)
 505 T   0.00077 0.99554 0.00000 0.00369 ( 2)
 506 V   0.99785 0.00063 0.00152 0.00000 ( 1)
 507 G   0.99815 0.00047 0.00138 0.00000 ( 1)
 508 T   0.00427 0.98956 0.00017 0.00599 ( 2)
 509 F   0.99886 0.00013 0.00101 0.00000 ( 1)
 510 N   0.99161 0.00722 0.00116 0.00001 ( 1)
 511 G   0.89724 0.10134 0.00124 0.00018 ( 1)
 512 S   0.12160 0.87699 0.00014 0.00127 ( 2)
 513 L   0.99463 0.00394 0.00142 0.00001 ( 1)
 514 W   0.02566 0.97234 0.00004 0.00196 ( 2)
 515 -   0.83265 0.16258 0.00399 0.00078 ( 1)
 516 L   0.00989 0.98837 0.00001 0.00173 ( 2)
 517 Q   0.91393 0.08467 0.00126 0.00014 ( 1)
 518 R   0.92531 0.07326 0.00130 0.00013 ( 1)
 519 S   0.00089 0.99728 0.00000 0.00183 ( 2)
 520 K   0.98885 0.00976 0.00137 0.00002 ( 1)
 521 I   0.99759 0.00134 0.00107 0.00000 ( 1)
 522 C   0.00091 0.99734 0.00000 0.00175 ( 2)
 523 W   0.99575 0.00252 0.00172 0.00001 ( 1)
 524 H   0.99811 0.00066 0.00124 0.00000 ( 1)
 525 T   0.97635 0.01978 0.00379 0.00008 ( 1)
 526 H   0.02337 0.97504 0.00003 0.00157 ( 2)
 527 S   0.00603 0.99215 0.00001 0.00181 ( 2)
 528 N   0.99786 0.00096 0.00117 0.00000 ( 1)
 529 R   0.83554 0.16276 0.00138 0.00032 ( 1)
 530 V   0.00002 0.99824 0.00000 0.00174 ( 2)
 531 P   0.99704 0.00174 0.00122 0.00000 ( 1)
 532 V   0.93228 0.06617 0.00142 0.00013 ( 1)
 533 S   0.99426 0.00461 0.00112 0.00001 ( 1)
 534 Q   0.76795 0.23033 0.00127 0.00045 ( 1)
 535 C   0.99842 0.00039 0.00118 0.00000 ( 1)
 536 S   0.98851 0.01009 0.00138 0.00002 ( 1)
 537 Q   0.37405 0.62405 0.00063 0.00127 ( 2)
 538 Q   0.82256 0.17573 0.00136 0.00034 ( 1)
 539 C   0.99793 0.00089 0.00118 0.00000 ( 1)
 540 Q   0.38978 0.60838 0.00065 0.00120 ( 2)
 541 E   0.98101 0.01761 0.00135 0.00003 ( 1)
 542 G   0.99762 0.00100 0.00138 0.00000 ( 1)
 543 Q   0.99538 0.00297 0.00165 0.00001 ( 1)
 544 V   0.99720 0.00128 0.00152 0.00000 ( 1)
 545 R   0.99750 0.00109 0.00140 0.00000 ( 1)
 546 R   0.98947 0.00884 0.00167 0.00002 ( 1)
 547 V   0.99774 0.00085 0.00141 0.00000 ( 1)
 548 K   0.98974 0.00887 0.00137 0.00001 ( 1)
 549 G   0.99748 0.00114 0.00138 0.00000 ( 1)
 550 F   0.99764 0.00135 0.00101 0.00000 ( 1)
 551 H   0.94581 0.05293 0.00117 0.00008 ( 1)
 552 S   0.99487 0.00399 0.00113 0.00001 ( 1)
 553 C   0.92881 0.06998 0.00110 0.00010 ( 1)
 554 C   0.92881 0.06998 0.00110 0.00010 ( 1)
 555 Y   0.99100 0.00773 0.00125 0.00001 ( 1)
 556 D   0.99853 0.00026 0.00121 0.00000 ( 1)
 557 C   0.99544 0.00305 0.00150 0.00001 ( 1)
 558 V   0.99473 0.00146 0.00381 0.00001 ( 1)
 559 D   0.99853 0.00026 0.00121 0.00000 ( 1)
 560 C   0.99837 0.00043 0.00120 0.00000 ( 1)
 561 K   0.50130 0.49714 0.00069 0.00087 ( 1)
 562 P   0.88959 0.10662 0.00337 0.00042 ( 1)
 563 G   0.99815 0.00047 0.00138 0.00000 ( 1)
 564 S   0.99833 0.00051 0.00115 0.00000 ( 1)
 565 Y   0.99817 0.00057 0.00126 0.00000 ( 1)
 566 Q   0.74989 0.24595 0.00312 0.00104 ( 1)
 567 -   0.83265 0.16258 0.00399 0.00078 ( 1)
 568 H   0.00734 0.99087 0.00001 0.00178 ( 2)
 569 S   0.61423 0.38449 0.00072 0.00056 ( 1)
 570 P   0.11304 0.88306 0.00043 0.00347 ( 2)
 571 -   0.83265 0.16258 0.00399 0.00078 ( 1)
 572 -   0.83265 0.16258 0.00399 0.00078 ( 1)
 573 E   0.17046 0.82805 0.00021 0.00129 ( 2)
 574 D   0.99412 0.00467 0.00121 0.00001 ( 1)
 575 P   0.00017 0.99823 0.00000 0.00160 ( 2)
 576 T   0.00208 0.99596 0.00000 0.00195 ( 2)
 577 C   0.94581 0.05299 0.00112 0.00008 ( 1)
 578 T   0.70995 0.28886 0.00079 0.00040 ( 1)
 579 P   0.00000 0.99634 0.00000 0.00366 ( 2)
 580 C   0.79451 0.20424 0.00094 0.00030 ( 1)
 581 R   0.00000 0.99824 0.00000 0.00176 ( 2)
 582 K   0.00728 0.99115 0.00001 0.00156 ( 2)
 583 D   0.52847 0.47016 0.00064 0.00073 ( 1)
 584 Q   0.49173 0.50646 0.00081 0.00099 ( 2)
 585 W   0.93255 0.06570 0.00162 0.00013 ( 1)
 586 S   0.99852 0.00035 0.00113 0.00000 ( 1)
 587 P   0.99809 0.00050 0.00141 0.00000 ( 1)
 588 Q   0.51919 0.43023 0.04603 0.00455 ( 1)
 589 R   0.99697 0.00135 0.00168 0.00000 ( 1)
 590 S   0.99851 0.00033 0.00115 0.00000 ( 1)
 591 R   0.32107 0.67499 0.00125 0.00270 ( 2)
 592 K   0.52894 0.46949 0.00074 0.00082 ( 1)
 593 C   0.99842 0.00039 0.00118 0.00000 ( 1)
 594 F   0.99886 0.00013 0.00101 0.00000 ( 1)
 595 S   0.01258 0.97760 0.00094 0.00887 ( 2)
 596 R   0.99758 0.00101 0.00140 0.00000 ( 1)
 597 R   0.98336 0.01520 0.00142 0.00003 ( 1)
 598 H   0.00780 0.98855 0.00003 0.00363 ( 2)
 599 T   0.67699 0.32122 0.00114 0.00065 ( 1)
 600 F   0.99733 0.00166 0.00101 0.00000 ( 1)
 601 L   0.95014 0.04782 0.00193 0.00011 ( 1)
 602 A   0.17390 0.82352 0.00041 0.00217 ( 2)
 603 W   0.53216 0.46598 0.00092 0.00094 ( 1)
 604 G   0.99172 0.00677 0.00150 0.00001 ( 1)
 605 D   0.39913 0.59929 0.00055 0.00102 ( 2)
 606 P   0.92271 0.07587 0.00128 0.00013 ( 1)
 607 T   0.81700 0.17949 0.00286 0.00066 ( 1)
 608 V   0.99066 0.00781 0.00151 0.00001 ( 1)
 609 L   0.99408 0.00390 0.00202 0.00001 ( 1)
 610 V   0.00226 0.99538 0.00000 0.00235 ( 2)
 611 L   0.72491 0.27297 0.00147 0.00064 ( 1)
 612 L   0.95093 0.04762 0.00136 0.00009 ( 1)
 613 L   0.82361 0.17430 0.00167 0.00041 ( 1)
 614 L   0.91524 0.08270 0.00186 0.00020 ( 1)
 615 L   0.94658 0.05138 0.00192 0.00012 ( 1)
 616 G   0.33434 0.66403 0.00046 0.00117 ( 2)
 617 L   0.99221 0.00577 0.00201 0.00001 ( 1)
 618 V   0.96731 0.02891 0.00367 0.00011 ( 1)
 619 L   0.99449 0.00349 0.00202 0.00001 ( 1)
 620 A   0.99101 0.00746 0.00152 0.00001 ( 1)
 621 L   0.98449 0.01195 0.00352 0.00004 ( 1)
 622 V   0.99785 0.00063 0.00152 0.00000 ( 1)
 623 L   0.91524 0.08270 0.00186 0.00020 ( 1)
 624 A   0.96942 0.02906 0.00146 0.00006 ( 1)
 625 A   0.31420 0.65695 0.02288 0.00597 ( 2)
 626 L   0.94452 0.05343 0.00192 0.00013 ( 1)
 627 G   0.99742 0.00105 0.00153 0.00000 ( 1)
 628 L   0.65313 0.34389 0.00189 0.00109 ( 1)
 629 F   0.97611 0.02288 0.00098 0.00003 ( 1)
 630 V   0.00130 0.99529 0.00000 0.00341 ( 2)
 631 H   0.55103 0.44661 0.00127 0.00110 ( 1)
 632 H   0.98926 0.00753 0.00319 0.00003 ( 1)
 633 R   0.12430 0.87372 0.00021 0.00178 ( 2)
 634 N   0.66711 0.33157 0.00081 0.00051 ( 1)
 635 S   0.94594 0.05289 0.00109 0.00008 ( 1)
 636 P   0.97114 0.02506 0.00370 0.00010 ( 1)
 637 L   0.87162 0.12435 0.00352 0.00052 ( 1)
 638 V   0.48795 0.50843 0.00173 0.00188 ( 2)
 639 Q   0.80947 0.18882 0.00134 0.00037 ( 1)
 640 A   0.99860 0.00020 0.00120 0.00000 ( 1)
 641 S   0.94633 0.05224 0.00134 0.00009 ( 1)
 642 G   0.73062 0.26776 0.00112 0.00050 ( 1)
 643 G   0.85917 0.13849 0.00195 0.00039 ( 1)
 644 L   0.00585 0.99243 0.00001 0.00171 ( 2)
 645 L   0.91524 0.08270 0.00186 0.00020 ( 1)
 646 A   0.98953 0.00927 0.00119 0.00001 ( 1)
 647 C   0.92612 0.07267 0.00110 0.00011 ( 1)
 648 F   0.56288 0.43598 0.00057 0.00057 ( 1)
 649 G   0.52952 0.46893 0.00073 0.00081 ( 1)
 650 L   0.85534 0.14259 0.00174 0.00034 ( 1)
 651 A   0.55672 0.44169 0.00079 0.00080 ( 1)
 652 C   0.98588 0.01065 0.00343 0.00004 ( 1)
 653 L   0.92701 0.07094 0.00188 0.00017 ( 1)
 654 G   0.91798 0.08061 0.00127 0.00014 ( 1)
 655 L   0.97054 0.02743 0.00197 0.00006 ( 1)
 656 V   0.99335 0.00503 0.00161 0.00001 ( 1)
 657 C   0.99842 0.00039 0.00118 0.00000 ( 1)
 658 L   0.93684 0.05959 0.00335 0.00022 ( 1)
 659 S   0.88891 0.10985 0.00107 0.00018 ( 1)
 660 G   0.56924 0.42918 0.00080 0.00078 ( 1)
 661 L   0.94414 0.05441 0.00135 0.00010 ( 1)
 662 L   0.86845 0.12948 0.00176 0.00031 ( 1)
 663 F   0.98364 0.01535 0.00099 0.00002 ( 1)
 664 P   0.88487 0.11308 0.00178 0.00026 ( 1)
 665 G   0.99780 0.00067 0.00153 0.00000 ( 1)
 666 R   0.73530 0.26297 0.00122 0.00052 ( 1)
 667 P   0.99766 0.00112 0.00122 0.00000 ( 1)
 668 S   0.94839 0.05044 0.00110 0.00007 ( 1)
 669 P   0.99136 0.00513 0.00349 0.00002 ( 1)
 670 A   0.93472 0.06390 0.00127 0.00011 ( 1)
 671 S   0.46103 0.53738 0.00065 0.00094 ( 2)
 672 C   0.99827 0.00054 0.00118 0.00000 ( 1)
 673 L   0.66614 0.33169 0.00138 0.00080 ( 1)
 674 A   0.99698 0.00182 0.00120 0.00000 ( 1)
 675 Q   0.97589 0.02245 0.00162 0.00004 ( 1)
 676 Q   0.97991 0.01843 0.00162 0.00004 ( 1)
 677 P   0.99059 0.00819 0.00121 0.00001 ( 1)
 678 L   0.31651 0.67947 0.00125 0.00276 ( 2)
 679 C   0.85555 0.14328 0.00097 0.00020 ( 1)
 680 H   0.66228 0.33617 0.00093 0.00063 ( 1)
 681 L   0.99774 0.00083 0.00143 0.00000 ( 1)
 682 P   0.98486 0.01139 0.00371 0.00004 ( 1)
 683 L   0.99759 0.00095 0.00147 0.00000 ( 1)
 684 T   0.99619 0.00248 0.00133 0.00000 ( 1)
 685 G   0.99762 0.00100 0.00138 0.00000 ( 1)
 686 C   0.99793 0.00089 0.00118 0.00000 ( 1)
 687 L   0.99221 0.00577 0.00201 0.00001 ( 1)
 688 S   0.99808 0.00077 0.00115 0.00000 ( 1)
 689 T   0.92115 0.07497 0.00358 0.00030 ( 1)
 690 L   0.98332 0.01524 0.00141 0.00003 ( 1)
 691 F   0.96076 0.03822 0.00097 0.00005 ( 1)
 692 L   0.99221 0.00577 0.00201 0.00001 ( 1)
 693 Q   0.99540 0.00295 0.00165 0.00001 ( 1)
 694 A   0.99525 0.00332 0.00142 0.00001 ( 1)
 695 A   0.99740 0.00055 0.00205 0.00000 ( 1)
 696 E   0.98538 0.01324 0.00136 0.00002 ( 1)
 697 T   0.82189 0.17695 0.00091 0.00025 ( 1)
 698 F   0.99844 0.00053 0.00103 0.00000 ( 1)
 699 V   0.88245 0.11598 0.00135 0.00022 ( 1)
 700 E   0.99731 0.00129 0.00140 0.00000 ( 1)
 701 S   0.98076 0.01784 0.00137 0.00003 ( 1)
 702 E   0.99462 0.00400 0.00137 0.00001 ( 1)
 703 L   0.98957 0.00834 0.00206 0.00002 ( 1)
 704 P   0.98750 0.00899 0.00347 0.00003 ( 1)
 705 P   0.00895 0.97278 0.00142 0.01685 ( 2)
 706 S   0.95117 0.04766 0.00110 0.00007 ( 1)
 707 W   0.96905 0.02921 0.00168 0.00006 ( 1)
 708 A   0.29979 0.69635 0.00114 0.00272 ( 2)
 709 D   0.96876 0.03002 0.00118 0.00005 ( 1)
 710 R   0.94802 0.05029 0.00160 0.00010 ( 1)
 711 L   0.96417 0.03375 0.00200 0.00008 ( 1)
 712 H   0.10727 0.87128 0.01125 0.01020 ( 2)
 713 S   0.99410 0.00452 0.00137 0.00001 ( 1)
 714 R   0.94323 0.05557 0.00112 0.00008 ( 1)
 715 L   0.99449 0.00349 0.00202 0.00001 ( 1)
 716 R   0.97428 0.02403 0.00164 0.00005 ( 1)
 717 G   0.99733 0.00114 0.00153 0.00000 ( 1)
 718 P   0.99638 0.00229 0.00133 0.00000 ( 1)
 719 C   0.77097 0.22725 0.00130 0.00048 ( 1)
 720 A   0.99860 0.00020 0.00120 0.00000 ( 1)
 721 W   0.99575 0.00252 0.00172 0.00001 ( 1)
 722 M   0.95992 0.03804 0.00195 0.00009 ( 1)
 723 V   0.59593 0.40257 0.00081 0.00069 ( 1)
 724 V   0.99785 0.00063 0.00152 0.00000 ( 1)
 725 V   0.96280 0.03512 0.00200 0.00008 ( 1)
 726 L   0.99351 0.00446 0.00202 0.00001 ( 1)
 727 A   0.99666 0.00214 0.00120 0.00000 ( 1)
 728 L   0.23203 0.76667 0.00025 0.00105 ( 2)
 729 L   0.99449 0.00349 0.00202 0.00001 ( 1)
 730 V   0.99767 0.00081 0.00152 0.00000 ( 1)
 731 E   0.99807 0.00055 0.00138 0.00000 ( 1)
 732 A   0.99200 0.00677 0.00122 0.00001 ( 1)
 733 A   0.98640 0.01178 0.00179 0.00003 ( 1)
 734 L   0.99449 0.00349 0.00202 0.00001 ( 1)
 735 C   0.99766 0.00112 0.00121 0.00000 ( 1)
 736 A   0.58577 0.41288 0.00070 0.00065 ( 1)
 737 W   0.99575 0.00252 0.00172 0.00001 ( 1)
 738 Y   0.99817 0.00057 0.00126 0.00000 ( 1)
 739 L   0.99449 0.00349 0.00202 0.00001 ( 1)
 740 I   0.00543 0.99221 0.00001 0.00235 ( 2)
 741 A   0.99850 0.00030 0.00120 0.00000 ( 1)
 742 F   0.99883 0.00015 0.00103 0.00000 ( 1)
 743 R   0.98337 0.01291 0.00366 0.00005 ( 1)
 744 P   0.98471 0.01235 0.00289 0.00004 ( 1)
 745 E   0.99807 0.00055 0.00138 0.00000 ( 1)
 746 V   0.99761 0.00087 0.00152 0.00000 ( 1)
 747 V   0.99785 0.00063 0.00152 0.00000 ( 1)
 748 M   0.50420 0.49333 0.00118 0.00130 ( 1)
 749 D   0.99853 0.00026 0.00121 0.00000 ( 1)
 750 W   0.99575 0.00252 0.00172 0.00001 ( 1)
 751 H   0.54158 0.45683 0.00076 0.00082 ( 1)
 752 V   0.92145 0.07700 0.00141 0.00015 ( 1)
 753 L   0.99426 0.00371 0.00202 0.00001 ( 1)
 754 P   0.99856 0.00022 0.00122 0.00000 ( 1)
 755 T   0.95345 0.04446 0.00198 0.00011 ( 1)
 756 K   0.99283 0.00580 0.00137 0.00001 ( 1)
 757 A   0.99037 0.00661 0.00299 0.00002 ( 1)
 758 L   0.99428 0.00369 0.00202 0.00001 ( 1)
 759 V   0.98017 0.01823 0.00156 0.00004 ( 1)
 760 H   0.99848 0.00029 0.00124 0.00000 ( 1)
 761 C   0.99568 0.00085 0.00347 0.00000 ( 1)
 762 R   0.99311 0.00535 0.00153 0.00001 ( 1)
 763 V   0.00043 0.99560 0.00000 0.00398 ( 2)
 764 H   0.98567 0.01019 0.00410 0.00004 ( 1)
 765 S   0.99854 0.00033 0.00113 0.00000 ( 1)
 766 W   0.99575 0.00252 0.00172 0.00001 ( 1)
 767 A   0.99390 0.00469 0.00140 0.00001 ( 1)
 768 G   0.96469 0.03414 0.00112 0.00005 ( 1)
 769 L   0.98580 0.01319 0.00099 0.00002 ( 1)
 770 G   0.99815 0.00047 0.00138 0.00000 ( 1)
 771 L   0.99431 0.00367 0.00202 0.00001 ( 1)
 772 V   0.98918 0.00929 0.00151 0.00002 ( 1)
 773 H   0.99809 0.00064 0.00126 0.00000 ( 1)
 774 T   0.91357 0.01978 0.06647 0.00018 ( 1)
 775 L   0.70880 0.29001 0.00079 0.00040 ( 1)
 776 N   0.99194 0.00463 0.00342 0.00002 ( 1)
 777 A   0.99855 0.00025 0.00120 0.00000 ( 1)
 778 I   0.04715 0.95040 0.00010 0.00234 ( 2)
 779 L   0.99449 0.00349 0.00202 0.00001 ( 1)
 780 A   0.99793 0.00087 0.00120 0.00000 ( 1)
 781 S   0.99626 0.00273 0.00100 0.00000 ( 1)
 782 L   0.99723 0.00134 0.00143 0.00000 ( 1)
 783 C   0.99440 0.00438 0.00121 0.00001 ( 1)
 784 F   0.99883 0.00016 0.00101 0.00000 ( 1)
 785 L   0.99341 0.00456 0.00202 0.00001 ( 1)
 786 G   0.99795 0.00067 0.00138 0.00000 ( 1)
 787 T   0.99854 0.00035 0.00111 0.00000 ( 1)
 788 F   0.99886 0.00013 0.00101 0.00000 ( 1)
 789 L   0.99449 0.00349 0.00202 0.00001 ( 1)
 790 V   0.99761 0.00087 0.00152 0.00000 ( 1)
 791 R   0.76902 0.22926 0.00127 0.00045 ( 1)
 792 S   0.99851 0.00033 0.00115 0.00000 ( 1)
 793 Q   0.19304 0.80504 0.00032 0.00160 ( 2)
 794 P   0.99722 0.00146 0.00131 0.00000 ( 1)
 795 G   0.91403 0.08455 0.00126 0.00015 ( 1)
 796 R   0.99339 0.00521 0.00140 0.00001 ( 1)
 797 Y   0.99817 0.00057 0.00126 0.00000 ( 1)
 798 S   0.99447 0.00436 0.00116 0.00001 ( 1)
 799 R   0.78763 0.21089 0.00111 0.00037 ( 1)
 800 A   0.99860 0.00020 0.00120 0.00000 ( 1)
 801 R   0.97287 0.02348 0.00356 0.00009 ( 1)
 802 G   0.99815 0.00047 0.00138 0.00000 ( 1)
 803 L   0.99295 0.00562 0.00142 0.00001 ( 1)
 804 T   0.99861 0.00028 0.00111 0.00000 ( 1)
 805 F   0.98085 0.01753 0.00159 0.00004 ( 1)
 806 A   0.99860 0.00020 0.00120 0.00000 ( 1)
 807 T   0.58688 0.41154 0.00081 0.00077 ( 1)
 808 L   0.99449 0.00349 0.00202 0.00001 ( 1)
 809 A   0.99850 0.00030 0.00120 0.00000 ( 1)
 810 Y   0.99508 0.00121 0.00371 0.00000 ( 1)
 811 L   0.99623 0.00276 0.00100 0.00000 ( 1)
 812 I   0.99887 0.00012 0.00101 0.00000 ( 1)
 813 T   0.99577 0.00312 0.00111 0.00000 ( 1)
 814 W   0.99575 0.00252 0.00172 0.00001 ( 1)
 815 V   0.99824 0.00035 0.00141 0.00000 ( 1)
 816 S   0.99854 0.00033 0.00113 0.00000 ( 1)
 817 F   0.99876 0.00023 0.00101 0.00000 ( 1)
 818 V   0.99785 0.00063 0.00152 0.00000 ( 1)
 819 P   0.99831 0.00047 0.00122 0.00000 ( 1)
 820 L   0.99818 0.00039 0.00143 0.00000 ( 1)
 821 L   0.99449 0.00349 0.00202 0.00001 ( 1)
 822 A   0.99860 0.00020 0.00120 0.00000 ( 1)
 823 N   0.99244 0.00639 0.00116 0.00001 ( 1)
 824 V   0.97850 0.01996 0.00150 0.00004 ( 1)
 825 Q   0.87865 0.01389 0.10725 0.00020 ( 1)
 826 V   0.99785 0.00063 0.00152 0.00000 ( 1)
 827 A   0.99366 0.00429 0.00204 0.00001 ( 1)
 828 H   0.51914 0.47924 0.00074 0.00088 ( 1)
 829 Q   0.97207 0.02648 0.00140 0.00005 ( 1)
 830 P   0.99705 0.00083 0.00212 0.00000 ( 1)
 831 A   0.99838 0.00026 0.00136 0.00000 ( 1)
 832 V   0.88481 0.06047 0.05422 0.00050 ( 1)
 833 Q   0.99677 0.00158 0.00165 0.00000 ( 1)
 834 M   0.99875 0.00018 0.00107 0.00000 ( 1)
 835 G   0.99572 0.00290 0.00138 0.00001 ( 1)
 836 A   0.99859 0.00021 0.00120 0.00000 ( 1)
 837 V   0.93578 0.06319 0.00095 0.00008 ( 1)
 838 L   0.99496 0.00215 0.00289 0.00001 ( 1)
 839 F   0.98865 0.00779 0.00353 0.00003 ( 1)
 840 C   0.95835 0.04045 0.00114 0.00006 ( 1)
 841 A   0.94815 0.05072 0.00105 0.00007 ( 1)
 842 L   0.99449 0.00349 0.00202 0.00001 ( 1)
 843 G   0.99815 0.00047 0.00138 0.00000 ( 1)
 844 I   0.99856 0.00043 0.00101 0.00000 ( 1)
 845 L   0.99449 0.00349 0.00202 0.00001 ( 1)
 846 V   0.97880 0.01999 0.00118 0.00003 ( 1)
 847 A   0.99860 0.00020 0.00120 0.00000 ( 1)
 848 F   0.97395 0.02503 0.00098 0.00003 ( 1)
 849 H   0.99848 0.00029 0.00124 0.00000 ( 1)
 850 L   0.99412 0.00382 0.00206 0.00001 ( 1)
 851 P   0.99733 0.00028 0.00238 0.00000 ( 1)
 852 K   0.98007 0.01629 0.00358 0.00006 ( 1)
 853 C   0.98928 0.00725 0.00344 0.00003 ( 1)
 854 Y   0.99817 0.00057 0.00126 0.00000 ( 1)
 855 L   0.99333 0.00379 0.00287 0.00001 ( 1)
 856 L   0.99739 0.00118 0.00143 0.00000 ( 1)
 857 V   0.03946 0.95819 0.00008 0.00227 ( 2)
 858 R   0.27552 0.72255 0.00048 0.00145 ( 2)
