Supplemental results for CODEML (seqf: Human_TAS1R1_breaks2_2nd_attempt.txt  treef: TAS1R1_revised_tree_following_error_message.txt)


MLEs of dN/dS (w) for site classes (K=4)

site class             0        1       2a       2b
proportion       0.69321  0.21767  0.06782  0.02130
background w     0.10238  1.00000  0.10238  1.00000
foreground w     0.10238  1.00000  1.00000  1.00000

Naive Empirical Bayes (NEB) probabilities for 4 classes
(amino acids refer to 1st sequence: 1.Tarsier)

   1 M   0.90695 0.00738 0.08494 0.00072 ( 1)
   2 F   0.61337 0.29868 0.05873 0.02922 ( 1)
   3 H   0.43399 0.47850 0.04070 0.04681 ( 2)
   4 H   0.00038 0.91051 0.00004 0.08908 ( 2)
   5 V   0.00001 0.91088 0.00000 0.08911 ( 2)
   6 A   0.57384 0.33804 0.05505 0.03307 ( 1)
   7 H   0.00602 0.90488 0.00057 0.08853 ( 2)
   8 L   0.86985 0.04269 0.08328 0.00418 ( 1)
   9 V   0.39328 0.51916 0.03677 0.05079 ( 2)
  10 G   0.82139 0.09236 0.07722 0.00904 ( 1)
  11 L   0.86364 0.04889 0.08269 0.00478 ( 1)
  12 Q   0.86707 0.04571 0.08275 0.00447 ( 1)
  13 L   0.85779 0.05451 0.08238 0.00533 ( 1)
  14 S   0.04899 0.86208 0.00459 0.08434 ( 2)
  15 I   0.54333 0.36864 0.05196 0.03607 ( 1)
  16 S   0.81942 0.09427 0.07709 0.00922 ( 1)
  17 C   0.79866 0.11480 0.07530 0.01123 ( 1)
  18 C   0.90063 0.01316 0.08492 0.00129 ( 1)
  19 W   0.62137 0.29072 0.05947 0.02844 ( 1)
  20 A   0.89691 0.01746 0.08392 0.00171 ( 1)
  21 F   0.72533 0.18694 0.06944 0.01829 ( 1)
  22 S   0.43119 0.48138 0.04034 0.04709 ( 2)
  23 C   0.90091 0.01288 0.08495 0.00126 ( 1)
  24 H   0.89686 0.01556 0.08605 0.00152 ( 1)
  25 N   0.07560 0.83556 0.00710 0.08175 ( 2)
  26 T   0.01445 0.89646 0.00139 0.08770 ( 2)
  27 E   0.46601 0.09435 0.43041 0.00923 ( 1)
  28 F   0.03383 0.87711 0.00325 0.08581 ( 2)
  29 S   0.85040 0.06178 0.08178 0.00604 ( 1)
  30 P   0.87183 0.04045 0.08377 0.00396 ( 1)
  31 D   0.84411 0.06999 0.07906 0.00685 ( 1)
  32 F   0.90685 0.00665 0.08585 0.00065 ( 1)
  33 S   0.82398 0.08995 0.07727 0.00880 ( 1)
  34 L   0.90424 0.00999 0.08480 0.00098 ( 1)
  35 P   0.72053 0.19294 0.06766 0.01888 ( 1)
  36 G   0.88692 0.02636 0.08414 0.00258 ( 1)
  37 N   0.63274 0.27932 0.06061 0.02733 ( 1)
  38 Y   0.90004 0.01369 0.08494 0.00134 ( 1)
  39 L   0.90403 0.01019 0.08478 0.00100 ( 1)
  40 L   0.86799 0.04455 0.08310 0.00436 ( 1)
  41 A   0.37702 0.53418 0.03654 0.05226 ( 2)
  42 G   0.90274 0.01129 0.08486 0.00110 ( 1)
  43 F   0.17548 0.73574 0.01680 0.07198 ( 2)
  44 F   0.90774 0.00673 0.08487 0.00066 ( 1)
  45 P   0.54837 0.36339 0.05269 0.03555 ( 1)
  46 L   0.90515 0.00907 0.08489 0.00089 ( 1)
  47 H   0.86652 0.04585 0.08314 0.00449 ( 1)
  48 G   0.11883 0.79224 0.01143 0.07751 ( 2)
  49 D   0.26003 0.65177 0.02444 0.06376 ( 2)
  50 C   0.11830 0.79276 0.01138 0.07756 ( 2)
  51 L   0.60748 0.30456 0.05816 0.02980 ( 1)
  52 Q   0.87913 0.03367 0.08390 0.00329 ( 1)
  53 V   0.89907 0.01458 0.08493 0.00143 ( 1)
  54 R   0.87174 0.04150 0.08270 0.00406 ( 1)
  55 H   0.42096 0.49141 0.03956 0.04808 ( 2)
  56 R   0.80955 0.10210 0.07836 0.00999 ( 1)
  57 P   0.89795 0.01616 0.08430 0.00158 ( 1)
  58 E   0.89674 0.01682 0.08479 0.00165 ( 1)
  59 V   0.89827 0.01538 0.08485 0.00150 ( 1)
  60 T   0.75433 0.15935 0.07074 0.01559 ( 1)
  61 L   0.87707 0.03548 0.08397 0.00347 ( 1)
  62 C   0.84336 0.06881 0.08110 0.00673 ( 1)
  63 D   0.90419 0.01013 0.08468 0.00099 ( 1)
  64 R   0.88351 0.02977 0.08381 0.00291 ( 1)
  65 T   0.00039 0.91050 0.00004 0.08908 ( 2)
  66 C   0.03688 0.87406 0.00355 0.08551 ( 2)
  67 G   0.06053 0.85057 0.00569 0.08321 ( 2)
  68 F   0.90558 0.00888 0.08467 0.00087 ( 1)
  69 N   0.87210 0.04031 0.08365 0.00394 ( 1)
  70 G   0.25947 0.65219 0.02453 0.06381 ( 2)
  71 H   0.89359 0.01883 0.08574 0.00184 ( 1)
  72 G   0.77208 0.14075 0.07341 0.01377 ( 1)
  73 Y   0.36406 0.54798 0.03436 0.05361 ( 2)
  74 H   0.33542 0.57664 0.03152 0.05641 ( 2)
  75 L   0.81330 0.10059 0.07627 0.00984 ( 1)
  76 F   0.84821 0.06602 0.07931 0.00646 ( 1)
  77 Q   0.19421 0.71710 0.01853 0.07016 ( 2)
  78 A   0.30303 0.60838 0.02907 0.05952 ( 2)
  79 M   0.37215 0.54015 0.03486 0.05284 ( 2)
  80 R   0.67786 0.23461 0.06458 0.02295 ( 1)
  81 L   0.62183 0.29008 0.05972 0.02838 ( 1)
  82 S   0.00048 0.91041 0.00005 0.08907 ( 2)
  83 I   0.16550 0.74568 0.01587 0.07295 ( 2)
  84 E   0.17081 0.74059 0.01615 0.07245 ( 2)
  85 A   0.70232 0.21067 0.06640 0.02061 ( 1)
  86 I   0.86701 0.04555 0.08298 0.00446 ( 1)
  87 N   0.90266 0.01151 0.08471 0.00113 ( 1)
  88 N   0.90266 0.01151 0.08471 0.00113 ( 1)
  89 S   0.90011 0.01385 0.08468 0.00136 ( 1)
  90 T   0.88775 0.02568 0.08406 0.00251 ( 1)
  91 V   0.43589 0.47668 0.04079 0.04664 ( 2)
  92 L   0.86130 0.05123 0.08246 0.00501 ( 1)
  93 L   0.86107 0.05146 0.08244 0.00503 ( 1)
  94 P   0.90393 0.01020 0.08486 0.00100 ( 1)
  95 N   0.71983 0.19367 0.06755 0.01895 ( 1)
  96 V   0.09480 0.81646 0.00886 0.07988 ( 2)
  97 T   0.83333 0.08064 0.07815 0.00789 ( 1)
  98 L   0.48832 0.42349 0.04675 0.04143 ( 1)
  99 G   0.89377 0.01954 0.08479 0.00191 ( 1)
 100 Y   0.17251 0.73891 0.01628 0.07229 ( 2)
 101 E   0.00330 0.90759 0.00032 0.08879 ( 2)
 102 L   0.86804 0.04449 0.08311 0.00435 ( 1)
 103 Y   0.07665 0.83434 0.00738 0.08163 ( 2)
 104 D   0.87514 0.03737 0.08383 0.00366 ( 1)
 105 V   0.89421 0.01943 0.08447 0.00190 ( 1)
 106 C   0.89521 0.01856 0.08441 0.00182 ( 1)
 107 S   0.86545 0.04675 0.08323 0.00457 ( 1)
 108 E   0.78148 0.13238 0.07319 0.01295 ( 1)
 109 S   0.84749 0.06468 0.08150 0.00633 ( 1)
 110 A   0.90488 0.00953 0.08466 0.00093 ( 1)
 111 N   0.86734 0.04506 0.08319 0.00441 ( 1)
 112 V   0.89421 0.01943 0.08447 0.00190 ( 1)
 113 Y   0.84633 0.06722 0.07987 0.00658 ( 1)
 114 A   0.90377 0.01064 0.08456 0.00104 ( 1)
 115 T   0.88792 0.02551 0.08407 0.00250 ( 1)
 116 L   0.86130 0.05123 0.08246 0.00501 ( 1)
 117 S   0.08105 0.82991 0.00785 0.08119 ( 2)
 118 V   0.75351 0.15969 0.07118 0.01562 ( 1)
 119 L   0.90267 0.01155 0.08465 0.00113 ( 1)
 120 S   0.89930 0.01466 0.08461 0.00143 ( 1)
 121 L   0.12831 0.78264 0.01248 0.07657 ( 2)
 122 P   0.38713 0.52405 0.03755 0.05127 ( 2)
 123 G   0.89140 0.02190 0.08456 0.00214 ( 1)
 124 T   0.06982 0.84112 0.00677 0.08229 ( 2)
 125 R   0.00001 0.91088 0.00000 0.08911 ( 2)
 126 H   0.90124 0.01282 0.08469 0.00125 ( 1)
 127 I   0.86435 0.04821 0.08272 0.00472 ( 1)
 128 D   0.28412 0.62762 0.02686 0.06140 ( 2)
 129 I   0.82122 0.09270 0.07701 0.00907 ( 1)
 130 Q   0.83414 0.07749 0.08079 0.00758 ( 1)
 131 G   0.40976 0.50141 0.03977 0.04905 ( 2)
 132 D   0.78095 0.13291 0.07314 0.01300 ( 1)
 133 F   0.11339 0.79768 0.01089 0.07804 ( 2)
 134 L   0.90267 0.01155 0.08465 0.00113 ( 1)
 135 H   0.00487 0.90598 0.00052 0.08863 ( 2)
 136 Y   0.84416 0.06790 0.08129 0.00664 ( 1)
 137 S   0.03356 0.87744 0.00316 0.08584 ( 2)
 138 P   0.88734 0.02496 0.08526 0.00244 ( 1)
 139 K   0.72232 0.19060 0.06843 0.01865 ( 1)
 140 I   0.64684 0.26603 0.06110 0.02603 ( 1)
 141 V   0.67374 0.23842 0.06452 0.02333 ( 1)
 142 A   0.88201 0.02991 0.08515 0.00293 ( 1)
 143 V   0.89475 0.01928 0.08408 0.00189 ( 1)
 144 I   0.48798 0.42388 0.04667 0.04147 ( 1)
 145 G   0.74335 0.16954 0.07052 0.01659 ( 1)
 146 P   0.58507 0.32675 0.05621 0.03197 ( 1)
 147 D   0.41547 0.49699 0.03891 0.04862 ( 2)
 148 S   0.00028 0.91061 0.00003 0.08909 ( 2)
 149 T   0.82202 0.09190 0.07709 0.00899 ( 1)
 150 D   0.08526 0.82593 0.00800 0.08080 ( 2)
 151 H   0.00012 0.91076 0.00001 0.08910 ( 2)
 152 A   0.57654 0.33534 0.05531 0.03281 ( 1)
 153 A   0.68447 0.22908 0.06404 0.02241 ( 1)
 154 T   0.58525 0.32780 0.05488 0.03207 ( 1)
 155 T   0.07555 0.83540 0.00733 0.08173 ( 2)
 156 A   0.88655 0.02778 0.08295 0.00272 ( 1)
 157 A   0.80957 0.10447 0.07574 0.01022 ( 1)
 158 L   0.85756 0.05496 0.08210 0.00538 ( 1)
 159 L   0.86530 0.04724 0.08285 0.00462 ( 1)
 160 S   0.80331 0.11042 0.07547 0.01080 ( 1)
 161 P   0.84747 0.06477 0.08143 0.00634 ( 1)
 162 F   0.36067 0.55164 0.03372 0.05397 ( 2)
 163 L   0.85894 0.05359 0.08224 0.00524 ( 1)
 164 V   0.32652 0.58557 0.03062 0.05729 ( 2)
 165 P   0.90365 0.01049 0.08484 0.00103 ( 1)
 166 L   0.15269 0.75848 0.01462 0.07420 ( 2)
 167 I   0.90826 0.00642 0.08469 0.00063 ( 1)
 168 S   0.90468 0.00941 0.08499 0.00092 ( 1)
 169 Y   0.87254 0.03957 0.08403 0.00387 ( 1)
 170 E   0.00338 0.90752 0.00032 0.08878 ( 2)
 171 A   0.90738 0.00703 0.08490 0.00069 ( 1)
 172 S   0.90468 0.00941 0.08499 0.00092 ( 1)
 173 S   0.90404 0.01005 0.08493 0.00098 ( 1)
 174 T   0.00033 0.91056 0.00003 0.08908 ( 2)
 175 T   0.02245 0.88850 0.00213 0.08692 ( 2)
 176 L   0.90077 0.01344 0.08448 0.00131 ( 1)
 177 S   0.42250 0.48988 0.03969 0.04793 ( 2)
 178 V   0.00051 0.91038 0.00005 0.08907 ( 2)
 179 K   0.89477 0.01863 0.08477 0.00182 ( 1)
 180 R   0.20848 0.70289 0.01986 0.06877 ( 2)
 181 Q   0.61231 0.29991 0.05844 0.02934 ( 1)
 182 Y   0.85143 0.06064 0.08199 0.00593 ( 1)
 183 P   0.90499 0.00915 0.08496 0.00090 ( 1)
 184 S   0.85826 0.05392 0.08254 0.00528 ( 1)
 185 F   0.90103 0.01341 0.08425 0.00131 ( 1)
 186 L   0.86804 0.04449 0.08311 0.00435 ( 1)
 187 R   0.90071 0.01308 0.08493 0.00128 ( 1)
 188 T   0.90599 0.00824 0.08496 0.00081 ( 1)
 189 I   0.86386 0.05064 0.08055 0.00495 ( 1)
 190 P   0.90499 0.00915 0.08496 0.00090 ( 1)
 191 S   0.28959 0.62230 0.02723 0.06088 ( 2)
 192 D   0.90638 0.00795 0.08489 0.00078 ( 1)
 193 R   0.29899 0.61274 0.02833 0.05995 ( 2)
 194 H   0.06177 0.84931 0.00583 0.08309 ( 2)
 195 Q   0.87913 0.03367 0.08390 0.00329 ( 1)
 196 V   0.89827 0.01538 0.08485 0.00150 ( 1)
 197 E   0.89759 0.01598 0.08487 0.00156 ( 1)
 198 V   0.48672 0.42597 0.04564 0.04167 ( 1)
 199 M   0.84079 0.07329 0.07875 0.00717 ( 1)
 200 V   0.89827 0.01538 0.08485 0.00150 ( 1)
 201 L   0.59982 0.31221 0.05743 0.03054 ( 1)
 202 L   0.86804 0.04449 0.08311 0.00435 ( 1)
 203 L   0.86786 0.04468 0.08309 0.00437 ( 1)
 204 Q   0.01610 0.89482 0.00154 0.08754 ( 2)
 205 R   0.25837 0.65322 0.02451 0.06391 ( 2)
 206 F   0.90794 0.00653 0.08489 0.00064 ( 1)
 207 R   0.00039 0.91050 0.00004 0.08908 ( 2)
 208 W   0.87032 0.04225 0.08330 0.00413 ( 1)
 209 V   0.41053 0.50187 0.03850 0.04910 ( 2)
 210 W   0.87032 0.04225 0.08330 0.00413 ( 1)
 211 I   0.90933 0.00535 0.08479 0.00052 ( 1)
 212 S   0.85881 0.05338 0.08259 0.00522 ( 1)
 213 L   0.86804 0.04449 0.08311 0.00435 ( 1)
 214 V   0.24462 0.66670 0.02346 0.06522 ( 2)
 215 G   0.90383 0.01020 0.08497 0.00100 ( 1)
 216 S   0.90412 0.00996 0.08494 0.00097 ( 1)
 217 Y   0.00119 0.90970 0.00011 0.08900 ( 2)
 218 G   0.72590 0.18751 0.06824 0.01834 ( 1)
 219 D   0.90679 0.00755 0.08493 0.00074 ( 1)
 220 Y   0.87254 0.03957 0.08403 0.00387 ( 1)
 221 G   0.89400 0.01930 0.08481 0.00189 ( 1)
 222 Q   0.69153 0.22087 0.06600 0.02161 ( 1)
 223 Q   0.10518 0.80576 0.01023 0.07883 ( 2)
 224 G   0.72018 0.19265 0.06832 0.01885 ( 1)
 225 V   0.89597 0.01767 0.08463 0.00173 ( 1)
 226 Q   0.66300 0.24933 0.06327 0.02439 ( 1)
 227 A   0.58854 0.32284 0.05704 0.03158 ( 1)
 228 L   0.86980 0.04274 0.08328 0.00418 ( 1)
 229 E   0.33536 0.57653 0.03171 0.05640 ( 2)
 230 N   0.00815 0.90276 0.00077 0.08832 ( 2)
 231 Q   0.66169 0.25064 0.06315 0.02452 ( 1)
 232 A   0.90738 0.00703 0.08490 0.00069 ( 1)
 233 T   0.89196 0.02039 0.08566 0.00199 ( 1)
 234 D   0.00132 0.90957 0.00013 0.08899 ( 2)
 235 Q   0.64296 0.26933 0.06136 0.02635 ( 1)
 236 G   0.32022 0.59153 0.03038 0.05787 ( 2)
 237 I   0.86298 0.05151 0.08047 0.00504 ( 1)
 238 C   0.90120 0.01259 0.08497 0.00123 ( 1)
 239 I   0.87283 0.03980 0.08348 0.00389 ( 1)
 240 A   0.86424 0.04814 0.08291 0.00471 ( 1)
 241 F   0.90794 0.00653 0.08489 0.00064 ( 1)
 242 K   0.89477 0.01863 0.08477 0.00182 ( 1)
 243 D   0.84025 0.07383 0.07870 0.00722 ( 1)
 244 I   0.38568 0.52681 0.03596 0.05154 ( 2)
 245 V   0.77345 0.13981 0.07306 0.01368 ( 1)
 246 P   0.90274 0.01140 0.08475 0.00111 ( 1)
 247 L   0.84317 0.07104 0.07884 0.00695 ( 1)
 248 S   0.54552 0.36646 0.05217 0.03585 ( 1)
 249 A   0.90738 0.00703 0.08490 0.00069 ( 1)
 250 R   0.00020 0.91069 0.00002 0.08910 ( 2)
 251 V   0.89150 0.02018 0.08634 0.00197 ( 1)
 252 G   0.88358 0.03039 0.08306 0.00297 ( 1)
 253 D   0.87133 0.04118 0.08346 0.00403 ( 1)
 254 E   0.32930 0.58257 0.03113 0.05700 ( 2)
 255 R   0.71194 0.20087 0.06754 0.01965 ( 1)
 256 M   0.90695 0.00738 0.08494 0.00072 ( 1)
 257 Q   0.66371 0.24863 0.06334 0.02432 ( 1)
 258 G   0.00409 0.90681 0.00039 0.08872 ( 2)
 259 M   0.07047 0.84055 0.00675 0.08223 ( 2)
 260 M   0.90695 0.00738 0.08494 0.00072 ( 1)
 261 N   0.00058 0.91031 0.00005 0.08906 ( 2)
 262 R   0.07605 0.83510 0.00715 0.08170 ( 2)
 263 L   0.86804 0.04449 0.08311 0.00435 ( 1)
 264 A   0.84941 0.06478 0.07947 0.00634 ( 1)
 265 R   0.02135 0.88959 0.00204 0.08703 ( 2)
 266 A   0.90599 0.00842 0.08477 0.00082 ( 1)
 267 G   0.00410 0.90680 0.00039 0.08871 ( 2)
 268 T   0.83597 0.07817 0.07821 0.00765 ( 1)
 269 T   0.76267 0.15103 0.07152 0.01478 ( 1)
 270 V   0.90329 0.00918 0.08663 0.00090 ( 1)
 271 V   0.89827 0.01538 0.08485 0.00150 ( 1)
 272 V   0.29423 0.61782 0.02751 0.06044 ( 2)
 273 V   0.86535 0.04706 0.08299 0.00460 ( 1)
 274 F   0.89646 0.01614 0.08582 0.00158 ( 1)
 275 S   0.90335 0.01062 0.08499 0.00104 ( 1)
 276 S   0.00527 0.90564 0.00050 0.08860 ( 2)
 277 R   0.10331 0.80782 0.00984 0.07903 ( 2)
 278 R   0.00026 0.91063 0.00002 0.08909 ( 2)
 279 L   0.07984 0.83120 0.00765 0.08132 ( 2)
 280 A   0.90738 0.00703 0.08490 0.00069 ( 1)
 281 R   0.74387 0.16903 0.07057 0.01654 ( 1)
 282 V   0.89827 0.01538 0.08485 0.00150 ( 1)
 283 F   0.90151 0.01110 0.08630 0.00109 ( 1)
 284 F   0.90496 0.00950 0.08461 0.00093 ( 1)
 285 E   0.89759 0.01598 0.08487 0.00156 ( 1)
 286 S   0.89862 0.01533 0.08455 0.00150 ( 1)
 287 V   0.89827 0.01538 0.08485 0.00150 ( 1)
 288 V   0.89827 0.01538 0.08485 0.00150 ( 1)
 289 L   0.86737 0.04517 0.08304 0.00442 ( 1)
 290 A   0.84871 0.06548 0.07941 0.00641 ( 1)
 291 N   0.83534 0.07858 0.07839 0.00769 ( 1)
 292 L   0.60782 0.30422 0.05819 0.02976 ( 1)
 293 T   0.85828 0.05401 0.08242 0.00528 ( 1)
 294 G   0.90383 0.01020 0.08497 0.00100 ( 1)
 295 K   0.89477 0.01863 0.08477 0.00182 ( 1)
 296 V   0.89827 0.01538 0.08485 0.00150 ( 1)
 297 W   0.87032 0.04225 0.08330 0.00413 ( 1)
 298 I   0.42722 0.48535 0.03994 0.04748 ( 2)
 299 A   0.90738 0.00703 0.08490 0.00069 ( 1)
 300 S   0.79622 0.11517 0.07734 0.01127 ( 1)
 301 E   0.83880 0.07460 0.07931 0.00730 ( 1)
 302 D   0.45538 0.45728 0.04261 0.04474 ( 2)
 303 W   0.87032 0.04225 0.08330 0.00413 ( 1)
 304 A   0.83061 0.07360 0.08859 0.00720 ( 1)
 305 I   0.84110 0.07289 0.07888 0.00713 ( 1)
 306 S   0.90335 0.01062 0.08499 0.00104 ( 1)
 307 R   0.04129 0.86970 0.00392 0.08509 ( 2)
 308 H   0.81572 0.09803 0.07665 0.00959 ( 1)
 309 I   0.90933 0.00535 0.08479 0.00052 ( 1)
 310 T   0.58661 0.32524 0.05633 0.03182 ( 1)
 311 G   0.25768 0.65390 0.02444 0.06397 ( 2)
 312 V   0.89572 0.01792 0.08461 0.00175 ( 1)
 313 P   0.89558 0.01853 0.08408 0.00181 ( 1)
 314 G   0.89228 0.02101 0.08465 0.00206 ( 1)
 315 I   0.90933 0.00535 0.08479 0.00052 ( 1)
 316 Q   0.17728 0.73400 0.01692 0.07181 ( 2)
 317 G   0.38750 0.52464 0.03654 0.05133 ( 2)
 318 I   0.88484 0.02781 0.08462 0.00272 ( 1)
 319 G   0.89172 0.02158 0.08459 0.00211 ( 1)
 320 T   0.00025 0.91055 0.00013 0.08908 ( 2)
 321 V   0.89885 0.01479 0.08491 0.00145 ( 1)
 322 L   0.86804 0.04449 0.08311 0.00435 ( 1)
 323 G   0.87598 0.03796 0.08235 0.00371 ( 1)
 324 V   0.89696 0.01568 0.08583 0.00153 ( 1)
 325 A   0.90738 0.00703 0.08490 0.00069 ( 1)
 326 I   0.90933 0.00535 0.08479 0.00052 ( 1)
 327 Q   0.87913 0.03367 0.08390 0.00329 ( 1)
 328 L   0.02476 0.88620 0.00235 0.08670 ( 2)
 329 R   0.28089 0.63076 0.02665 0.06171 ( 2)
 330 L   0.00010 0.91078 0.00001 0.08910 ( 2)
 331 V   0.84547 0.06839 0.07946 0.00669 ( 1)
 332 P   0.86533 0.04693 0.08314 0.00459 ( 1)
 333 G   0.82258 0.09117 0.07733 0.00892 ( 1)
 334 L   0.86776 0.04478 0.08308 0.00438 ( 1)
 335 K   0.75868 0.15434 0.07188 0.01510 ( 1)
 336 E   0.73405 0.17744 0.07114 0.01736 ( 1)
 337 F   0.61566 0.29640 0.05894 0.02900 ( 1)
 338 E   0.82714 0.08470 0.07987 0.00829 ( 1)
 339 E   0.87635 0.03555 0.08462 0.00348 ( 1)
 340 A   0.90738 0.00703 0.08490 0.00069 ( 1)
 341 Y   0.84330 0.06877 0.08121 0.00673 ( 1)
 342 A   0.84983 0.06436 0.07951 0.00630 ( 1)
 343 Q   0.00077 0.91012 0.00007 0.08904 ( 2)
 344 A   0.47757 0.43372 0.04628 0.04243 ( 1)
 345 D   0.90679 0.00755 0.08493 0.00074 ( 1)
 346 K   0.89477 0.01863 0.08477 0.00182 ( 1)
 347 G   0.00354 0.90735 0.00034 0.08877 ( 2)
 348 A   0.84027 0.07388 0.07862 0.00723 ( 1)
 349 P   0.03450 0.87644 0.00332 0.08574 ( 2)
 350 L   0.12805 0.78318 0.01215 0.07662 ( 2)
 351 P   0.42576 0.48580 0.04091 0.04753 ( 2)
 352 C   0.89949 0.01430 0.08481 0.00140 ( 1)
 353 P   0.00748 0.90343 0.00070 0.08839 ( 2)
 354 T   0.02776 0.88320 0.00263 0.08641 ( 2)
 355 G   0.82184 0.09187 0.07730 0.00899 ( 1)
 356 A   0.80603 0.10761 0.07583 0.01053 ( 1)
 357 W   0.63872 0.27421 0.06024 0.02683 ( 1)
 358 C   0.90120 0.01259 0.08497 0.00123 ( 1)
 359 S   0.90468 0.00941 0.08499 0.00092 ( 1)
 360 S   0.90468 0.00941 0.08499 0.00092 ( 1)
 361 N   0.86258 0.04981 0.08273 0.00487 ( 1)
 362 Q   0.87913 0.03367 0.08390 0.00329 ( 1)
 363 L   0.42925 0.48331 0.04015 0.04728 ( 2)
 364 C   0.89949 0.01430 0.08481 0.00140 ( 1)
 365 R   0.81998 0.09168 0.07937 0.00897 ( 1)
 366 E   0.07805 0.83293 0.00754 0.08149 ( 2)
 367 C   0.89789 0.01436 0.08635 0.00140 ( 1)
 368 C   0.00019 0.91070 0.00002 0.08910 ( 2)
 369 A   0.61079 0.30115 0.05860 0.02946 ( 1)
 370 F   0.90794 0.00653 0.08489 0.00064 ( 1)
 371 T   0.00004 0.91085 0.00000 0.08911 ( 2)
 372 A   0.06030 0.85063 0.00584 0.08322 ( 2)
 373 H   0.90407 0.01000 0.08495 0.00098 ( 1)
 374 T   0.00002 0.91086 0.00000 0.08911 ( 2)
 375 T   0.84103 0.07305 0.07877 0.00715 ( 1)
 376 P   0.90451 0.00963 0.08492 0.00094 ( 1)
 377 T   0.02233 0.88861 0.00212 0.08694 ( 2)
 378 L   0.89798 0.01622 0.08421 0.00159 ( 1)
 379 G   0.00007 0.91082 0.00001 0.08911 ( 2)
 380 P   0.46596 0.44654 0.04382 0.04369 ( 1)
 381 F   0.84922 0.06502 0.07940 0.00636 ( 1)
 382 S   0.90335 0.01062 0.08499 0.00104 ( 1)
 383 M   0.90695 0.00738 0.08494 0.00072 ( 1)
 384 S   0.86115 0.05119 0.08265 0.00501 ( 1)
 385 S   0.54338 0.36833 0.05226 0.03603 ( 1)
 386 A   0.90738 0.00703 0.08490 0.00069 ( 1)
 387 Y   0.90004 0.01369 0.08494 0.00134 ( 1)
 388 N   0.90528 0.00890 0.08495 0.00087 ( 1)
 389 V   0.21149 0.70004 0.01999 0.06849 ( 2)
 390 Y   0.89421 0.01950 0.08439 0.00191 ( 1)
 391 Q   0.01732 0.89349 0.00178 0.08741 ( 2)
 392 A   0.85255 0.05981 0.08179 0.00585 ( 1)
 393 V   0.89827 0.01538 0.08485 0.00150 ( 1)
 394 Y   0.87350 0.03861 0.08412 0.00378 ( 1)
 395 T   0.01569 0.89521 0.00152 0.08758 ( 2)
 396 V   0.89827 0.01538 0.08485 0.00150 ( 1)
 397 A   0.90713 0.00729 0.08487 0.00071 ( 1)
 398 H   0.86319 0.04918 0.08282 0.00481 ( 1)
 399 G   0.90383 0.01020 0.08497 0.00100 ( 1)
 400 L   0.90552 0.00871 0.08492 0.00085 ( 1)
 401 H   0.90428 0.00979 0.08497 0.00096 ( 1)
 402 Q   0.87913 0.03367 0.08390 0.00329 ( 1)
 403 L   0.90552 0.00871 0.08492 0.00085 ( 1)
 404 L   0.86804 0.04449 0.08311 0.00435 ( 1)
 405 G   0.90383 0.01020 0.08497 0.00100 ( 1)
 406 C   0.87707 0.03514 0.08435 0.00344 ( 1)
 407 A   0.83138 0.08274 0.07778 0.00810 ( 1)
 408 S   0.86357 0.04862 0.08305 0.00476 ( 1)
 409 G   0.80097 0.11048 0.07774 0.01081 ( 1)
 410 A   0.75951 0.15265 0.07291 0.01493 ( 1)
 411 C   0.85067 0.06151 0.08181 0.00602 ( 1)
 412 S   0.90335 0.01062 0.08499 0.00104 ( 1)
 413 R   0.89263 0.02067 0.08468 0.00202 ( 1)
 414 S   0.42943 0.48296 0.04037 0.04725 ( 2)
 415 Q   0.00610 0.90479 0.00059 0.08852 ( 2)
 416 V   0.90752 0.00695 0.08484 0.00068 ( 1)
 417 Y   0.32525 0.58666 0.03069 0.05739 ( 2)
 418 P   0.90442 0.00972 0.08491 0.00095 ( 1)
 419 W   0.87032 0.04225 0.08330 0.00413 ( 1)
 420 Q   0.87913 0.03367 0.08390 0.00329 ( 1)
 421 L   0.85665 0.05564 0.08227 0.00544 ( 1)
 422 L   0.86432 0.04819 0.08277 0.00471 ( 1)
 423 E   0.77475 0.13845 0.07325 0.01355 ( 1)
 424 Q   0.87913 0.03367 0.08390 0.00329 ( 1)
 425 I   0.90933 0.00535 0.08479 0.00052 ( 1)
 426 H   0.00642 0.90449 0.00060 0.08849 ( 2)
 427 K   0.89420 0.01921 0.08472 0.00188 ( 1)
 428 A   0.78761 0.12569 0.07440 0.01230 ( 1)
 429 N   0.58155 0.33036 0.05578 0.03232 ( 1)
 430 F   0.90774 0.00673 0.08487 0.00066 ( 1)
 431 L   0.85665 0.05564 0.08227 0.00544 ( 1)
 432 L   0.77783 0.13347 0.07565 0.01306 ( 1)
 433 H   0.90201 0.01206 0.08476 0.00118 ( 1)
 434 E   0.00406 0.90402 0.00348 0.08844 ( 2)
 435 D   0.90679 0.00755 0.08493 0.00074 ( 1)
 436 T   0.86553 0.04677 0.08312 0.00458 ( 1)
 437 V   0.89827 0.01538 0.08485 0.00150 ( 1)
 438 T   0.00137 0.90952 0.00013 0.08898 ( 2)
 439 F   0.61278 0.29928 0.05866 0.02928 ( 1)
 440 N   0.13858 0.77255 0.01329 0.07558 ( 2)
 441 D   0.90679 0.00755 0.08493 0.00074 ( 1)
 442 N   0.87875 0.03369 0.08427 0.00330 ( 1)
 443 G   0.13064 0.78034 0.01268 0.07634 ( 2)
 444 D   0.28479 0.62717 0.02667 0.06136 ( 2)
 445 P   0.82512 0.08873 0.07746 0.00868 ( 1)
 446 L   0.36693 0.54531 0.03441 0.05335 ( 2)
 447 S   0.85996 0.05238 0.08253 0.00512 ( 1)
 448 G   0.81438 0.09939 0.07651 0.00972 ( 1)
 449 Y   0.84330 0.06877 0.08121 0.00673 ( 1)
 450 N   0.07719 0.83398 0.00724 0.08159 ( 2)
 451 I   0.87279 0.03979 0.08353 0.00389 ( 1)
 452 I   0.87283 0.03980 0.08348 0.00389 ( 1)
 453 A   0.84861 0.06558 0.07940 0.00642 ( 1)
 454 W   0.87032 0.04225 0.08330 0.00413 ( 1)
 455 D   0.90679 0.00755 0.08493 0.00074 ( 1)
 456 W   0.87032 0.04225 0.08330 0.00413 ( 1)
 457 I   0.01494 0.89597 0.00143 0.08766 ( 2)
 458 G   0.88988 0.02341 0.08442 0.00229 ( 1)
 459 F   0.44402 0.46810 0.04208 0.04580 ( 2)
 460 K   0.77429 0.13878 0.07336 0.01358 ( 1)
 461 W   0.87032 0.04225 0.08330 0.00413 ( 1)
 462 T   0.90599 0.00824 0.08496 0.00081 ( 1)
 463 F   0.90689 0.00758 0.08479 0.00074 ( 1)
 464 T   0.88351 0.02807 0.08567 0.00275 ( 1)
 465 V   0.35477 0.55751 0.03317 0.05454 ( 2)
 466 I   0.02095 0.88999 0.00199 0.08707 ( 2)
 467 G   0.89443 0.01784 0.08599 0.00175 ( 1)
 468 S   0.90277 0.01120 0.08493 0.00110 ( 1)
 469 S   0.90335 0.01062 0.08499 0.00104 ( 1)
 470 T   0.81928 0.09311 0.07850 0.00911 ( 1)
 471 A   0.13637 0.77478 0.01305 0.07580 ( 2)
 472 S   0.36635 0.26188 0.34616 0.02562 ( 1)
 473 P   0.79316 0.11834 0.07693 0.01158 ( 1)
 474 V   0.57364 0.33825 0.05501 0.03309 ( 1)
 475 R   0.00085 0.91004 0.00008 0.08903 ( 2)
 476 L   0.81122 0.10009 0.07890 0.00979 ( 1)
 477 D   0.82309 0.09092 0.07709 0.00890 ( 1)
 478 I   0.87096 0.04161 0.08335 0.00407 ( 1)
 479 N   0.86258 0.04981 0.08273 0.00487 ( 1)
 480 E   0.77488 0.13832 0.07326 0.01353 ( 1)
 481 T   0.90598 0.00826 0.08496 0.00081 ( 1)
 482 K   0.81809 0.09364 0.07910 0.00916 ( 1)
 483 I   0.90895 0.00573 0.08476 0.00056 ( 1)
 484 Q   0.87913 0.03367 0.08390 0.00329 ( 1)
 485 W   0.87032 0.04225 0.08330 0.00413 ( 1)
 486 H   0.79835 0.11390 0.07660 0.01114 ( 1)
 487 R   0.05983 0.85110 0.00581 0.08327 ( 2)
 488 K   0.89477 0.01863 0.08477 0.00182 ( 1)
 489 D   0.84490 0.06920 0.07913 0.00677 ( 1)
 490 N   0.90551 0.00867 0.08497 0.00085 ( 1)
 491 Q   0.87913 0.03367 0.08390 0.00329 ( 1)
 492 V   0.89696 0.01568 0.08583 0.00153 ( 1)
 493 P   0.86176 0.05050 0.08280 0.00494 ( 1)
 494 Q   0.22863 0.51087 0.21052 0.04998 ( 2)
 495 S   0.85040 0.06178 0.08178 0.00604 ( 1)
 496 V   0.89827 0.01538 0.08485 0.00150 ( 1)
 497 C   0.88560 0.02663 0.08517 0.00261 ( 1)
 498 S   0.90335 0.01062 0.08499 0.00104 ( 1)
 499 S   0.89139 0.02100 0.08555 0.00205 ( 1)
 500 D   0.90631 0.00802 0.08488 0.00078 ( 1)
 501 C   0.85545 0.05674 0.08227 0.00555 ( 1)
 502 L   0.85665 0.05564 0.08227 0.00544 ( 1)
 503 E   0.45317 0.45824 0.04376 0.04483 ( 2)
 504 G   0.88908 0.02421 0.08434 0.00237 ( 1)
 505 H   0.82324 0.08976 0.07821 0.00878 ( 1)
 506 Q   0.87913 0.03367 0.08390 0.00329 ( 1)
 507 R   0.04837 0.86254 0.00471 0.08438 ( 2)
 508 V   0.89827 0.01538 0.08485 0.00150 ( 1)
 509 V   0.86679 0.04562 0.08313 0.00446 ( 1)
 510 V   0.00027 0.91062 0.00003 0.08909 ( 2)
 511 G   0.54002 0.37170 0.05192 0.03636 ( 1)
 512 S   0.85073 0.06351 0.07954 0.00621 ( 1)
 513 H   0.16106 0.75010 0.01545 0.07338 ( 2)
 514 H   0.82611 0.08768 0.07763 0.00858 ( 1)
 515 C   0.85315 0.05903 0.08205 0.00577 ( 1)
 516 C   0.90120 0.01259 0.08497 0.00123 ( 1)
 517 F   0.87914 0.03343 0.08416 0.00327 ( 1)
 518 E   0.77703 0.13618 0.07347 0.01332 ( 1)
 519 C   0.85067 0.06151 0.08181 0.00602 ( 1)
 520 V   0.88916 0.02445 0.08399 0.00239 ( 1)
 521 P   0.90204 0.01209 0.08469 0.00118 ( 1)
 522 C   0.85145 0.06073 0.08188 0.00594 ( 1)
 523 E   0.25086 0.66070 0.02380 0.06464 ( 2)
 524 S   0.55399 0.35785 0.05315 0.03501 ( 1)
 525 G   0.89138 0.02192 0.08456 0.00214 ( 1)
 526 T   0.29385 0.61812 0.02756 0.06047 ( 2)
 527 F   0.51397 0.39895 0.04806 0.03903 ( 1)
 528 L   0.40241 0.50914 0.03864 0.04981 ( 2)
 529 N   0.46448 0.44809 0.04359 0.04384 ( 1)
 530 K   0.29630 0.61542 0.02807 0.06021 ( 2)
 531 S   0.85288 0.05945 0.08185 0.00582 ( 1)
 532 D   0.90419 0.01013 0.08468 0.00099 ( 1)
 533 L   0.80354 0.11031 0.07536 0.01079 ( 1)
 534 Y   0.76698 0.14632 0.07238 0.01432 ( 1)
 535 R   0.09914 0.81184 0.00960 0.07942 ( 2)
 536 C   0.89686 0.01692 0.08456 0.00166 ( 1)
 537 Q   0.87913 0.03367 0.08390 0.00329 ( 1)
 538 P   0.54678 0.36498 0.05253 0.03571 ( 1)
 539 C   0.85067 0.06151 0.08181 0.00602 ( 1)
 540 G   0.89228 0.02101 0.08465 0.00206 ( 1)
 541 K   0.82779 0.08395 0.08004 0.00821 ( 1)
 542 E   0.82714 0.08470 0.07987 0.00829 ( 1)
 543 E   0.89755 0.01600 0.08488 0.00157 ( 1)
 544 W   0.87032 0.04225 0.08330 0.00413 ( 1)
 545 A   0.79944 0.11211 0.07748 0.01097 ( 1)
 546 P   0.86582 0.04645 0.08319 0.00454 ( 1)
 547 E   0.04578 0.86524 0.00433 0.08465 ( 2)
 548 G   0.35044 0.56070 0.03401 0.05485 ( 2)
 549 S   0.90468 0.00941 0.08499 0.00092 ( 1)
 550 Q   0.87913 0.03367 0.08390 0.00329 ( 1)
 551 T   0.82760 0.08634 0.07761 0.00845 ( 1)
 552 C   0.90120 0.01259 0.08497 0.00123 ( 1)
 553 F   0.90717 0.00730 0.08482 0.00071 ( 1)
 554 P   0.46219 0.44999 0.04380 0.04402 ( 1)
 555 R   0.89374 0.02003 0.08427 0.00196 ( 1)
 556 T   0.86674 0.04557 0.08324 0.00446 ( 1)
 557 V   0.89576 0.01788 0.08461 0.00175 ( 1)
 558 V   0.78223 0.13106 0.07389 0.01282 ( 1)
 559 F   0.14294 0.76822 0.01368 0.07516 ( 2)
 560 L   0.86734 0.04518 0.08306 0.00442 ( 1)
 561 A   0.12270 0.78840 0.01177 0.07713 ( 2)
 562 W   0.15304 0.75808 0.01472 0.07417 ( 2)
 563 H   0.14255 0.76846 0.01381 0.07518 ( 2)
 564 E   0.89759 0.01598 0.08487 0.00156 ( 1)
 565 C   0.00749 0.90342 0.00070 0.08838 ( 2)
 566 I   0.84348 0.07053 0.07910 0.00690 ( 1)
 567 S   0.85040 0.06178 0.08178 0.00604 ( 1)
 568 W   0.87032 0.04225 0.08330 0.00413 ( 1)
 569 V   0.89827 0.01538 0.08485 0.00150 ( 1)
 570 L   0.86486 0.04767 0.08280 0.00466 ( 1)
 571 L   0.86771 0.04483 0.08308 0.00439 ( 1)
 572 A   0.37517 0.53602 0.03636 0.05244 ( 2)
 573 A   0.59800 0.31392 0.05737 0.03071 ( 1)
 574 N   0.89154 0.02258 0.08366 0.00221 ( 1)
 575 T   0.71240 0.20053 0.06745 0.01962 ( 1)
 576 L   0.14992 0.76125 0.01435 0.07448 ( 2)
 577 L   0.86645 0.04609 0.08296 0.00451 ( 1)
 578 L   0.86793 0.04460 0.08310 0.00436 ( 1)
 579 V   0.60788 0.30417 0.05820 0.02976 ( 1)
 580 V   0.60702 0.30501 0.05813 0.02984 ( 1)
 581 V   0.61818 0.29388 0.05919 0.02875 ( 1)
 582 V   0.12580 0.78530 0.01208 0.07683 ( 2)
 583 G   0.89322 0.02008 0.08473 0.00196 ( 1)
 584 T   0.55859 0.35321 0.05364 0.03456 ( 1)
 585 V   0.57533 0.33655 0.05519 0.03293 ( 1)
 586 G   0.90154 0.01249 0.08475 0.00122 ( 1)
 587 L   0.86804 0.04449 0.08311 0.00435 ( 1)
 588 F   0.86961 0.04293 0.08325 0.00420 ( 1)
 589 A   0.90694 0.00747 0.08485 0.00073 ( 1)
 590 W   0.87032 0.04225 0.08330 0.00413 ( 1)
 591 H   0.90431 0.00976 0.08498 0.00095 ( 1)
 592 Q   0.31757 0.59348 0.03089 0.05806 ( 2)
 593 D   0.90679 0.00755 0.08493 0.00074 ( 1)
 594 T   0.90518 0.00905 0.08488 0.00089 ( 1)
 595 P   0.85470 0.05755 0.08212 0.00563 ( 1)
 596 V   0.89827 0.01538 0.08485 0.00150 ( 1)
 597 V   0.89770 0.01594 0.08480 0.00156 ( 1)
 598 R   0.89263 0.02067 0.08468 0.00202 ( 1)
 599 S   0.77955 0.13184 0.07572 0.01290 ( 1)
 600 A   0.83861 0.07298 0.08128 0.00714 ( 1)
 601 G   0.89228 0.02101 0.08465 0.00206 ( 1)
 602 G   0.90383 0.01020 0.08497 0.00100 ( 1)
 603 W   0.00310 0.90780 0.00029 0.08881 ( 2)
 604 L   0.86804 0.04449 0.08311 0.00435 ( 1)
 605 C   0.90105 0.01274 0.08496 0.00125 ( 1)
 606 F   0.89646 0.01614 0.08582 0.00158 ( 1)
 607 L   0.89239 0.01996 0.08570 0.00195 ( 1)
 608 M   0.90695 0.00738 0.08494 0.00072 ( 1)
 609 L   0.86530 0.04724 0.08285 0.00462 ( 1)
 610 G   0.90274 0.01129 0.08486 0.00110 ( 1)
 611 S   0.90263 0.01134 0.08492 0.00111 ( 1)
 612 L   0.86804 0.04449 0.08311 0.00435 ( 1)
 613 A   0.81378 0.09779 0.07887 0.00957 ( 1)
 614 G   0.00857 0.90232 0.00083 0.08828 ( 2)
 615 A   0.51992 0.39177 0.04998 0.03833 ( 1)
 616 S   0.90196 0.01212 0.08474 0.00119 ( 1)
 617 C   0.00675 0.90219 0.00280 0.08826 ( 2)
 618 S   0.90468 0.00941 0.08499 0.00092 ( 1)
 619 L   0.83067 0.08328 0.07790 0.00815 ( 1)
 620 Y   0.84330 0.06877 0.08121 0.00673 ( 1)
 621 G   0.90357 0.01047 0.08494 0.00102 ( 1)
 622 F   0.90757 0.00690 0.08486 0.00067 ( 1)
 623 F   0.86961 0.04293 0.08325 0.00420 ( 1)
 624 G   0.88908 0.02421 0.08434 0.00237 ( 1)
 625 E   0.88845 0.02509 0.08400 0.00245 ( 1)
 626 P   0.90360 0.01054 0.08483 0.00103 ( 1)
 627 T   0.47165 0.44058 0.04466 0.04310 ( 1)
 628 L   0.12415 0.78707 0.01178 0.07700 ( 2)
 629 P   0.66383 0.24811 0.06378 0.02427 ( 1)
 630 A   0.43318 0.47806 0.04198 0.04677 ( 2)
 631 C   0.89949 0.01430 0.08481 0.00140 ( 1)
 632 L   0.85662 0.05588 0.08204 0.00547 ( 1)
 633 L   0.86780 0.04474 0.08308 0.00438 ( 1)
 634 R   0.90084 0.01295 0.08494 0.00127 ( 1)
 635 Q   0.87585 0.03695 0.08359 0.00361 ( 1)
 636 A   0.82751 0.08660 0.07742 0.00847 ( 1)
 637 I   0.82220 0.09172 0.07711 0.00897 ( 1)
 638 F   0.86961 0.04293 0.08325 0.00420 ( 1)
 639 A   0.90624 0.00818 0.08479 0.00080 ( 1)
 640 L   0.86361 0.04869 0.08293 0.00476 ( 1)
 641 G   0.85372 0.05849 0.08207 0.00572 ( 1)
 642 F   0.90103 0.01341 0.08425 0.00131 ( 1)
 643 T   0.81692 0.09699 0.07661 0.00949 ( 1)
 644 I   0.86420 0.05029 0.08058 0.00492 ( 1)
 645 F   0.90770 0.00676 0.08487 0.00066 ( 1)
 646 L   0.86781 0.04473 0.08309 0.00438 ( 1)
 647 S   0.90321 0.01076 0.08497 0.00105 ( 1)
 648 C   0.90120 0.01259 0.08497 0.00123 ( 1)
 649 L   0.60782 0.30422 0.05819 0.02976 ( 1)
 650 T   0.79809 0.11343 0.07739 0.01110 ( 1)
 651 V   0.86236 0.05005 0.08270 0.00490 ( 1)
 652 R   0.90049 0.01330 0.08491 0.00130 ( 1)
 653 S   0.89853 0.01542 0.08453 0.00151 ( 1)
 654 F   0.90794 0.00653 0.08489 0.00064 ( 1)
 655 Q   0.80986 0.10175 0.07843 0.00995 ( 1)
 656 L   0.83243 0.07889 0.08096 0.00772 ( 1)
 657 V   0.83672 0.07766 0.07802 0.00760 ( 1)
 658 I   0.90933 0.00535 0.08479 0.00052 ( 1)
 659 I   0.90866 0.00602 0.08473 0.00059 ( 1)
 660 F   0.90794 0.00653 0.08489 0.00064 ( 1)
 661 K   0.89477 0.01863 0.08477 0.00182 ( 1)
 662 F   0.86961 0.04293 0.08325 0.00420 ( 1)
 663 S   0.90259 0.01138 0.08492 0.00111 ( 1)
 664 T   0.48845 0.42424 0.04581 0.04150 ( 1)
 665 K   0.89338 0.02002 0.08464 0.00196 ( 1)
 666 V   0.07538 0.83557 0.00731 0.08175 ( 2)
 667 P   0.89024 0.02207 0.08553 0.00216 ( 1)
 668 T   0.10872 0.80225 0.01054 0.07849 ( 2)
 669 F   0.90794 0.00653 0.08489 0.00064 ( 1)
 670 Y   0.36594 0.54609 0.03454 0.05343 ( 2)
 671 H   0.14564 0.76421 0.01539 0.07477 ( 2)
 672 T   0.50998 0.40289 0.04771 0.03942 ( 1)
 673 W   0.87032 0.04225 0.08330 0.00413 ( 1)
 674 V   0.90646 0.00802 0.08475 0.00078 ( 1)
 675 Q   0.80552 0.10608 0.07801 0.01038 ( 1)
 676 N   0.90551 0.00867 0.08497 0.00085 ( 1)
 677 H   0.89874 0.01369 0.08623 0.00134 ( 1)
 678 G   0.85194 0.06026 0.08190 0.00590 ( 1)
 679 A   0.87192 0.04048 0.08365 0.00396 ( 1)
 680 A   0.05400 0.85708 0.00508 0.08385 ( 2)
 681 L   0.86804 0.04449 0.08311 0.00435 ( 1)
 682 F   0.86961 0.04293 0.08325 0.00420 ( 1)
 683 I   0.58721 0.32548 0.05547 0.03184 ( 1)
 684 M   0.33592 0.57624 0.03146 0.05638 ( 2)
 685 I   0.90898 0.00570 0.08476 0.00056 ( 1)
 686 S   0.49073 0.05031 0.45404 0.00492 ( 1)
 687 S   0.77955 0.13184 0.07572 0.01290 ( 1)
 688 M   0.00536 0.90554 0.00051 0.08859 ( 2)
 689 A   0.05832 0.80765 0.05501 0.07901 ( 2)
 690 Q   0.87913 0.03367 0.08390 0.00329 ( 1)
 691 L   0.86482 0.04771 0.08280 0.00467 ( 1)
 692 L   0.86065 0.05165 0.08265 0.00505 ( 1)
 693 I   0.90933 0.00535 0.08479 0.00052 ( 1)
 694 C   0.85126 0.06092 0.08186 0.00596 ( 1)
 695 L   0.77783 0.13347 0.07565 0.01306 ( 1)
 696 T   0.86639 0.04592 0.08320 0.00449 ( 1)
 697 W   0.87032 0.04225 0.08330 0.00413 ( 1)
 698 L   0.86171 0.05082 0.08250 0.00497 ( 1)
 699 A   0.29032 0.62146 0.02742 0.06080 ( 2)
 700 V   0.78259 0.13070 0.07392 0.01279 ( 1)
 701 W   0.87032 0.04225 0.08330 0.00413 ( 1)
 702 T   0.90199 0.01038 0.08662 0.00102 ( 1)
 703 P   0.79316 0.11834 0.07693 0.01158 ( 1)
 704 L   0.86804 0.04449 0.08311 0.00435 ( 1)
 705 P   0.90351 0.01063 0.08482 0.00104 ( 1)
 706 T   0.74731 0.16480 0.07177 0.01612 ( 1)
 707 R   0.87197 0.04127 0.08272 0.00404 ( 1)
 708 E   0.82714 0.08470 0.07987 0.00829 ( 1)
 709 Y   0.89827 0.01545 0.08477 0.00151 ( 1)
 710 Q   0.18835 0.72295 0.01797 0.07073 ( 2)
 711 R   0.90087 0.01292 0.08495 0.00126 ( 1)
 712 F   0.90717 0.00730 0.08482 0.00071 ( 1)
 713 P   0.90360 0.01054 0.08483 0.00103 ( 1)
 714 Q   0.63656 0.27542 0.06108 0.02695 ( 1)
 715 L   0.86804 0.04449 0.08311 0.00435 ( 1)
 716 V   0.89576 0.01788 0.08461 0.00175 ( 1)
 717 V   0.46195 0.45069 0.04327 0.04409 ( 1)
 718 L   0.85665 0.05564 0.08227 0.00544 ( 1)
 719 E   0.76128 0.15189 0.07198 0.01486 ( 1)
 720 C   0.90120 0.01259 0.08497 0.00123 ( 1)
 721 T   0.79548 0.11604 0.07713 0.01135 ( 1)
 722 E   0.89759 0.01598 0.08487 0.00156 ( 1)
 723 T   0.00059 0.91030 0.00006 0.08906 ( 2)
 724 N   0.79282 0.12095 0.07440 0.01183 ( 1)
 725 S   0.88142 0.03248 0.08292 0.00318 ( 1)
 726 L   0.86804 0.04449 0.08311 0.00435 ( 1)
 727 G   0.90383 0.01020 0.08497 0.00100 ( 1)
 728 F   0.90794 0.00653 0.08489 0.00064 ( 1)
 729 M   0.25390 0.65747 0.02430 0.06432 ( 2)
 730 L   0.86781 0.04473 0.08309 0.00438 ( 1)
 731 A   0.90738 0.00703 0.08490 0.00069 ( 1)
 732 F   0.90266 0.00996 0.08641 0.00097 ( 1)
 733 G   0.00074 0.91015 0.00007 0.08904 ( 2)
 734 Y   0.90004 0.01369 0.08494 0.00134 ( 1)
 735 N   0.86258 0.04981 0.08273 0.00487 ( 1)
 736 G   0.81095 0.10277 0.07623 0.01005 ( 1)
 737 L   0.90215 0.01021 0.08664 0.00100 ( 1)
 738 L   0.90469 0.00954 0.08484 0.00093 ( 1)
 739 S   0.89672 0.01723 0.08436 0.00169 ( 1)
 740 V   0.08191 0.82931 0.00764 0.08113 ( 2)
 741 S   0.89415 0.01825 0.08581 0.00179 ( 1)
 742 A   0.90653 0.00788 0.08482 0.00077 ( 1)
 743 F   0.86961 0.04293 0.08325 0.00420 ( 1)
 744 A   0.90576 0.00865 0.08474 0.00085 ( 1)
 745 C   0.89998 0.01381 0.08486 0.00135 ( 1)
 746 S   0.82832 0.08550 0.07782 0.00836 ( 1)
 747 Y   0.90004 0.01369 0.08494 0.00134 ( 1)
 748 L   0.60798 0.30406 0.05821 0.02975 ( 1)
 749 G   0.90350 0.01053 0.08494 0.00103 ( 1)
 750 K   0.89338 0.02002 0.08464 0.00196 ( 1)
 751 D   0.90679 0.00755 0.08493 0.00074 ( 1)
 752 L   0.86680 0.04572 0.08301 0.00447 ( 1)
 753 P   0.79316 0.11834 0.07693 0.01158 ( 1)
 754 E   0.89759 0.01598 0.08487 0.00156 ( 1)
 755 N   0.90551 0.00867 0.08497 0.00085 ( 1)
 756 Y   0.88038 0.03328 0.08308 0.00326 ( 1)
 757 N   0.82644 0.08745 0.07755 0.00856 ( 1)
 758 E   0.89759 0.01598 0.08487 0.00156 ( 1)
 759 A   0.90694 0.00747 0.08485 0.00073 ( 1)
 760 K   0.81809 0.09364 0.07910 0.00916 ( 1)
 761 C   0.85067 0.06151 0.08181 0.00602 ( 1)
 762 V   0.90752 0.00695 0.08484 0.00068 ( 1)
 763 T   0.90377 0.01046 0.08475 0.00102 ( 1)
 764 F   0.90496 0.00950 0.08461 0.00093 ( 1)
 765 G   0.43410 0.47832 0.04078 0.04680 ( 2)
 766 L   0.86787 0.04467 0.08309 0.00437 ( 1)
 767 L   0.90552 0.00871 0.08492 0.00085 ( 1)
 768 L   0.83239 0.08178 0.07783 0.00800 ( 1)
 769 N   0.81161 0.10222 0.07616 0.01000 ( 1)
 770 F   0.90717 0.00730 0.08482 0.00071 ( 1)
 771 V   0.35156 0.56062 0.03297 0.05485 ( 2)
 772 S   0.90335 0.01062 0.08499 0.00104 ( 1)
 773 W   0.87032 0.04225 0.08330 0.00413 ( 1)
 774 I   0.90933 0.00535 0.08479 0.00052 ( 1)
 775 A   0.49447 0.41834 0.04626 0.04093 ( 1)
 776 F   0.85028 0.06396 0.07950 0.00626 ( 1)
 777 F   0.90754 0.00693 0.08485 0.00068 ( 1)
 778 T   0.90578 0.00846 0.08494 0.00083 ( 1)
 779 V   0.03648 0.87451 0.00345 0.08556 ( 2)
 780 A   0.90648 0.00780 0.08496 0.00076 ( 1)
 781 S   0.82030 0.09349 0.07706 0.00915 ( 1)
 782 V   0.50136 0.03821 0.45668 0.00374 ( 1)
 783 Y   0.78646 0.12690 0.07422 0.01242 ( 1)
 784 Q   0.30024 0.61178 0.02812 0.05985 ( 2)
 785 G   0.81888 0.09486 0.07698 0.00928 ( 1)
 786 K   0.89477 0.01863 0.08477 0.00182 ( 1)
 787 Y   0.89649 0.01565 0.08633 0.00153 ( 1)
 788 L   0.60779 0.30426 0.05819 0.02977 ( 1)
 789 P   0.82187 0.09198 0.07716 0.00900 ( 1)
 790 A   0.74056 0.17256 0.07000 0.01688 ( 1)
 791 V   0.82849 0.08567 0.07746 0.00838 ( 1)
 792 N   0.89731 0.01684 0.08421 0.00165 ( 1)
 793 V   0.37770 0.53462 0.03538 0.05230 ( 2)
 794 L   0.64860 0.26352 0.06210 0.02578 ( 1)
 795 A   0.89415 0.01829 0.08578 0.00179 ( 1)
 796 V   0.00238 0.90851 0.00023 0.08888 ( 2)
 797 L   0.64432 0.26779 0.06169 0.02620 ( 1)
 798 S   0.90468 0.00941 0.08499 0.00092 ( 1)
 799 S   0.90468 0.00941 0.08499 0.00092 ( 1)
 800 L   0.86797 0.04457 0.08310 0.00436 ( 1)
 801 S   0.82907 0.08475 0.07789 0.00829 ( 1)
 802 S   0.90242 0.01166 0.08478 0.00114 ( 1)
 803 G   0.90383 0.01020 0.08497 0.00100 ( 1)
 804 F   0.90794 0.00653 0.08489 0.00064 ( 1)
 805 S   0.74928 0.16422 0.07044 0.01607 ( 1)
 806 G   0.89603 0.01728 0.08500 0.00169 ( 1)
 807 Y   0.84330 0.06877 0.08121 0.00673 ( 1)
 808 F   0.89646 0.01614 0.08582 0.00158 ( 1)
 809 L   0.89380 0.01879 0.08557 0.00184 ( 1)
 810 P   0.90387 0.01026 0.08486 0.00100 ( 1)
 811 K   0.89287 0.02053 0.08459 0.00201 ( 1)
 812 C   0.90120 0.01259 0.08497 0.00123 ( 1)
 813 Y   0.86817 0.04546 0.08193 0.00445 ( 1)
 814 V   0.89378 0.01985 0.08443 0.00194 ( 1)
 815 I   0.90933 0.00535 0.08479 0.00052 ( 1)
 816 V   0.81754 0.09636 0.07667 0.00943 ( 1)
 817 C   0.80361 0.10987 0.07577 0.01075 ( 1)
 818 R   0.89791 0.01588 0.08467 0.00155 ( 1)
 819 P   0.41358 0.49762 0.04011 0.04868 ( 2)
 820 D   0.89542 0.01888 0.08386 0.00185 ( 1)
 821 L   0.89995 0.01425 0.08440 0.00139 ( 1)
 822 N   0.90456 0.00961 0.08489 0.00094 ( 1)
 823 S   0.82880 0.08502 0.07786 0.00832 ( 1)
 824 T   0.80953 0.10199 0.07850 0.00998 ( 1)
 825 E   0.89759 0.01598 0.08487 0.00156 ( 1)
 826 H   0.90431 0.00976 0.08498 0.00095 ( 1)
 827 F   0.90689 0.00758 0.08479 0.00074 ( 1)
 828 Q   0.87913 0.03367 0.08390 0.00329 ( 1)
 829 A   0.90729 0.00713 0.08489 0.00070 ( 1)
 830 S   0.90335 0.01062 0.08499 0.00104 ( 1)
 831 I   0.89855 0.01413 0.08594 0.00138 ( 1)
 832 Q   0.87913 0.03367 0.08390 0.00329 ( 1)
 833 D   0.84320 0.07089 0.07897 0.00694 ( 1)
 834 Y   0.90004 0.01369 0.08494 0.00134 ( 1)
 835 T   0.89353 0.01992 0.08460 0.00195 ( 1)
 836 R   0.89263 0.02067 0.08468 0.00202 ( 1)
 837 R   0.80184 0.11176 0.07546 0.01093 ( 1)
 838 W   0.01579 0.89514 0.00149 0.08757 ( 2)
 839 G   0.04821 0.86284 0.00453 0.08441 ( 2)
 840 S   0.78484 0.12873 0.07384 0.01259 ( 1)
 841 T   0.90181 0.01241 0.08457 0.00121 ( 1)


lnL = -10656.705151

Bayes Empirical Bayes (BEB) probabilities for 4 classes (class)
(amino acids refer to 1st sequence: 1.Tarsier)

   1 M   0.91358 0.00690 0.07891 0.00061 ( 1)
   2 F   0.71700 0.19969 0.06504 0.01826 ( 1)
   3 H   0.62702 0.29235 0.05449 0.02615 ( 1)
   4 H   0.00301 0.91395 0.00027 0.08277 ( 2)
   5 V   0.00012 0.91417 0.00001 0.08570 ( 2)
   6 A   0.68756 0.22880 0.06265 0.02099 ( 1)
   7 H   0.03106 0.88588 0.00274 0.08032 ( 2)
   8 L   0.88063 0.03634 0.07973 0.00331 ( 1)
   9 V   0.59213 0.32751 0.05115 0.02921 ( 1)
  10 G   0.85957 0.06017 0.07489 0.00537 ( 1)
  11 L   0.87562 0.04133 0.07928 0.00377 ( 1)
  12 Q   0.87871 0.03877 0.07900 0.00352 ( 1)
  13 L   0.87064 0.04582 0.07934 0.00419 ( 1)
  14 S   0.15656 0.76133 0.01363 0.06848 ( 2)
