Supplemental results for CODEML (seqf: Human_TAS1R1_breaks2_2nd_attempt.txt  treef: TAS1R1_revised_tree_following_error_message.txt)


MLEs of dN/dS (w) for site classes (K=4)

site class             0        1       2a       2b
proportion       0.68118  0.21119  0.08215  0.02547
background w     0.09990  1.00000  0.09990  1.00000
foreground w     0.09990  1.00000  1.00000  1.00000

Naive Empirical Bayes (NEB) probabilities for 4 classes
(amino acids refer to 1st sequence: 1.Tarsier)

   1 M   0.90029 0.00711 0.09175 0.00086 ( 1)
   2 F   0.60317 0.29437 0.06695 0.03550 ( 1)
   3 H   0.42297 0.47621 0.04338 0.05743 ( 2)
   4 H   0.00034 0.89204 0.00004 0.10758 ( 2)
   5 V   0.00001 0.89237 0.00000 0.10762 ( 2)
   6 A   0.56364 0.33319 0.06298 0.04018 ( 1)
   7 H   0.00549 0.88697 0.00057 0.10697 ( 2)
   8 L   0.86150 0.04155 0.09193 0.00501 ( 1)
   9 V   0.38318 0.51228 0.04276 0.06178 ( 2)
  10 G   0.81378 0.09108 0.08416 0.01098 ( 1)
  11 L   0.85247 0.04726 0.09457 0.00570 ( 1)
  12 Q   0.85222 0.04372 0.09879 0.00527 ( 1)
  13 L   0.84607 0.05265 0.09493 0.00635 ( 1)
  14 S   0.04587 0.84716 0.00479 0.10217 ( 2)
  15 I   0.53303 0.36420 0.05885 0.04392 ( 1)
  16 S   0.81170 0.09295 0.08415 0.01121 ( 1)
  17 C   0.79048 0.11324 0.08262 0.01366 ( 1)
  18 C   0.88923 0.01257 0.09668 0.00152 ( 1)
  19 W   0.61120 0.28656 0.06768 0.03456 ( 1)
  20 A   0.88274 0.01661 0.09864 0.00200 ( 1)
  21 F   0.71699 0.18543 0.07522 0.02236 ( 1)
  22 S   0.42023 0.47872 0.04332 0.05773 ( 2)
  23 C   0.89277 0.01241 0.09332 0.00150 ( 1)
  24 H   0.89109 0.01511 0.09198 0.00182 ( 1)
  25 N   0.06909 0.79843 0.03618 0.09629 ( 2)
  26 T   0.01342 0.87906 0.00150 0.10602 ( 2)
  27 E   0.75073 0.15165 0.07933 0.01829 ( 1)
  28 F   0.03148 0.86136 0.00328 0.10388 ( 2)
  29 S   0.83852 0.05970 0.09458 0.00720 ( 1)
  30 P   0.86639 0.03965 0.08917 0.00478 ( 1)
  31 D   0.83731 0.06900 0.08537 0.00832 ( 1)
  32 F   0.90150 0.00642 0.09131 0.00077 ( 1)
  33 S   0.81643 0.08871 0.08417 0.01070 ( 1)
  34 L   0.89719 0.00963 0.09202 0.00116 ( 1)
  35 P   0.70870 0.18886 0.07966 0.02278 ( 1)
  36 G   0.87752 0.02548 0.09393 0.00307 ( 1)
  37 N   0.62255 0.27512 0.06915 0.03318 ( 1)
  38 Y   0.89168 0.01319 0.09355 0.00159 ( 1)
  39 L   0.89697 0.00983 0.09202 0.00119 ( 1)
  40 L   0.85588 0.04291 0.09603 0.00518 ( 1)
  41 A   0.36808 0.52573 0.04279 0.06340 ( 2)
  42 G   0.89522 0.01089 0.09258 0.00131 ( 1)
  43 F   0.16861 0.72522 0.01871 0.08746 ( 2)
  44 F   0.90144 0.00647 0.09130 0.00078 ( 1)
  45 P   0.34798 0.23161 0.39247 0.02793 ( 3)
  46 L   0.89810 0.00874 0.09211 0.00105 ( 1)
  47 H   0.85487 0.04423 0.09557 0.00533 ( 1)
  48 G   0.11352 0.77976 0.01269 0.09404 ( 2)
  49 D   0.25213 0.64160 0.02889 0.07738 ( 2)
  50 C   0.11270 0.78088 0.01225 0.09418 ( 2)
  51 L   0.59727 0.30018 0.06635 0.03620 ( 1)
  52 Q   0.86848 0.03249 0.09511 0.00392 ( 1)
  53 V   0.89042 0.01404 0.09384 0.00169 ( 1)
  54 R   0.85477 0.03944 0.10104 0.00476 ( 1)
  55 H   0.33805 0.40537 0.20769 0.04889 ( 2)
  56 R   0.79708 0.09879 0.09221 0.01191 ( 1)
  57 P   0.88210 0.01531 0.10075 0.00185 ( 1)
  58 E   0.88799 0.01622 0.09383 0.00196 ( 1)
  59 V   0.88963 0.01482 0.09376 0.00179 ( 1)
  60 T   0.74701 0.15749 0.07651 0.01899 ( 1)
  61 L   0.86565 0.03419 0.09603 0.00412 ( 1)
  62 C   0.83162 0.06657 0.09379 0.00803 ( 1)
  63 D   0.89753 0.00978 0.09151 0.00118 ( 1)
  64 R   0.87418 0.02881 0.09353 0.00347 ( 1)
  65 T   0.00034 0.89204 0.00004 0.10758 ( 2)
  66 C   0.03435 0.85853 0.00357 0.10354 ( 2)
  67 G   0.05682 0.83642 0.00589 0.10087 ( 2)
  68 F   0.89931 0.00857 0.09109 0.00103 ( 1)
  69 N   0.86670 0.03952 0.08901 0.00477 ( 1)
  70 G   0.25001 0.64620 0.02586 0.07793 ( 2)
  71 H   0.88779 0.01830 0.09170 0.00221 ( 1)
  72 G   0.76449 0.13951 0.07918 0.01682 ( 1)
  73 Y   0.35358 0.54375 0.03709 0.06558 ( 2)
  74 H   0.32544 0.57198 0.03359 0.06898 ( 2)
  75 L   0.80555 0.09932 0.08315 0.01198 ( 1)
  76 F   0.84176 0.06512 0.08526 0.00785 ( 1)
  77 Q   0.18675 0.70748 0.02045 0.08532 ( 2)
  78 A   0.29249 0.60484 0.02972 0.07294 ( 2)
  79 M   0.36195 0.53647 0.03689 0.06470 ( 2)
  80 R   0.66848 0.23216 0.07136 0.02800 ( 1)
  81 L   0.61536 0.28629 0.06382 0.03453 ( 1)
  82 S   0.00043 0.89196 0.00004 0.10757 ( 2)
  83 I   0.13689 0.63442 0.15218 0.07651 ( 2)
  84 E   0.16404 0.73052 0.01733 0.08810 ( 2)
  85 A   0.69318 0.20840 0.07329 0.02513 ( 1)
  86 I   0.85595 0.04402 0.09472 0.00531 ( 1)
  87 N   0.89560 0.01111 0.09196 0.00134 ( 1)
  88 N   0.89560 0.01111 0.09196 0.00134 ( 1)
  89 S   0.89249 0.01338 0.09252 0.00161 ( 1)
  90 T   0.87879 0.02484 0.09337 0.00300 ( 1)
  91 V   0.42482 0.47477 0.04316 0.05726 ( 2)
  92 L   0.85017 0.04954 0.09431 0.00597 ( 1)
  93 L   0.84994 0.04977 0.09429 0.00600 ( 1)
  94 P   0.89671 0.00983 0.09227 0.00119 ( 1)
  95 N   0.71001 0.19087 0.07609 0.02302 ( 1)
  96 V   0.08936 0.80455 0.00906 0.09703 ( 2)
  97 T   0.82624 0.07955 0.08462 0.00959 ( 1)
  98 L   0.47841 0.41514 0.05638 0.05007 ( 1)
  99 G   0.88425 0.01882 0.09465 0.00227 ( 1)
 100 Y   0.16566 0.72887 0.01757 0.08790 ( 2)
 101 E   0.00300 0.88942 0.00032 0.10727 ( 2)
 102 L   0.85680 0.04297 0.09505 0.00518 ( 1)
 103 Y   0.07263 0.82077 0.00762 0.09899 ( 2)
 104 D   0.86854 0.03611 0.09100 0.00435 ( 1)
 105 V   0.88563 0.01877 0.09334 0.00226 ( 1)
 106 C   0.88716 0.01795 0.09273 0.00216 ( 1)
 107 S   0.85649 0.04546 0.09258 0.00548 ( 1)
 108 E   0.77233 0.13034 0.08161 0.01572 ( 1)
 109 S   0.83567 0.06253 0.09426 0.00754 ( 1)
 110 A   0.89842 0.00920 0.09127 0.00111 ( 1)
 111 N   0.85577 0.04347 0.09552 0.00524 ( 1)
 112 V   0.88563 0.01877 0.09334 0.00226 ( 1)
 113 Y   0.83300 0.06473 0.09446 0.00781 ( 1)
 114 A   0.89732 0.01028 0.09116 0.00124 ( 1)
 115 T   0.87896 0.02467 0.09339 0.00298 ( 1)
 116 L   0.85017 0.04954 0.09431 0.00597 ( 1)
 117 S   0.07728 0.81543 0.00894 0.09834 ( 2)
 118 V   0.74472 0.15776 0.07849 0.01903 ( 1)
 119 L   0.89564 0.01115 0.09186 0.00135 ( 1)
 120 S   0.89168 0.01417 0.09245 0.00171 ( 1)
 121 L   0.10898 0.69427 0.11302 0.08373 ( 2)
 122 P   0.37812 0.51561 0.04408 0.06218 ( 2)
 123 G   0.88192 0.02113 0.09440 0.00255 ( 1)
 124 T   0.06649 0.82613 0.00774 0.09963 ( 2)
 125 R   0.00001 0.89237 0.00000 0.10762 ( 2)
 126 H   0.89387 0.01237 0.09227 0.00149 ( 1)
 127 I   0.85332 0.04662 0.09443 0.00562 ( 1)
 128 D   0.27457 0.62147 0.02901 0.07495 ( 2)
 129 I   0.81520 0.09195 0.08176 0.01109 ( 1)
 130 Q   0.82493 0.07561 0.09034 0.00912 ( 1)
 131 G   0.40059 0.49311 0.04684 0.05947 ( 2)
 132 D   0.77321 0.13154 0.07939 0.01586 ( 1)
 133 F   0.10835 0.78483 0.01216 0.09465 ( 2)
 134 L   0.89564 0.01115 0.09186 0.00135 ( 1)
 135 H   0.00436 0.88809 0.00044 0.10711 ( 2)
 136 Y   0.83211 0.06562 0.09436 0.00791 ( 1)
 137 S   0.03064 0.85212 0.01447 0.10277 ( 2)
 138 P   0.88194 0.02437 0.09075 0.00294 ( 1)
 139 K   0.71310 0.18827 0.07592 0.02271 ( 1)
 140 I   0.63619 0.26129 0.07101 0.03151 ( 1)
 141 V   0.66477 0.23663 0.07006 0.02854 ( 1)
 142 A   0.87513 0.02883 0.09255 0.00348 ( 1)
 143 V   0.88579 0.01861 0.09335 0.00224 ( 1)
 144 I   0.47893 0.41781 0.05288 0.05039 ( 1)
 145 G   0.73405 0.16721 0.07858 0.02017 ( 1)
 146 P   0.57633 0.32441 0.06013 0.03912 ( 1)
 147 D   0.35038 0.42592 0.17233 0.05137 ( 2)
 148 S   0.00025 0.89213 0.00003 0.10759 ( 2)
 149 T   0.81411 0.09057 0.08440 0.01092 ( 1)
 150 D   0.08034 0.81332 0.00825 0.09809 ( 2)
 151 H   0.00011 0.89227 0.00001 0.10761 ( 2)
 152 A   0.56634 0.33051 0.06329 0.03986 ( 1)
 153 A   0.67679 0.22707 0.06876 0.02739 ( 1)
 154 T   0.57651 0.32523 0.05904 0.03922 ( 1)
 155 T   0.07176 0.82115 0.00805 0.09903 ( 2)
 156 A   0.87658 0.02683 0.09335 0.00324 ( 1)
 157 A   0.46162 0.05960 0.47159 0.00719 ( 3)
 158 L   0.84649 0.05319 0.09391 0.00641 ( 1)
 159 L   0.85410 0.04564 0.09475 0.00550 ( 1)
 160 S   0.79571 0.10910 0.08203 0.01316 ( 1)
 161 P   0.83584 0.06265 0.09395 0.00756 ( 1)
 162 F   0.35047 0.54607 0.03761 0.06586 ( 2)
 163 L   0.84700 0.05173 0.09503 0.00624 ( 1)
 164 V   0.31652 0.58014 0.03338 0.06997 ( 2)
 165 P   0.89643 0.01011 0.09224 0.00122 ( 1)
 166 L   0.14636 0.74728 0.01624 0.09012 ( 2)
 167 I   0.90254 0.00619 0.09052 0.00075 ( 1)
 168 S   0.89734 0.00906 0.09251 0.00109 ( 1)
 169 Y   0.86585 0.03864 0.09085 0.00466 ( 1)
 170 E   0.00308 0.88934 0.00033 0.10726 ( 2)
 171 A   0.90089 0.00677 0.09152 0.00082 ( 1)
 172 S   0.89734 0.00906 0.09251 0.00109 ( 1)
 173 S   0.89668 0.00968 0.09247 0.00117 ( 1)
 174 T   0.00029 0.89209 0.00003 0.10759 ( 2)
 175 T   0.02109 0.87137 0.00246 0.10509 ( 2)
 176 L   0.88627 0.01276 0.09943 0.00154 ( 1)
 177 S   0.33090 0.39308 0.22862 0.04741 ( 2)
 178 V   0.00045 0.89177 0.00023 0.10755 ( 2)
 179 K   0.88559 0.01796 0.09429 0.00217 ( 1)
 180 R   0.20061 0.69387 0.02184 0.08368 ( 2)
 181 Q   0.60132 0.29357 0.06970 0.03541 ( 1)
 182 Y   0.83924 0.05853 0.09517 0.00706 ( 1)
 183 P   0.89775 0.00881 0.09237 0.00106 ( 1)
 184 S   0.84624 0.05203 0.09545 0.00627 ( 1)
 185 F   0.88738 0.01275 0.09834 0.00154 ( 1)
 186 L   0.85680 0.04297 0.09505 0.00518 ( 1)
 187 R   0.89253 0.01260 0.09336 0.00152 ( 1)
 188 T   0.89903 0.00793 0.09208 0.00096 ( 1)
 189 I   0.85802 0.04988 0.08608 0.00602 ( 1)
 190 P   0.89775 0.00881 0.09237 0.00106 ( 1)
 191 S   0.28081 0.61375 0.03142 0.07402 ( 2)
 192 D   0.89594 0.00758 0.09556 0.00091 ( 1)
 193 R   0.22649 0.47574 0.24040 0.05738 ( 2)
 194 H   0.05802 0.83522 0.00603 0.10073 ( 2)
 195 Q   0.86848 0.03249 0.09511 0.00392 ( 1)
 196 V   0.88963 0.01482 0.09376 0.00179 ( 1)
 197 E   0.88882 0.01540 0.09392 0.00186 ( 1)
 198 V   0.47585 0.42425 0.04874 0.05117 ( 1)
 199 M   0.83400 0.07229 0.08499 0.00872 ( 1)
 200 V   0.88963 0.01482 0.09376 0.00179 ( 1)
 201 L   0.36642 0.19059 0.42001 0.02299 ( 3)
 202 L   0.85680 0.04297 0.09505 0.00518 ( 1)
 203 L   0.85661 0.04315 0.09503 0.00520 ( 1)
 204 Q   0.01502 0.87746 0.00170 0.10582 ( 2)
 205 R   0.19997 0.51554 0.22231 0.06217 ( 2)
 206 F   0.90164 0.00628 0.09132 0.00076 ( 1)
 207 R   0.00035 0.89203 0.00004 0.10758 ( 2)
 208 W   0.85916 0.04079 0.09513 0.00492 ( 1)
 209 V   0.39947 0.49975 0.04051 0.06027 ( 2)
 210 W   0.85916 0.04079 0.09513 0.00492 ( 1)
 211 I   0.90360 0.00515 0.09063 0.00062 ( 1)
 212 S   0.84987 0.05184 0.09204 0.00625 ( 1)
 213 L   0.85680 0.04297 0.09505 0.00518 ( 1)
 214 V   0.23514 0.66124 0.02387 0.07975 ( 2)
 215 G   0.89630 0.00983 0.09269 0.00118 ( 1)
 216 S   0.89679 0.00960 0.09246 0.00116 ( 1)
 217 Y   0.00108 0.89130 0.00012 0.10749 ( 2)
 218 G   0.71429 0.18316 0.08047 0.02209 ( 1)
 219 D   0.90009 0.00726 0.09177 0.00088 ( 1)
 220 Y   0.86585 0.03864 0.09085 0.00466 ( 1)
 221 G   0.88448 0.01859 0.09468 0.00224 ( 1)
 222 Q   0.68258 0.21889 0.07213 0.02640 ( 1)
 223 Q   0.10020 0.79304 0.01112 0.09564 ( 2)
 224 G   0.71076 0.19021 0.07609 0.02294 ( 1)
 225 V   0.88330 0.01687 0.09779 0.00204 ( 1)
 226 Q   0.65293 0.24563 0.07182 0.02962 ( 1)
 227 A   0.57914 0.32089 0.06127 0.03870 ( 1)
 228 L   0.85854 0.04125 0.09524 0.00498 ( 1)
 229 E   0.32526 0.57145 0.03438 0.06892 ( 2)
 230 N   0.00744 0.88505 0.00076 0.10674 ( 2)
 231 Q   0.65168 0.24714 0.07137 0.02981 ( 1)
 232 A   0.90089 0.00677 0.09152 0.00082 ( 1)
 233 T   0.88688 0.01989 0.09083 0.00240 ( 1)
 234 D   0.00119 0.89120 0.00013 0.10748 ( 2)
 235 Q   0.63224 0.26214 0.07401 0.03161 ( 1)
 236 G   0.23480 0.43750 0.27493 0.05276 ( 2)
 237 I   0.85714 0.05077 0.08597 0.00612 ( 1)
 238 C   0.89306 0.01213 0.09335 0.00146 ( 1)
 239 I   0.86180 0.03842 0.09515 0.00463 ( 1)
 240 A   0.85266 0.04646 0.09528 0.00560 ( 1)
 241 F   0.90164 0.00628 0.09132 0.00076 ( 1)
 242 K   0.88559 0.01796 0.09429 0.00217 ( 1)
 243 D   0.45801 0.03971 0.49749 0.00479 ( 3)
 244 I   0.37746 0.52032 0.03946 0.06275 ( 2)
 245 V   0.76483 0.13793 0.08061 0.01663 ( 1)
 246 P   0.89553 0.01100 0.09214 0.00133 ( 1)
 247 L   0.83668 0.07012 0.08474 0.00846 ( 1)
 248 S   0.53536 0.36075 0.06039 0.04351 ( 1)
 249 A   0.90089 0.00677 0.09152 0.00082 ( 1)
 250 R   0.00018 0.89220 0.00002 0.10760 ( 2)
 251 V   0.88480 0.01959 0.09325 0.00236 ( 1)
 252 G   0.86951 0.02903 0.09795 0.00350 ( 1)
 253 D   0.85996 0.03972 0.09552 0.00479 ( 1)
 254 E   0.31935 0.57713 0.03392 0.06960 ( 2)
 255 R   0.70272 0.19852 0.07482 0.02394 ( 1)
 256 M   0.90029 0.00711 0.09175 0.00086 ( 1)
 257 Q   0.65371 0.24514 0.07159 0.02956 ( 1)
 258 G   0.00366 0.88577 0.00374 0.10683 ( 2)
 259 M   0.06604 0.82744 0.00673 0.09979 ( 2)
 260 M   0.90029 0.00711 0.09175 0.00086 ( 1)
 261 N   0.00052 0.89187 0.00006 0.10756 ( 2)
 262 R   0.06695 0.77042 0.06971 0.09291 ( 2)
 263 L   0.85680 0.04297 0.09505 0.00518 ( 1)
 264 A   0.84282 0.06386 0.08562 0.00770 ( 1)
 265 R   0.01989 0.87269 0.00218 0.10525 ( 2)
 266 A   0.89952 0.00812 0.09138 0.00098 ( 1)
 267 G   0.00372 0.88551 0.00398 0.10680 ( 2)
 268 T   0.82876 0.07707 0.08488 0.00929 ( 1)
 269 T   0.75072 0.14730 0.08421 0.01777 ( 1)
 270 V   0.89883 0.00891 0.09119 0.00107 ( 1)
 271 V   0.88963 0.01482 0.09376 0.00179 ( 1)
 272 V   0.22120 0.47647 0.24487 0.05746 ( 2)
 273 V   0.85381 0.04542 0.09529 0.00548 ( 1)
 274 F   0.89202 0.01574 0.09035 0.00190 ( 1)
 275 S   0.89568 0.01023 0.09285 0.00123 ( 1)
 276 S   0.00485 0.88754 0.00057 0.10704 ( 2)
 277 R   0.10137 0.78600 0.01784 0.09479 ( 2)
 278 R   0.00023 0.89215 0.00002 0.10760 ( 2)
 279 L   0.07628 0.81632 0.00895 0.09845 ( 2)
 280 A   0.90089 0.00677 0.09152 0.00082 ( 1)
 281 R   0.73446 0.16657 0.07887 0.02009 ( 1)
 282 V   0.88963 0.01482 0.09376 0.00179 ( 1)
 283 F   0.89705 0.01079 0.09086 0.00130 ( 1)
 284 F   0.89869 0.00917 0.09103 0.00111 ( 1)
 285 E   0.88882 0.01540 0.09392 0.00186 ( 1)
 286 S   0.89102 0.01482 0.09237 0.00179 ( 1)
 287 V   0.88963 0.01482 0.09376 0.00179 ( 1)
 288 V   0.88963 0.01482 0.09376 0.00179 ( 1)
 289 L   0.85614 0.04362 0.09498 0.00526 ( 1)
 290 A   0.84211 0.06456 0.08555 0.00779 ( 1)
 291 N   0.82786 0.07736 0.08545 0.00933 ( 1)
 292 L   0.59762 0.29991 0.06630 0.03617 ( 1)
 293 T   0.84658 0.05216 0.09496 0.00629 ( 1)
 294 G   0.89630 0.00983 0.09269 0.00118 ( 1)
 295 K   0.88559 0.01796 0.09429 0.00217 ( 1)
 296 V   0.88963 0.01482 0.09376 0.00179 ( 1)
 297 W   0.85916 0.04079 0.09513 0.00492 ( 1)
 298 I   0.41604 0.48388 0.04173 0.05836 ( 2)
 299 A   0.90089 0.00677 0.09152 0.00082 ( 1)
 300 S   0.78338 0.11135 0.09185 0.01343 ( 1)
 301 E   0.82502 0.07178 0.09454 0.00866 ( 1)
 302 D   0.44429 0.45563 0.04514 0.05495 ( 2)
 303 W   0.85916 0.04079 0.09513 0.00492 ( 1)
 304 A   0.83203 0.07446 0.08453 0.00898 ( 1)
 305 I   0.83536 0.07215 0.08378 0.00870 ( 1)
 306 S   0.89568 0.01023 0.09285 0.00123 ( 1)
 307 R   0.03939 0.85316 0.00456 0.10289 ( 2)
 308 H   0.80816 0.09675 0.08342 0.01167 ( 1)
 309 I   0.90360 0.00515 0.09063 0.00062 ( 1)
 310 T   0.57636 0.32035 0.06466 0.03863 ( 1)
 311 G   0.06843 0.17857 0.73146 0.02154 ( 3)
 312 V   0.88711 0.01729 0.09351 0.00209 ( 1)
 313 P   0.88120 0.01763 0.09905 0.00213 ( 1)
 314 G   0.88280 0.02026 0.09450 0.00244 ( 1)
 315 I   0.90360 0.00515 0.09063 0.00062 ( 1)
 316 Q   0.17021 0.72385 0.01864 0.08730 ( 2)
 317 G   0.37683 0.52111 0.03921 0.06285 ( 2)
 318 I   0.87439 0.02707 0.09527 0.00327 ( 1)
 319 G   0.88222 0.02081 0.09445 0.00251 ( 1)
 320 T   0.00022 0.89216 0.00003 0.10760 ( 2)
 321 V   0.89021 0.01425 0.09382 0.00172 ( 1)
 322 L   0.85680 0.04297 0.09505 0.00518 ( 1)
 323 G   0.86214 0.03636 0.09712 0.00438 ( 1)
 324 V   0.88930 0.01515 0.09372 0.00183 ( 1)
 325 A   0.90089 0.00677 0.09152 0.00082 ( 1)
 326 I   0.90360 0.00515 0.09063 0.00062 ( 1)
 327 Q   0.86848 0.03249 0.09511 0.00392 ( 1)
 328 L   0.02312 0.86949 0.00253 0.10486 ( 2)
 329 R   0.27162 0.62396 0.02917 0.07525 ( 2)
 330 L   0.00009 0.89229 0.00001 0.10761 ( 2)
 331 V   0.83921 0.06753 0.08511 0.00814 ( 1)
 332 P   0.85338 0.04525 0.09592 0.00546 ( 1)
 333 G   0.81497 0.08990 0.08428 0.01084 ( 1)
 334 L   0.85652 0.04325 0.09502 0.00522 ( 1)
 335 K   0.74964 0.15219 0.07982 0.01835 ( 1)
 336 E   0.72431 0.17470 0.07993 0.02107 ( 1)
 337 F   0.60511 0.29115 0.06862 0.03511 ( 1)
 338 E   0.81483 0.08191 0.09338 0.00988 ( 1)
 339 E   0.86930 0.03466 0.09186 0.00418 ( 1)
 340 A   0.90089 0.00677 0.09152 0.00082 ( 1)
 341 Y   0.83125 0.06647 0.09426 0.00802 ( 1)
 342 A   0.84324 0.06344 0.08567 0.00765 ( 1)
 343 Q   0.00070 0.89169 0.00008 0.10754 ( 2)
 344 A   0.46747 0.43117 0.04936 0.05200 ( 1)
 345 D   0.90009 0.00726 0.09177 0.00088 ( 1)
 346 K   0.88559 0.01796 0.09429 0.00217 ( 1)
 347 G   0.00322 0.88813 0.00153 0.10711 ( 2)
 348 A   0.83348 0.07290 0.08483 0.00879 ( 1)
 349 P   0.03212 0.86063 0.00346 0.10379 ( 2)
 350 L   0.12248 0.77139 0.01310 0.09303 ( 2)
 351 P   0.23661 0.27153 0.45911 0.03275 ( 3)
 352 C   0.89137 0.01379 0.09317 0.00166 ( 1)
 353 P   0.00683 0.88565 0.00070 0.10681 ( 2)
 354 T   0.02600 0.86658 0.00290 0.10451 ( 2)
 355 G   0.81426 0.09061 0.08421 0.01093 ( 1)
 356 A   0.79819 0.10624 0.08275 0.01281 ( 1)
 357 W   0.62825 0.26967 0.06956 0.03252 ( 1)
 358 C   0.89306 0.01213 0.09335 0.00146 ( 1)
 359 S   0.89734 0.00906 0.09251 0.00109 ( 1)
 360 S   0.89734 0.00906 0.09251 0.00109 ( 1)
 361 N   0.85109 0.04811 0.09500 0.00580 ( 1)
 362 Q   0.86848 0.03249 0.09511 0.00392 ( 1)
 363 L   0.41830 0.48073 0.04299 0.05798 ( 2)
 364 C   0.89137 0.01379 0.09317 0.00166 ( 1)
 365 R   0.80732 0.08859 0.09340 0.01068 ( 1)
 366 E   0.07465 0.81829 0.00837 0.09869 ( 2)
 367 C   0.89127 0.01390 0.09316 0.00168 ( 1)
 368 C   0.00017 0.89221 0.00002 0.10760 ( 2)
 369 A   0.60050 0.29646 0.06729 0.03575 ( 1)
 370 F   0.90164 0.00628 0.09132 0.00076 ( 1)
 371 T   0.00003 0.89232 0.00004 0.10762 ( 2)
 372 A   0.05732 0.83526 0.00668 0.10073 ( 2)
 373 H   0.89665 0.00963 0.09255 0.00116 ( 1)
 374 T   0.00002 0.89234 0.00002 0.10762 ( 2)
 375 T   0.83425 0.07205 0.08502 0.00869 ( 1)
 376 P   0.89354 0.00919 0.09616 0.00111 ( 1)
 377 T   0.02075 0.87187 0.00222 0.10515 ( 2)
 378 L   0.88368 0.01543 0.09903 0.00186 ( 1)
 379 G   0.00006 0.89232 0.00001 0.10762 ( 2)
 380 P   0.45489 0.44521 0.04621 0.05369 ( 1)
 381 F   0.84268 0.06410 0.08548 0.00773 ( 1)
 382 S   0.89568 0.01023 0.09285 0.00123 ( 1)
 383 M   0.90029 0.00711 0.09175 0.00086 ( 1)
 384 S   0.84954 0.04944 0.09506 0.00596 ( 1)
 385 S   0.53322 0.36287 0.06015 0.04376 ( 1)
 386 A   0.90089 0.00677 0.09152 0.00082 ( 1)
 387 Y   0.89168 0.01319 0.09355 0.00159 ( 1)
 388 N   0.89818 0.00857 0.09222 0.00103 ( 1)
 389 V   0.20332 0.69166 0.02161 0.08342 ( 2)
 390 Y   0.87950 0.01854 0.09973 0.00224 ( 1)
 391 Q   0.01591 0.87664 0.00173 0.10572 ( 2)
 392 A   0.83826 0.05738 0.09745 0.00692 ( 1)
 393 V   0.88963 0.01482 0.09376 0.00179 ( 1)
 394 Y   0.86681 0.03770 0.09095 0.00455 ( 1)
 395 T   0.01459 0.87789 0.00164 0.10588 ( 2)
 396 V   0.88963 0.01482 0.09376 0.00179 ( 1)
 397 A   0.90064 0.00702 0.09150 0.00085 ( 1)
 398 H   0.85161 0.04748 0.09519 0.00573 ( 1)
 399 G   0.89630 0.00983 0.09269 0.00118 ( 1)
 400 L   0.89845 0.00839 0.09215 0.00101 ( 1)
 401 H   0.89686 0.00943 0.09257 0.00114 ( 1)
 402 Q   0.86848 0.03249 0.09511 0.00392 ( 1)
 403 L   0.89845 0.00839 0.09215 0.00101 ( 1)
 404 L   0.85680 0.04297 0.09505 0.00518 ( 1)
 405 G   0.89630 0.00983 0.09269 0.00118 ( 1)
 406 C   0.87055 0.03431 0.09099 0.00414 ( 1)
 407 A   0.82403 0.08168 0.08444 0.00985 ( 1)
 408 S   0.85144 0.04686 0.09604 0.00565 ( 1)
 409 G   0.78816 0.10680 0.09216 0.01288 ( 1)
 410 A   0.75300 0.15216 0.07650 0.01835 ( 1)
 411 C   0.83880 0.05943 0.09460 0.00717 ( 1)
 412 S   0.89568 0.01023 0.09285 0.00123 ( 1)
 413 R   0.88317 0.01993 0.09450 0.00240 ( 1)
 414 S   0.41855 0.48024 0.04329 0.05792 ( 2)
 415 Q   0.00562 0.88146 0.00662 0.10631 ( 2)
 416 V   0.90111 0.00670 0.09139 0.00081 ( 1)
 417 Y   0.31501 0.58225 0.03252 0.07022 ( 2)
 418 P   0.89718 0.00936 0.09233 0.00113 ( 1)
 419 W   0.85916 0.04079 0.09513 0.00492 ( 1)
 420 Q   0.86848 0.03249 0.09511 0.00392 ( 1)
 421 L   0.84496 0.05375 0.09480 0.00648 ( 1)
 422 L   0.85316 0.04658 0.09465 0.00562 ( 1)
 423 E   0.76602 0.13656 0.08095 0.01647 ( 1)
 424 Q   0.86848 0.03249 0.09511 0.00392 ( 1)
 425 I   0.90360 0.00515 0.09063 0.00062 ( 1)
 426 H   0.00589 0.88656 0.00063 0.10692 ( 2)
 427 K   0.88502 0.01852 0.09423 0.00223 ( 1)
 428 A   0.77903 0.12392 0.08210 0.01495 ( 1)
 429 N   0.57135 0.32561 0.06377 0.03927 ( 1)
 430 F   0.90144 0.00647 0.09130 0.00078 ( 1)
 431 L   0.84496 0.05375 0.09480 0.00648 ( 1)
 432 L   0.76510 0.12915 0.09017 0.01558 ( 1)
 433 H   0.89079 0.01158 0.09624 0.00140 ( 1)
 434 E   0.00371 0.88872 0.00039 0.10718 ( 2)
 435 D   0.90009 0.00726 0.09177 0.00088 ( 1)
 436 T   0.85369 0.04510 0.09577 0.00544 ( 1)
 437 V   0.88963 0.01482 0.09376 0.00179 ( 1)
 438 T   0.00125 0.89113 0.00015 0.10747 ( 2)
 439 F   0.37515 0.18363 0.41907 0.02215 ( 3)
 440 N   0.13271 0.76073 0.01481 0.09175 ( 2)
 441 D   0.90009 0.00726 0.09177 0.00088 ( 1)
 442 N   0.86692 0.03240 0.09677 0.00391 ( 1)
 443 G   0.12440 0.76948 0.01332 0.09280 ( 2)
 444 D   0.27494 0.62163 0.02845 0.07497 ( 2)
 445 P   0.81398 0.08642 0.08918 0.01042 ( 1)
 446 L   0.35623 0.53948 0.03922 0.06506 ( 2)
 447 S   0.84837 0.05060 0.09493 0.00610 ( 1)
 448 G   0.80668 0.09807 0.08342 0.01183 ( 1)
 449 Y   0.83125 0.06647 0.09426 0.00802 ( 1)
 450 N   0.07258 0.82097 0.00743 0.09901 ( 2)
 451 I   0.86162 0.03840 0.09535 0.00463 ( 1)
 452 I   0.86180 0.03842 0.09515 0.00463 ( 1)
 453 A   0.84201 0.06465 0.08554 0.00780 ( 1)
 454 W   0.85916 0.04079 0.09513 0.00492 ( 1)
 455 D   0.90009 0.00726 0.09177 0.00088 ( 1)
 456 W   0.85916 0.04079 0.09513 0.00492 ( 1)
 457 I   0.01390 0.87859 0.00155 0.10596 ( 2)
 458 G   0.88043 0.02260 0.09424 0.00273 ( 1)
 459 F   0.43308 0.46614 0.04456 0.05622 ( 2)
 460 K   0.76697 0.13767 0.07875 0.01660 ( 1)
 461 W   0.85916 0.04079 0.09513 0.00492 ( 1)
 462 T   0.89903 0.00793 0.09208 0.00096 ( 1)
 463 F   0.90060 0.00730 0.09122 0.00088 ( 1)
 464 T   0.87163 0.02727 0.09780 0.00329 ( 1)
 465 V   0.34576 0.55234 0.03529 0.06661 ( 2)
 466 I   0.01977 0.87219 0.00284 0.10519 ( 2)
 467 G   0.88862 0.01733 0.09196 0.00209 ( 1)
 468 S   0.89509 0.01079 0.09282 0.00130 ( 1)
 469 S   0.89568 0.01023 0.09285 0.00123 ( 1)
 470 T   0.80562 0.08973 0.09383 0.01082 ( 1)
 471 A   0.13047 0.76306 0.01445 0.09203 ( 2)
 472 S   0.52142 0.37459 0.05881 0.04518 ( 1)
 473 P   0.78062 0.11456 0.09100 0.01382 ( 1)
 474 V   0.56343 0.33341 0.06295 0.04021 ( 1)
 475 R   0.00075 0.89103 0.00075 0.10746 ( 2)
 476 L   0.80159 0.09769 0.08894 0.01178 ( 1)
 477 D   0.81615 0.08981 0.08321 0.01083 ( 1)
 478 I   0.85983 0.04018 0.09515 0.00485 ( 1)
 479 N   0.85109 0.04811 0.09500 0.00580 ( 1)
 480 E   0.76616 0.13643 0.08096 0.01645 ( 1)
 481 T   0.89902 0.00795 0.09208 0.00096 ( 1)
 482 K   0.80569 0.09058 0.09280 0.01092 ( 1)
 483 I   0.90321 0.00551 0.09061 0.00066 ( 1)
 484 Q   0.86848 0.03249 0.09511 0.00392 ( 1)
 485 W   0.85916 0.04079 0.09513 0.00492 ( 1)
 486 H   0.79173 0.11288 0.08177 0.01361 ( 1)
 487 R   0.05689 0.83568 0.00665 0.10078 ( 2)
 488 K   0.88559 0.01796 0.09429 0.00217 ( 1)
 489 D   0.83811 0.06821 0.08545 0.00823 ( 1)
 490 N   0.89840 0.00835 0.09224 0.00101 ( 1)
 491 Q   0.86848 0.03249 0.09511 0.00392 ( 1)
 492 V   0.88930 0.01515 0.09372 0.00183 ( 1)
 493 P   0.84987 0.04872 0.09553 0.00588 ( 1)
 494 Q   0.27255 0.62327 0.02902 0.07517 ( 2)
 495 S   0.83852 0.05970 0.09458 0.00720 ( 1)
 496 V   0.88963 0.01482 0.09376 0.00179 ( 1)
 497 C   0.87906 0.02593 0.09188 0.00313 ( 1)
 498 S   0.89568 0.01023 0.09285 0.00123 ( 1)
 499 S   0.88576 0.02045 0.09132 0.00247 ( 1)
 500 D   0.89961 0.00772 0.09174 0.00093 ( 1)
 501 C   0.84349 0.05478 0.09513 0.00661 ( 1)
 502 L   0.84496 0.05375 0.09480 0.00648 ( 1)
 503 E   0.44352 0.45124 0.05083 0.05442 ( 2)
 504 G   0.87964 0.02338 0.09416 0.00282 ( 1)
 505 H   0.81635 0.08869 0.08426 0.01070 ( 1)
 506 Q   0.86848 0.03249 0.09511 0.00392 ( 1)
 507 R   0.04581 0.84676 0.00531 0.10212 ( 2)
 508 V   0.88963 0.01482 0.09376 0.00179 ( 1)
 509 V   0.85522 0.04402 0.09545 0.00531 ( 1)
 510 V   0.00024 0.89214 0.00003 0.10759 ( 2)
 511 G   0.52988 0.36612 0.05985 0.04415 ( 1)
 512 S   0.84431 0.06262 0.08551 0.00755 ( 1)
 513 H   0.14223 0.67640 0.09979 0.08158 ( 2)
 514 H   0.81863 0.08645 0.08450 0.01043 ( 1)
 515 C   0.84124 0.05701 0.09487 0.00688 ( 1)
 516 C   0.89306 0.01213 0.09335 0.00146 ( 1)
 517 F   0.86776 0.03219 0.09616 0.00388 ( 1)
 518 E   0.76831 0.13430 0.08119 0.01620 ( 1)
 519 C   0.83880 0.05943 0.09460 0.00717 ( 1)
 520 V   0.87602 0.02339 0.09778 0.00282 ( 1)
 521 P   0.89485 0.01167 0.09207 0.00141 ( 1)
 522 C   0.84317 0.05902 0.09069 0.00712 ( 1)
 523 E   0.24173 0.65387 0.02554 0.07886 ( 2)
 524 S   0.54384 0.35284 0.06077 0.04255 ( 1)
 525 G   0.88190 0.02114 0.09440 0.00255 ( 1)
 526 T   0.28453 0.61246 0.02914 0.07386 ( 2)
 527 F   0.50316 0.39789 0.05096 0.04799 ( 1)
 528 L   0.39130 0.50738 0.04013 0.06119 ( 2)
 529 N   0.45354 0.44609 0.04657 0.05380 ( 1)
 530 K   0.28667 0.60933 0.03052 0.07349 ( 2)
 531 S   0.84141 0.05750 0.09415 0.00694 ( 1)
 532 D   0.89753 0.00978 0.09151 0.00118 ( 1)
 533 L   0.44729 0.06117 0.48416 0.00738 ( 3)
 534 Y   0.44309 0.08465 0.46206 0.01021 ( 3)
 535 R   0.08403 0.73729 0.08975 0.08892 ( 2)
 536 C   0.88556 0.01621 0.09628 0.00195 ( 1)
 537 Q   0.86848 0.03249 0.09511 0.00392 ( 1)
 538 P   0.53662 0.35968 0.06032 0.04338 ( 1)
 539 C   0.83880 0.05943 0.09460 0.00717 ( 1)
 540 G   0.88280 0.02026 0.09450 0.00244 ( 1)
 541 K   0.81522 0.08110 0.09390 0.00978 ( 1)
 542 E   0.81483 0.08191 0.09338 0.00988 ( 1)
 543 E   0.88880 0.01542 0.09392 0.00186 ( 1)
 544 W   0.85916 0.04079 0.09513 0.00492 ( 1)
 545 A   0.78692 0.10851 0.09148 0.01309 ( 1)
 546 P   0.85384 0.04478 0.09597 0.00540 ( 1)
 547 E   0.04117 0.81649 0.04387 0.09847 ( 2)
 548 G   0.34183 0.55167 0.03997 0.06653 ( 2)
 549 S   0.89734 0.00906 0.09251 0.00109 ( 1)
 550 Q   0.86848 0.03249 0.09511 0.00392 ( 1)
 551 T   0.82017 0.08513 0.08443 0.01027 ( 1)
 552 C   0.89306 0.01213 0.09335 0.00146 ( 1)
 553 F   0.90088 0.00703 0.09124 0.00085 ( 1)
 554 P   0.45252 0.44148 0.05275 0.05324 ( 1)
 555 R   0.88564 0.01938 0.09264 0.00234 ( 1)
 556 T   0.85488 0.04393 0.09590 0.00530 ( 1)
 557 V   0.88716 0.01726 0.09350 0.00208 ( 1)
 558 V   0.77360 0.12928 0.08153 0.01559 ( 1)
 559 F   0.13731 0.75581 0.01572 0.09115 ( 2)
 560 L   0.85608 0.04363 0.09502 0.00526 ( 1)
 561 A   0.11731 0.77595 0.01316 0.09358 ( 2)
 562 W   0.14665 0.74702 0.01624 0.09009 ( 2)
 563 H   0.13651 0.75694 0.01526 0.09129 ( 2)
 564 E   0.88882 0.01540 0.09392 0.00186 ( 1)
 565 C   0.00685 0.88563 0.00071 0.10681 ( 2)
 566 I   0.83778 0.06978 0.08402 0.00842 ( 1)
 567 S   0.83852 0.05970 0.09458 0.00720 ( 1)
 568 W   0.85916 0.04079 0.09513 0.00492 ( 1)
 569 V   0.88963 0.01482 0.09376 0.00179 ( 1)
 570 L   0.85362 0.04607 0.09475 0.00556 ( 1)
 571 L   0.85647 0.04329 0.09501 0.00522 ( 1)
 572 A   0.36626 0.52754 0.04258 0.06362 ( 2)
 573 A   0.58771 0.30931 0.06567 0.03730 ( 1)
 574 N   0.87786 0.02155 0.09799 0.00260 ( 1)
 575 T   0.70110 0.19627 0.07896 0.02367 ( 1)
 576 L   0.14368 0.74994 0.01594 0.09044 ( 2)
 577 L   0.85524 0.04451 0.09488 0.00537 ( 1)
 578 L   0.85669 0.04308 0.09504 0.00520 ( 1)
 579 V   0.59768 0.29986 0.06630 0.03616 ( 1)
 580 V   0.59682 0.30070 0.06621 0.03627 ( 1)
 581 V   0.60800 0.28963 0.06745 0.03493 ( 1)
 582 V   0.12030 0.77304 0.01343 0.09323 ( 2)
 583 G   0.88371 0.01936 0.09460 0.00233 ( 1)
 584 T   0.54841 0.34809 0.06152 0.04198 ( 1)
 585 V   0.56513 0.33171 0.06315 0.04001 ( 1)
 586 G   0.89401 0.01205 0.09248 0.00145 ( 1)
 587 L   0.85680 0.04297 0.09505 0.00518 ( 1)
 588 F   0.85842 0.04145 0.09513 0.00500 ( 1)
 589 A   0.90041 0.00719 0.09152 0.00087 ( 1)
 590 W   0.85916 0.04079 0.09513 0.00492 ( 1)
 591 H   0.89690 0.00939 0.09258 0.00113 ( 1)
 592 Q   0.30944 0.58369 0.03647 0.07039 ( 2)
 593 D   0.90009 0.00726 0.09177 0.00088 ( 1)
 594 T   0.89823 0.00872 0.09199 0.00105 ( 1)
 595 P   0.84294 0.05561 0.09475 0.00671 ( 1)
 596 V   0.88963 0.01482 0.09376 0.00179 ( 1)
 597 V   0.88908 0.01537 0.09370 0.00185 ( 1)
 598 R   0.88317 0.01993 0.09450 0.00240 ( 1)
 599 S   0.76700 0.12767 0.08993 0.01540 ( 1)
 600 A   0.82805 0.07087 0.09253 0.00855 ( 1)
 601 G   0.88280 0.02026 0.09450 0.00244 ( 1)
 602 G   0.89630 0.00983 0.09269 0.00118 ( 1)
 603 W   0.00282 0.88958 0.00031 0.10729 ( 2)
 604 L   0.85680 0.04297 0.09505 0.00518 ( 1)
 605 C   0.89291 0.01228 0.09333 0.00148 ( 1)
 606 F   0.89202 0.01574 0.09035 0.00190 ( 1)
 607 L   0.88720 0.01946 0.09099 0.00235 ( 1)
 608 M   0.90029 0.00711 0.09175 0.00086 ( 1)
 609 L   0.85410 0.04564 0.09475 0.00550 ( 1)
 610 G   0.89522 0.01089 0.09258 0.00131 ( 1)
 611 S   0.89497 0.01093 0.09278 0.00132 ( 1)
 612 L   0.85680 0.04297 0.09505 0.00518 ( 1)
 613 A   0.80098 0.09451 0.09311 0.01140 ( 1)
 614 G   0.00793 0.88448 0.00092 0.10667 ( 2)
 615 A   0.50984 0.38616 0.05743 0.04657 ( 1)
 616 S   0.89466 0.01170 0.09223 0.00141 ( 1)
 617 C   0.00619 0.88628 0.00065 0.10689 ( 2)
 618 S   0.89734 0.00906 0.09251 0.00109 ( 1)
 619 L   0.45573 0.04518 0.49364 0.00545 ( 3)
 620 Y   0.83125 0.06647 0.09426 0.00802 ( 1)
 621 G   0.89604 0.01008 0.09266 0.00122 ( 1)
 622 F   0.89735 0.00657 0.09529 0.00079 ( 1)
 623 F   0.85842 0.04145 0.09513 0.00500 ( 1)
 624 G   0.87964 0.02338 0.09416 0.00282 ( 1)
 625 E   0.87981 0.02429 0.09297 0.00293 ( 1)
 626 P   0.89638 0.01016 0.09223 0.00123 ( 1)
 627 T   0.46111 0.43326 0.05338 0.05225 ( 1)
 628 L   0.11895 0.77446 0.01320 0.09340 ( 2)
 629 P   0.65393 0.24452 0.07206 0.02949 ( 1)
 630 A   0.42334 0.47276 0.04688 0.05702 ( 2)
 631 C   0.89137 0.01379 0.09317 0.00166 ( 1)
 632 L   0.84554 0.05409 0.09386 0.00652 ( 1)
 633 L   0.85656 0.04321 0.09502 0.00521 ( 1)
 634 R   0.89265 0.01248 0.09337 0.00151 ( 1)
 635 Q   0.86525 0.03569 0.09475 0.00430 ( 1)
 636 A   0.82070 0.08560 0.08338 0.01032 ( 1)
 637 I   0.81493 0.09057 0.08358 0.01092 ( 1)
 638 F   0.85842 0.04145 0.09513 0.00500 ( 1)
 639 A   0.89976 0.00788 0.09141 0.00095 ( 1)
 640 L   0.85179 0.04697 0.09557 0.00567 ( 1)
 641 G   0.84185 0.05650 0.09484 0.00681 ( 1)
 642 F   0.88738 0.01275 0.09834 0.00154 ( 1)
 643 T   0.81018 0.09594 0.08231 0.01157 ( 1)
 644 I   0.85837 0.04957 0.08609 0.00598 ( 1)
 645 F   0.90141 0.00651 0.09130 0.00079 ( 1)
 646 L   0.85657 0.04320 0.09502 0.00521 ( 1)
 647 S   0.89555 0.01036 0.09284 0.00125 ( 1)
 648 C   0.89306 0.01213 0.09335 0.00146 ( 1)
 649 L   0.59762 0.29991 0.06630 0.03617 ( 1)
 650 T   0.78550 0.10977 0.09149 0.01324 ( 1)
 651 V   0.85086 0.04834 0.09497 0.00583 ( 1)
 652 R   0.89230 0.01282 0.09333 0.00155 ( 1)
 653 S   0.89094 0.01491 0.09236 0.00180 ( 1)
 654 F   0.90164 0.00628 0.09132 0.00076 ( 1)
 655 Q   0.79729 0.09842 0.09242 0.01187 ( 1)
 656 L   0.82262 0.07685 0.09126 0.00927 ( 1)
 657 V   0.82987 0.07671 0.08416 0.00925 ( 1)
 658 I   0.90360 0.00515 0.09063 0.00062 ( 1)
 659 I   0.90294 0.00580 0.09056 0.00070 ( 1)
 660 F   0.90164 0.00628 0.09132 0.00076 ( 1)
 661 K   0.88559 0.01796 0.09429 0.00217 ( 1)
 662 F   0.85842 0.04145 0.09513 0.00500 ( 1)
 663 S   0.88975 0.01081 0.09813 0.00130 ( 1)
 664 T   0.47754 0.42258 0.04891 0.05096 ( 1)
 665 K   0.88422 0.01931 0.09414 0.00233 ( 1)
 666 V   0.07182 0.82082 0.00837 0.09899 ( 2)
 667 P   0.88484 0.02152 0.09104 0.00260 ( 1)
 668 T   0.08926 0.70494 0.12079 0.08502 ( 2)
 669 F   0.90164 0.00628 0.09132 0.00076 ( 1)
 670 Y   0.35552 0.54182 0.03731 0.06535 ( 2)
 671 H   0.13854 0.75475 0.01569 0.09102 ( 2)
 672 T   0.49914 0.40170 0.05071 0.04845 ( 1)
 673 W   0.85916 0.04079 0.09513 0.00492 ( 1)
 674 V   0.90006 0.00773 0.09128 0.00093 ( 1)
 675 Q   0.79304 0.10265 0.09193 0.01238 ( 1)
 676 N   0.89840 0.00835 0.09224 0.00101 ( 1)
 677 H   0.88909 0.01323 0.09609 0.00160 ( 1)
 678 G   0.84010 0.05823 0.09464 0.00702 ( 1)
 679 A   0.86017 0.03900 0.09612 0.00470 ( 1)
 680 A   0.05058 0.84257 0.00523 0.10162 ( 2)
 681 L   0.85680 0.04297 0.09505 0.00518 ( 1)
 682 F   0.85842 0.04145 0.09513 0.00500 ( 1)
 683 I   0.57838 0.32185 0.06096 0.03882 ( 1)
 684 M   0.32653 0.56866 0.03622 0.06858 ( 2)
 685 I   0.90321 0.00549 0.09064 0.00066 ( 1)
 686 S   0.82139 0.08382 0.08468 0.01011 ( 1)
 687 S   0.76700 0.12767 0.08993 0.01540 ( 1)
 688 M   0.00487 0.88759 0.00050 0.10705 ( 2)
 689 A   0.05739 0.83592 0.00588 0.10081 ( 2)
 690 Q   0.86848 0.03249 0.09511 0.00392 ( 1)
 691 L   0.85363 0.04611 0.09470 0.00556 ( 1)
 692 L   0.84888 0.04986 0.09525 0.00601 ( 1)
 693 I   0.90360 0.00515 0.09063 0.00062 ( 1)
 694 C   0.83938 0.05886 0.09466 0.00710 ( 1)
 695 L   0.76510 0.12915 0.09017 0.01558 ( 1)
 696 T   0.86043 0.04484 0.08932 0.00541 ( 1)
 697 W   0.85916 0.04079 0.09513 0.00492 ( 1)
 698 L   0.84973 0.04902 0.09534 0.00591 ( 1)
 699 A   0.28063 0.61551 0.02962 0.07423 ( 2)
 700 V   0.77396 0.12892 0.08157 0.01555 ( 1)
 701 W   0.85916 0.04079 0.09513 0.00492 ( 1)
 702 T   0.89149 0.00991 0.09740 0.00120 ( 1)
 703 P   0.78062 0.11456 0.09100 0.01382 ( 1)
 704 L   0.85680 0.04297 0.09505 0.00518 ( 1)
 705 P   0.89629 0.01025 0.09222 0.00124 ( 1)
 706 T   0.74029 0.16410 0.07582 0.01979 ( 1)
 707 R   0.85673 0.03940 0.09912 0.00475 ( 1)
 708 E   0.81483 0.08191 0.09338 0.00988 ( 1)
 709 Y   0.88994 0.01490 0.09336 0.00180 ( 1)
 710 Q   0.16418 0.64971 0.10774 0.07836 ( 2)
 711 R   0.89268 0.01244 0.09337 0.00150 ( 1)
 712 F   0.90088 0.00703 0.09124 0.00085 ( 1)
 713 P   0.89638 0.01016 0.09223 0.00123 ( 1)
 714 Q   0.62663 0.27195 0.06862 0.03280 ( 1)
 715 L   0.85680 0.04297 0.09505 0.00518 ( 1)
 716 V   0.88716 0.01726 0.09350 0.00208 ( 1)
 717 V   0.45100 0.44890 0.04596 0.05414 ( 1)
 718 L   0.84496 0.05375 0.09480 0.00648 ( 1)
 719 E   0.75246 0.14994 0.07951 0.01808 ( 1)
 720 C   0.89306 0.01213 0.09335 0.00146 ( 1)
 721 T   0.78294 0.11233 0.09119 0.01355 ( 1)
 722 E   0.88882 0.01540 0.09392 0.00186 ( 1)
 723 T   0.00053 0.89166 0.00027 0.10754 ( 2)
 724 N   0.77902 0.11634 0.09061 0.01403 ( 1)
 725 S   0.86917 0.03123 0.09583 0.00377 ( 1)
 726 L   0.85680 0.04297 0.09505 0.00518 ( 1)
 727 G   0.89630 0.00983 0.09269 0.00118 ( 1)
 728 F   0.90164 0.00628 0.09132 0.00076 ( 1)
 729 M   0.24499 0.65069 0.02584 0.07847 ( 2)
 730 L   0.85657 0.04320 0.09502 0.00521 ( 1)
 731 A   0.90089 0.00677 0.09152 0.00082 ( 1)
 732 F   0.89118 0.00951 0.09816 0.00115 ( 1)
 733 G   0.00065 0.89122 0.00065 0.10748 ( 2)
 734 Y   0.89168 0.01319 0.09355 0.00159 ( 1)
 735 N   0.85109 0.04811 0.09500 0.00580 ( 1)
 736 G   0.80326 0.10144 0.08307 0.01223 ( 1)
 737 L   0.89692 0.00989 0.09199 0.00119 ( 1)
 738 L   0.89764 0.00919 0.09206 0.00111 ( 1)
 739 S   0.88574 0.01653 0.09574 0.00199 ( 1)
 740 V   0.07701 0.81668 0.00781 0.09849 ( 2)
 741 S   0.88850 0.01776 0.09160 0.00214 ( 1)
 742 A   0.90006 0.00759 0.09144 0.00092 ( 1)
 743 F   0.85842 0.04145 0.09513 0.00500 ( 1)
 744 A   0.89929 0.00834 0.09136 0.00101 ( 1)
 745 C   0.89186 0.01332 0.09322 0.00161 ( 1)
 746 S   0.82090 0.08430 0.08463 0.01017 ( 1)
 747 Y   0.89168 0.01319 0.09355 0.00159 ( 1)
 748 L   0.59778 0.29975 0.06631 0.03615 ( 1)
 749 G   0.89597 0.01015 0.09266 0.00122 ( 1)
 750 K   0.88422 0.01931 0.09414 0.00233 ( 1)
 751 D   0.90009 0.00726 0.09177 0.00088 ( 1)
 752 L   0.85560 0.04416 0.09492 0.00533 ( 1)
 753 P   0.78062 0.11456 0.09100 0.01382 ( 1)
 754 E   0.88882 0.01540 0.09392 0.00186 ( 1)
 755 N   0.89840 0.00835 0.09224 0.00101 ( 1)
 756 Y   0.86613 0.03181 0.09822 0.00384 ( 1)
 757 N   0.81919 0.08629 0.08411 0.01041 ( 1)
 758 E   0.88882 0.01540 0.09392 0.00186 ( 1)
 759 A   0.90041 0.00719 0.09152 0.00087 ( 1)
 760 K   0.80569 0.09058 0.09280 0.01092 ( 1)
 761 C   0.83880 0.05943 0.09460 0.00717 ( 1)
 762 V   0.90111 0.00670 0.09139 0.00081 ( 1)
 763 T   0.89684 0.01009 0.09185 0.00122 ( 1)
 764 F   0.89869 0.00917 0.09103 0.00111 ( 1)
 765 G   0.42315 0.47584 0.04362 0.05739 ( 2)
 766 L   0.85662 0.04314 0.09503 0.00520 ( 1)
 767 L   0.89845 0.00839 0.09215 0.00101 ( 1)
 768 L   0.82503 0.08063 0.08462 0.00972 ( 1)
 769 N   0.80423 0.10101 0.08257 0.01218 ( 1)
 770 F   0.90088 0.00703 0.09124 0.00085 ( 1)
 771 V   0.34126 0.55575 0.03597 0.06702 ( 2)
 772 S   0.89568 0.01023 0.09285 0.00123 ( 1)
 773 W   0.85916 0.04079 0.09513 0.00492 ( 1)
 774 I   0.90360 0.00515 0.09063 0.00062 ( 1)
 775 A   0.48364 0.41687 0.04922 0.05028 ( 1)
 776 F   0.46359 0.03440 0.49786 0.00415 ( 3)
 777 F   0.90120 0.00667 0.09132 0.00080 ( 1)
 778 T   0.89882 0.00814 0.09206 0.00098 ( 1)
 779 V   0.03311 0.83009 0.03669 0.10011 ( 2)
 780 A   0.90012 0.00753 0.09144 0.00091 ( 1)
 781 S   0.81277 0.09223 0.08389 0.01112 ( 1)
 782 V   0.84309 0.06372 0.08550 0.00768 ( 1)
 783 Y   0.77798 0.12521 0.08171 0.01510 ( 1)
 784 Q   0.29109 0.60417 0.03188 0.07286 ( 2)
 785 G   0.46325 0.05359 0.47670 0.00646 ( 3)
 786 K   0.88559 0.01796 0.09429 0.00217 ( 1)
 787 Y   0.88968 0.01515 0.09334 0.00183 ( 1)
 788 L   0.59758 0.29995 0.06629 0.03617 ( 1)
 789 P   0.81416 0.09065 0.08425 0.01093 ( 1)
 790 A   0.73165 0.17055 0.07723 0.02057 ( 1)
 791 V   0.82174 0.08471 0.08334 0.01022 ( 1)
 792 N   0.88344 0.01602 0.09861 0.00193 ( 1)
 793 V   0.36783 0.52942 0.03891 0.06385 ( 2)
 794 L   0.63835 0.25953 0.07082 0.03130 ( 1)
 795 A   0.88963 0.01784 0.09038 0.00215 ( 1)
 796 V   0.00214 0.88866 0.00203 0.10717 ( 2)
 797 L   0.63406 0.26378 0.07035 0.03181 ( 1)
 798 S   0.89734 0.00906 0.09251 0.00109 ( 1)
 799 S   0.89734 0.00906 0.09251 0.00109 ( 1)
 800 L   0.85673 0.04304 0.09504 0.00519 ( 1)
 801 S   0.82166 0.08355 0.08471 0.01008 ( 1)
 802 S   0.89511 0.01125 0.09228 0.00136 ( 1)
 803 G   0.89630 0.00983 0.09269 0.00118 ( 1)
 804 F   0.90164 0.00628 0.09132 0.00076 ( 1)
 805 S   0.73770 0.16041 0.08255 0.01935 ( 1)
 806 G   0.88926 0.01675 0.09196 0.00202 ( 1)
 807 Y   0.83125 0.06647 0.09426 0.00802 ( 1)
 808 F   0.89202 0.01574 0.09035 0.00190 ( 1)
 809 L   0.88838 0.01830 0.09111 0.00221 ( 1)
 810 P   0.89665 0.00989 0.09226 0.00119 ( 1)
 811 K   0.88372 0.01981 0.09409 0.00239 ( 1)
 812 C   0.89306 0.01213 0.09335 0.00146 ( 1)
 813 Y   0.85428 0.04359 0.09687 0.00526 ( 1)
 814 V   0.88521 0.01918 0.09329 0.00231 ( 1)
 815 I   0.90360 0.00515 0.09063 0.00062 ( 1)
 816 V   0.80754 0.09439 0.08669 0.01138 ( 1)
 817 C   0.79545 0.10834 0.08314 0.01307 ( 1)
 818 R   0.88976 0.01533 0.09307 0.00185 ( 1)
 819 P   0.40436 0.48947 0.04714 0.05903 ( 2)
 820 D   0.88189 0.01799 0.09795 0.00217 ( 1)
 821 L   0.88899 0.01373 0.09562 0.00166 ( 1)
 822 N   0.89747 0.00926 0.09215 0.00112 ( 1)
 823 S   0.46602 0.04763 0.48060 0.00574 ( 3)
 824 T   0.79674 0.09857 0.09280 0.01189 ( 1)
 825 E   0.88882 0.01540 0.09392 0.00186 ( 1)
 826 H   0.89690 0.00939 0.09258 0.00113 ( 1)
 827 F   0.90060 0.00730 0.09122 0.00088 ( 1)
 828 Q   0.86848 0.03249 0.09511 0.00392 ( 1)
 829 A   0.90080 0.00686 0.09151 0.00083 ( 1)
 830 S   0.89568 0.01023 0.09285 0.00123 ( 1)
 831 I   0.89481 0.01378 0.08975 0.00166 ( 1)
 832 Q   0.86848 0.03249 0.09511 0.00392 ( 1)
 833 D   0.83641 0.06989 0.08528 0.00843 ( 1)
 834 Y   0.89168 0.01319 0.09355 0.00159 ( 1)
 835 T   0.88449 0.01922 0.09397 0.00232 ( 1)
 836 R   0.88317 0.01993 0.09450 0.00240 ( 1)
 837 R   0.79353 0.11018 0.08300 0.01329 ( 1)
 838 W   0.01489 0.87766 0.00160 0.10585 ( 2)
 839 G   0.04523 0.84780 0.00473 0.10225 ( 2)
 840 S   0.77688 0.12722 0.08056 0.01534 ( 1)
 841 T   0.89491 0.01199 0.09165 0.00145 ( 1)


lnL = -10655.342196

