Supplemental results for CODEML (seqf: Human_TAS1R3_orthologues_DNA_aligned.txt  treef: TAS1R3_revised_tree_following_error_message.txt)


MLEs of dN/dS (w) for site classes (K=4)

site class             0        1       2a       2b
proportion       0.81210  0.15749  0.02546  0.00494
background w     0.10153  1.00000  0.10153  1.00000
foreground w     0.10153  1.00000  1.00000  1.00000

Naive Empirical Bayes (NEB) probabilities for 4 classes
(amino acids refer to 1st sequence: 1.Bushbaby)

   1 -   0.82339 0.14650 0.02552 0.00459 ( 1)
   2 -   0.82052 0.14930 0.02551 0.00468 ( 1)
   3 -   0.82366 0.14624 0.02552 0.00459 ( 1)
   4 -   0.82298 0.14690 0.02552 0.00461 ( 1)
   5 -   0.82073 0.14909 0.02551 0.00467 ( 1)
   6 -   0.81355 0.15608 0.02547 0.00489 ( 1)
   7 -   0.82385 0.14605 0.02552 0.00458 ( 1)
   8 -   0.82251 0.14735 0.02551 0.00462 ( 1)
   9 -   0.81676 0.15295 0.02549 0.00480 ( 1)
  10 -   0.34323 0.61439 0.02312 0.01926 ( 2)
  11 -   0.82195 0.14790 0.02551 0.00464 ( 1)
  12 -   0.81905 0.15073 0.02550 0.00473 ( 1)
  13 -   0.81905 0.15073 0.02550 0.00473 ( 1)
  14 -   0.81420 0.15545 0.02547 0.00487 ( 1)
  15 -   0.82251 0.14736 0.02551 0.00462 ( 1)
  16 -   0.82385 0.14605 0.02552 0.00458 ( 1)
  17 -   0.81378 0.15586 0.02547 0.00489 ( 1)
  18 -   0.82385 0.14605 0.02552 0.00458 ( 1)
  19 M   0.96977 0.00017 0.03005 0.00001 ( 1)
  20 P   0.86966 0.10013 0.02707 0.00314 ( 1)
  21 G   0.09930 0.87034 0.00308 0.02729 ( 2)
  22 P   0.25891 0.71070 0.00810 0.02228 ( 2)
  23 A   0.63068 0.33896 0.01974 0.01063 ( 1)
  24 V   0.96961 0.00033 0.03004 0.00001 ( 1)
  25 L   0.96615 0.00366 0.03008 0.00011 ( 1)
  26 G   0.96946 0.00045 0.03008 0.00001 ( 1)
  27 F   0.91117 0.05874 0.02824 0.00184 ( 1)
  28 S   0.96958 0.00032 0.03008 0.00001 ( 1)
  29 L   0.96957 0.00037 0.03005 0.00001 ( 1)
  30 A   0.68069 0.28905 0.02119 0.00906 ( 1)
  31 T   0.18996 0.77965 0.00594 0.02444 ( 2)
  32 L   0.66642 0.30341 0.02066 0.00951 ( 1)
  33 L   0.96451 0.00530 0.03003 0.00017 ( 1)
  34 G   0.07760 0.89202 0.00241 0.02797 ( 2)
  35 F   0.00206 0.96754 0.00006 0.03034 ( 2)
  36 G   0.86066 0.10918 0.02673 0.00342 ( 1)
  37 T   0.31676 0.65285 0.00992 0.02047 ( 2)
  38 G   0.96904 0.00083 0.03010 0.00003 ( 1)
  39 A   0.94373 0.02621 0.02923 0.00082 ( 1)
  40 P   0.93384 0.03580 0.02924 0.00112 ( 1)
  41 L   0.91008 0.05965 0.02840 0.00187 ( 1)
  42 C   0.96952 0.00038 0.03009 0.00001 ( 1)
  43 L   0.96645 0.00336 0.03009 0.00011 ( 1)
  44 S   0.90131 0.06832 0.02823 0.00214 ( 1)
  45 Q   0.61077 0.35897 0.01900 0.01126 ( 1)
  46 Q   0.95585 0.01380 0.02991 0.00043 ( 1)
  47 L   0.96168 0.00797 0.03010 0.00025 ( 1)
  48 R   0.84548 0.12433 0.02628 0.00390 ( 1)
  49 M   0.96977 0.00017 0.03005 0.00001 ( 1)
  50 P   0.02617 0.94343 0.00082 0.02958 ( 2)
  51 G   0.96904 0.00083 0.03010 0.00003 ( 1)
  52 N   0.96708 0.00286 0.02998 0.00009 ( 1)
  53 Y   0.96818 0.00169 0.03007 0.00005 ( 1)
  54 V   0.09702 0.87261 0.00301 0.02736 ( 2)
  55 L   0.96552 0.00429 0.03006 0.00013 ( 1)
  56 G   0.96764 0.00224 0.03006 0.00007 ( 1)
  57 G   0.96904 0.00083 0.03010 0.00003 ( 1)
  58 L   0.96796 0.00167 0.03032 0.00005 ( 1)
  59 F   0.96983 0.00013 0.03004 0.00000 ( 1)
  60 P   0.96973 0.00022 0.03004 0.00001 ( 1)
  61 L   0.94985 0.01977 0.02975 0.00062 ( 1)
  62 G   0.94101 0.02864 0.02945 0.00090 ( 1)
  63 A   0.67815 0.29165 0.02105 0.00914 ( 1)
  64 A   0.96967 0.00029 0.03003 0.00001 ( 1)
  65 E   0.90050 0.06937 0.02795 0.00218 ( 1)
  66 E   0.96393 0.00596 0.02992 0.00019 ( 1)
  67 A   0.90596 0.06370 0.02835 0.00200 ( 1)
  68 G   0.88081 0.08907 0.02732 0.00279 ( 1)
  69 L   0.93220 0.03773 0.02889 0.00118 ( 1)
  70 R   0.83228 0.13758 0.02582 0.00431 ( 1)
  71 T   0.89764 0.07224 0.02785 0.00227 ( 1)
  72 R   0.96847 0.00138 0.03010 0.00004 ( 1)
  73 T   0.65041 0.31922 0.02037 0.01001 ( 1)
  74 Q   0.83298 0.13684 0.02589 0.00429 ( 1)
  75 P   0.96974 0.00021 0.03004 0.00001 ( 1)
  76 S   0.91166 0.05822 0.02829 0.00183 ( 1)
  77 S   0.96671 0.00320 0.03000 0.00010 ( 1)
  78 P   0.93094 0.03900 0.02884 0.00122 ( 1)
  79 V   0.96323 0.00667 0.02989 0.00021 ( 1)
  80 C   0.96952 0.00038 0.03009 0.00001 ( 1)
  81 N   0.92750 0.04240 0.02877 0.00133 ( 1)
  82 -   0.81210 0.15749 0.02546 0.00494 ( 1)
  83 -   0.81210 0.15749 0.02546 0.00494 ( 1)
  84 -   0.81210 0.15749 0.02546 0.00494 ( 1)
  85 -   0.81210 0.15749 0.02546 0.00494 ( 1)
  86 -   0.81210 0.15749 0.02546 0.00494 ( 1)
  87 -   0.81210 0.15749 0.02546 0.00494 ( 1)
  88 -   0.81210 0.15749 0.02546 0.00494 ( 1)
  89 -   0.81210 0.15749 0.02546 0.00494 ( 1)
  90 -   0.81210 0.15749 0.02546 0.00494 ( 1)
  91 -   0.81210 0.15749 0.02546 0.00494 ( 1)
  92 R   0.96890 0.00095 0.03012 0.00003 ( 1)
  93 F   0.96976 0.00020 0.03003 0.00001 ( 1)
  94 S   0.96692 0.00298 0.03000 0.00009 ( 1)
  95 P   0.49645 0.47328 0.01543 0.01484 ( 1)
  96 L   0.17843 0.79119 0.00558 0.02481 ( 2)
  97 G   0.96945 0.00047 0.03007 0.00001 ( 1)
  98 L   0.96645 0.00336 0.03009 0.00011 ( 1)
  99 L   0.96938 0.00043 0.03018 0.00001 ( 1)
 100 W   0.96737 0.00243 0.03012 0.00008 ( 1)
 101 A   0.96263 0.00701 0.03014 0.00022 ( 1)
 102 L   0.96645 0.00336 0.03009 0.00011 ( 1)
 103 A   0.90842 0.06151 0.02814 0.00193 ( 1)
 104 M   0.96664 0.00330 0.02996 0.00010 ( 1)
 105 K   0.95635 0.01350 0.02973 0.00042 ( 1)
 106 M   0.96977 0.00017 0.03005 0.00001 ( 1)
 107 A   0.96941 0.00055 0.03003 0.00002 ( 1)
 108 V   0.96918 0.00073 0.03007 0.00002 ( 1)
 109 E   0.96936 0.00053 0.03009 0.00002 ( 1)
 110 E   0.96931 0.00058 0.03009 0.00002 ( 1)
 111 I   0.96985 0.00012 0.03003 0.00000 ( 1)
 112 N   0.96952 0.00037 0.03009 0.00001 ( 1)
 113 N   0.96932 0.00057 0.03009 0.00002 ( 1)
 114 G   0.04020 0.92941 0.00125 0.02914 ( 2)
 115 S   0.95524 0.01461 0.02969 0.00046 ( 1)
 116 T   0.57566 0.39414 0.01784 0.01236 ( 1)
 117 L   0.96645 0.00336 0.03009 0.00011 ( 1)
 118 L   0.96645 0.00336 0.03009 0.00011 ( 1)
 119 P   0.96929 0.00062 0.03007 0.00002 ( 1)
 120 G   0.96910 0.00077 0.03010 0.00002 ( 1)
 121 L   0.96645 0.00336 0.03009 0.00011 ( 1)
 122 Q   0.48598 0.48377 0.01508 0.01517 ( 1)
 123 L   0.96192 0.00771 0.03013 0.00024 ( 1)
 124 G   0.96946 0.00045 0.03008 0.00001 ( 1)
 125 Y   0.96150 0.00842 0.02981 0.00026 ( 1)
 126 D   0.96928 0.00066 0.03004 0.00002 ( 1)
 127 L   0.96957 0.00037 0.03005 0.00001 ( 1)
 128 F   0.96443 0.00553 0.02987 0.00017 ( 1)
 129 D   0.96778 0.00189 0.03027 0.00006 ( 1)
 130 T   0.96932 0.00056 0.03011 0.00002 ( 1)
 131 C   0.96952 0.00038 0.03009 0.00001 ( 1)
 132 S   0.96682 0.00304 0.03005 0.00010 ( 1)
 133 E   0.96936 0.00053 0.03009 0.00002 ( 1)
 134 P   0.63001 0.33963 0.01971 0.01065 ( 1)
 135 V   0.90856 0.06132 0.02819 0.00192 ( 1)
 136 V   0.96936 0.00054 0.03008 0.00002 ( 1)
 137 A   0.96736 0.00259 0.02996 0.00008 ( 1)
 138 M   0.96977 0.00017 0.03005 0.00001 ( 1)
 139 K   0.96892 0.00094 0.03012 0.00003 ( 1)
 140 P   0.96974 0.00021 0.03004 0.00001 ( 1)
 141 S   0.96864 0.00103 0.03031 0.00003 ( 1)
 142 L   0.96920 0.00074 0.03004 0.00002 ( 1)
 143 M   0.96824 0.00170 0.03001 0.00005 ( 1)
 144 F   0.96976 0.00020 0.03003 0.00001 ( 1)
 145 L   0.96645 0.00336 0.03009 0.00011 ( 1)
 146 A   0.96975 0.00020 0.03004 0.00001 ( 1)
 147 K   0.88233 0.08750 0.02743 0.00274 ( 1)
 148 A   0.00104 0.96856 0.00003 0.03037 ( 2)
 149 G   0.60192 0.36788 0.01866 0.01153 ( 1)
 150 S   0.96958 0.00032 0.03008 0.00001 ( 1)
 151 C   0.13332 0.83633 0.00414 0.02622 ( 2)
 152 S   0.25583 0.71386 0.00793 0.02238 ( 2)
 153 I   0.96592 0.00376 0.03021 0.00012 ( 1)
 154 A   0.96944 0.00051 0.03003 0.00002 ( 1)
 155 A   0.96977 0.00019 0.03004 0.00001 ( 1)
 156 Y   0.96927 0.00061 0.03010 0.00002 ( 1)
 157 C   0.96931 0.00058 0.03009 0.00002 ( 1)
 158 D   0.96577 0.00413 0.02998 0.00013 ( 1)
 159 Y   0.96904 0.00084 0.03010 0.00003 ( 1)
 160 A   0.95571 0.01416 0.02968 0.00044 ( 1)
 161 R   0.75325 0.21653 0.02343 0.00679 ( 1)
 162 Y   0.96932 0.00055 0.03011 0.00002 ( 1)
 163 Q   0.94818 0.02165 0.02949 0.00068 ( 1)
 164 P   0.96878 0.00117 0.03001 0.00004 ( 1)
 165 R   0.96254 0.00736 0.02987 0.00023 ( 1)
 166 V   0.96930 0.00061 0.03008 0.00002 ( 1)
 167 L   0.96590 0.00391 0.03007 0.00012 ( 1)
 168 A   0.96154 0.00841 0.02978 0.00026 ( 1)
 169 V   0.96961 0.00033 0.03004 0.00001 ( 1)
 170 I   0.96984 0.00012 0.03003 0.00000 ( 1)
 171 G   0.96896 0.00091 0.03010 0.00003 ( 1)
 172 P   0.96974 0.00021 0.03004 0.00001 ( 1)
 173 H   0.96965 0.00028 0.03006 0.00001 ( 1)
 174 S   0.96862 0.00124 0.03010 0.00004 ( 1)
 175 S   0.95699 0.01265 0.02997 0.00040 ( 1)
 176 E   0.96936 0.00053 0.03009 0.00002 ( 1)
 177 L   0.96943 0.00051 0.03005 0.00002 ( 1)
 178 A   0.96961 0.00019 0.03019 0.00001 ( 1)
 179 L   0.74533 0.22451 0.02313 0.00704 ( 1)
 180 I   0.96709 0.00285 0.02997 0.00009 ( 1)
 181 T   0.96943 0.00048 0.03007 0.00002 ( 1)
 182 G   0.96925 0.00067 0.03007 0.00002 ( 1)
 183 K   0.96892 0.00094 0.03012 0.00003 ( 1)
 184 F   0.96983 0.00013 0.03004 0.00000 ( 1)
 185 F   0.96972 0.00024 0.03003 0.00001 ( 1)
 186 G   0.85138 0.11850 0.02641 0.00372 ( 1)
 187 F   0.96983 0.00013 0.03004 0.00000 ( 1)
 188 F   0.96983 0.00013 0.03004 0.00000 ( 1)
 189 L   0.96957 0.00037 0.03005 0.00001 ( 1)
 190 M   0.96818 0.00176 0.03000 0.00006 ( 1)
 191 P   0.96954 0.00041 0.03004 0.00001 ( 1)
 192 Q   0.96831 0.00152 0.03012 0.00005 ( 1)
 193 V   0.96961 0.00033 0.03004 0.00001 ( 1)
 194 S   0.96958 0.00032 0.03008 0.00001 ( 1)
 195 Y   0.94993 0.01971 0.02974 0.00062 ( 1)
 196 G   0.96412 0.00579 0.02991 0.00018 ( 1)
 197 A   0.96340 0.00626 0.03015 0.00020 ( 1)
 198 S   0.96674 0.00317 0.03000 0.00010 ( 1)
 199 M   0.96977 0.00017 0.03005 0.00001 ( 1)
 200 D   0.96410 0.00579 0.02993 0.00018 ( 1)
 201 G   0.68713 0.28262 0.02139 0.00886 ( 1)
 202 L   0.96836 0.00145 0.03015 0.00005 ( 1)
 203 S   0.96925 0.00065 0.03007 0.00002 ( 1)
 204 I   0.93941 0.03054 0.02910 0.00096 ( 1)
 205 R   0.96863 0.00123 0.03010 0.00004 ( 1)
 206 E   0.96936 0.00053 0.03009 0.00002 ( 1)
 207 T   0.96964 0.00027 0.03008 0.00001 ( 1)
 208 F   0.96983 0.00013 0.03004 0.00000 ( 1)
 209 P   0.96974 0.00021 0.03004 0.00001 ( 1)
 210 S   0.96959 0.00032 0.03009 0.00001 ( 1)
 211 F   0.96983 0.00013 0.03004 0.00000 ( 1)
 212 F   0.96983 0.00013 0.03004 0.00000 ( 1)
 213 R   0.96941 0.00050 0.03008 0.00002 ( 1)
 214 T   0.96117 0.00846 0.03010 0.00027 ( 1)
 215 V   0.96929 0.00062 0.03008 0.00002 ( 1)
 216 P   0.96974 0.00021 0.03004 0.00001 ( 1)
 217 S   0.96781 0.00209 0.03003 0.00007 ( 1)
 218 D   0.96969 0.00025 0.03006 0.00001 ( 1)
 219 R   0.96364 0.00601 0.03016 0.00019 ( 1)
 220 T   0.88537 0.08451 0.02747 0.00265 ( 1)
 221 Q   0.96831 0.00152 0.03012 0.00005 ( 1)
 222 L   0.96645 0.00336 0.03009 0.00011 ( 1)
 223 L   0.00049 0.96911 0.00002 0.03038 ( 2)
 224 A   0.96932 0.00064 0.03002 0.00002 ( 1)
 225 V   0.04716 0.92246 0.00146 0.02892 ( 2)
 226 M   0.52549 0.44428 0.01630 0.01393 ( 1)
 227 K   0.95485 0.01504 0.02964 0.00047 ( 1)
 228 L   0.96645 0.00336 0.03009 0.00011 ( 1)
 229 L   0.96552 0.00429 0.03006 0.00013 ( 1)
 230 Q   0.94704 0.02279 0.02946 0.00071 ( 1)
 231 E   0.47328 0.49646 0.01469 0.01557 ( 2)
 232 F   0.96793 0.00203 0.02998 0.00006 ( 1)
 233 S   0.91811 0.05178 0.02848 0.00162 ( 1)
 234 W   0.96737 0.00243 0.03012 0.00008 ( 1)
 235 N   0.96952 0.00037 0.03009 0.00001 ( 1)
 236 W   0.96737 0.00243 0.03012 0.00008 ( 1)
 237 V   0.96930 0.00061 0.03008 0.00002 ( 1)
 238 A   0.96967 0.00029 0.03003 0.00001 ( 1)
 239 A   0.96973 0.00023 0.03004 0.00001 ( 1)
 240 L   0.96642 0.00339 0.03009 0.00011 ( 1)
 241 G   0.96946 0.00045 0.03008 0.00001 ( 1)
 242 S   0.96456 0.00510 0.03018 0.00016 ( 1)
 243 D   0.96931 0.00063 0.03005 0.00002 ( 1)
 244 D   0.96924 0.00070 0.03004 0.00002 ( 1)
 245 E   0.96931 0.00058 0.03009 0.00002 ( 1)
 246 Y   0.94054 0.02932 0.02921 0.00092 ( 1)
 247 G   0.96946 0.00045 0.03008 0.00001 ( 1)
 248 R   0.96823 0.00163 0.03009 0.00005 ( 1)
 249 Q   0.96808 0.00175 0.03011 0.00005 ( 1)
 250 G   0.96946 0.00045 0.03008 0.00001 ( 1)
 251 L   0.96422 0.00558 0.03002 0.00018 ( 1)
 252 S   0.96637 0.00353 0.02999 0.00011 ( 1)
 253 I   0.96880 0.00117 0.03000 0.00004 ( 1)
 254 F   0.96983 0.00013 0.03004 0.00000 ( 1)
 255 S   0.96758 0.00227 0.03007 0.00007 ( 1)
 256 S   0.13606 0.83359 0.00421 0.02614 ( 2)
 257 M   0.93778 0.03202 0.02919 0.00100 ( 1)
 258 A   0.96954 0.00042 0.03003 0.00001 ( 1)
 259 S   0.48807 0.48169 0.01514 0.01510 ( 1)
 260 T   0.39110 0.57862 0.01213 0.01814 ( 2)
 261 Q   0.79719 0.17266 0.02474 0.00541 ( 1)
 262 G   0.90720 0.06269 0.02814 0.00197 ( 1)
 263 I   0.96985 0.00012 0.03003 0.00000 ( 1)
 264 C   0.96913 0.00076 0.03008 0.00002 ( 1)
 265 I   0.96976 0.00021 0.03003 0.00001 ( 1)
 266 A   0.95107 0.01857 0.02978 0.00058 ( 1)
 267 H   0.96953 0.00040 0.03006 0.00001 ( 1)
 268 E   0.96936 0.00053 0.03009 0.00002 ( 1)
 269 G   0.96946 0.00045 0.03008 0.00001 ( 1)
 270 L   0.96625 0.00356 0.03008 0.00011 ( 1)
 271 V   0.96930 0.00060 0.03008 0.00002 ( 1)
 272 P   0.96821 0.00143 0.03031 0.00004 ( 1)
 273 L   0.96587 0.00394 0.03007 0.00012 ( 1)
 274 S   0.93181 0.03813 0.02887 0.00120 ( 1)
 275 S   0.04545 0.92415 0.00142 0.02898 ( 2)
 276 A   0.96797 0.00199 0.02998 0.00006 ( 1)
 277 N   0.47979 0.48996 0.01489 0.01536 ( 2)
 278 D   0.00093 0.96867 0.00003 0.03037 ( 2)
 279 L   0.00008 0.96952 0.00000 0.03040 ( 2)
 280 V   0.00305 0.96655 0.00009 0.03030 ( 2)
 281 M   0.21935 0.75030 0.00683 0.02352 ( 2)
 282 R   0.96260 0.00727 0.02990 0.00023 ( 1)
 283 K   0.96899 0.00086 0.03012 0.00003 ( 1)
 284 V   0.96930 0.00061 0.03008 0.00002 ( 1)
 285 Q   0.96831 0.00152 0.03012 0.00005 ( 1)
 286 A   0.64680 0.32299 0.02008 0.01013 ( 1)
 287 L   0.15121 0.81843 0.00469 0.02566 ( 2)
 288 L   0.96645 0.00336 0.03009 0.00011 ( 1)
 289 H   0.96565 0.00427 0.02994 0.00013 ( 1)
 290 Q   0.96831 0.00152 0.03012 0.00005 ( 1)
 291 I   0.92959 0.04030 0.02884 0.00126 ( 1)
 292 N   0.96952 0.00037 0.03009 0.00001 ( 1)
 293 Q   0.96819 0.00164 0.03012 0.00005 ( 1)
 294 S   0.96643 0.00347 0.02999 0.00011 ( 1)
 295 N   0.93120 0.03869 0.02889 0.00121 ( 1)
 296 V   0.93023 0.03966 0.02886 0.00124 ( 1)
 297 Q   0.96831 0.00152 0.03012 0.00005 ( 1)
 298 V   0.96930 0.00061 0.03008 0.00002 ( 1)
 299 V   0.96930 0.00061 0.03008 0.00002 ( 1)
 300 V   0.94928 0.02052 0.02955 0.00064 ( 1)
 301 L   0.96551 0.00430 0.03006 0.00013 ( 1)
 302 F   0.96971 0.00025 0.03003 0.00001 ( 1)
 303 A   0.96969 0.00027 0.03003 0.00001 ( 1)
 304 S   0.96919 0.00071 0.03007 0.00002 ( 1)
 305 A   0.92246 0.04744 0.02861 0.00149 ( 1)
 306 H   0.44688 0.52286 0.01387 0.01639 ( 2)
 307 A   0.96890 0.00106 0.03001 0.00003 ( 1)
 308 A   0.96977 0.00019 0.03004 0.00001 ( 1)
 309 H   0.46462 0.50502 0.01453 0.01583 ( 2)
 310 L   0.00019 0.96940 0.00001 0.03039 ( 2)
 311 L   0.96568 0.00426 0.02993 0.00013 ( 1)
 312 F   0.96983 0.00013 0.03004 0.00000 ( 1)
 313 S   0.11885 0.85079 0.00369 0.02668 ( 2)
 314 Y   0.95048 0.01939 0.02952 0.00061 ( 1)
 315 S   0.96661 0.00329 0.02999 0.00010 ( 1)
 316 I   0.96985 0.00012 0.03003 0.00000 ( 1)
 317 R   0.90089 0.06900 0.02795 0.00216 ( 1)
 318 F   0.01206 0.95754 0.00037 0.03002 ( 2)
 319 N   0.41733 0.55238 0.01297 0.01732 ( 2)
 320 L   0.96957 0.00037 0.03005 0.00001 ( 1)
 321 S   0.62215 0.34762 0.01934 0.01090 ( 1)
 322 P   0.94595 0.02395 0.02935 0.00075 ( 1)
 323 K   0.96899 0.00086 0.03012 0.00003 ( 1)
 324 V   0.96930 0.00061 0.03008 0.00002 ( 1)
 325 W   0.96737 0.00243 0.03012 0.00008 ( 1)
 326 V   0.96916 0.00075 0.03007 0.00002 ( 1)
 327 A   0.96977 0.00019 0.03004 0.00001 ( 1)
 328 S   0.96936 0.00054 0.03008 0.00002 ( 1)
 329 E   0.96936 0.00053 0.03009 0.00002 ( 1)
 330 A   0.96977 0.00019 0.03004 0.00001 ( 1)
 331 W   0.96737 0.00243 0.03012 0.00008 ( 1)
 332 L   0.96615 0.00366 0.03008 0.00011 ( 1)
 333 T   0.96963 0.00028 0.03008 0.00001 ( 1)
 334 S   0.91792 0.05197 0.02848 0.00163 ( 1)
 335 D   0.93085 0.03907 0.02885 0.00122 ( 1)
 336 L   0.60390 0.36583 0.01880 0.01147 ( 1)
 337 V   0.96613 0.00382 0.02994 0.00012 ( 1)
 338 M   0.96977 0.00017 0.03005 0.00001 ( 1)
 339 E   0.87687 0.09297 0.02724 0.00292 ( 1)
 340 L   0.96643 0.00338 0.03009 0.00011 ( 1)
 341 P   0.96765 0.00230 0.02998 0.00007 ( 1)
 342 G   0.96946 0.00045 0.03008 0.00001 ( 1)
 343 M   0.96826 0.00168 0.03001 0.00005 ( 1)
 344 T   0.96802 0.00194 0.02998 0.00006 ( 1)
 345 Q   0.95626 0.01357 0.02974 0.00043 ( 1)
 346 M   0.91185 0.05803 0.02829 0.00182 ( 1)
 347 G   0.96930 0.00061 0.03007 0.00002 ( 1)
 348 T   0.96933 0.00055 0.03011 0.00002 ( 1)
 349 V   0.96930 0.00061 0.03008 0.00002 ( 1)
 350 L   0.94821 0.02144 0.02967 0.00067 ( 1)
 351 G   0.96946 0.00045 0.03008 0.00001 ( 1)
 352 F   0.96887 0.00080 0.03030 0.00003 ( 1)
 353 L   0.95521 0.01473 0.02960 0.00046 ( 1)
 354 H   0.95620 0.01363 0.02974 0.00043 ( 1)
 355 Q   0.82423 0.14559 0.02562 0.00456 ( 1)
 356 G   0.80147 0.16817 0.02509 0.00527 ( 1)
 357 D   0.03755 0.93206 0.00116 0.02922 ( 2)
 358 L   0.03640 0.93321 0.00113 0.02926 ( 2)
 359 L   0.96626 0.00354 0.03008 0.00011 ( 1)
 360 P   0.93362 0.03630 0.02894 0.00114 ( 1)
 361 N   0.00827 0.96133 0.00026 0.03014 ( 2)
 362 F   0.96983 0.00013 0.03004 0.00000 ( 1)
 363 S   0.61028 0.35951 0.01894 0.01127 ( 1)
 364 Q   0.34534 0.62435 0.01074 0.01958 ( 2)
 365 Y   0.96797 0.00167 0.03030 0.00005 ( 1)
 366 V   0.96930 0.00061 0.03008 0.00002 ( 1)
 367 K   0.96087 0.00898 0.02987 0.00028 ( 1)
 368 N   0.96285 0.00706 0.02987 0.00022 ( 1)
 369 R   0.59962 0.37017 0.01861 0.01161 ( 1)
 370 L   0.93795 0.03185 0.02920 0.00100 ( 1)
 371 H   0.14237 0.82729 0.00441 0.02594 ( 2)
 372 L   0.96645 0.00336 0.03009 0.00011 ( 1)
 373 A   0.96967 0.00029 0.03003 0.00001 ( 1)
 374 A   0.96521 0.00474 0.02990 0.00015 ( 1)
 375 N   0.94204 0.02788 0.02920 0.00087 ( 1)
 376 P   0.95977 0.00987 0.03005 0.00031 ( 1)
 377 A   0.30992 0.65978 0.00962 0.02069 ( 2)
 378 F   0.96983 0.00013 0.03004 0.00000 ( 1)
 379 C   0.96738 0.00251 0.03003 0.00008 ( 1)
 380 A   0.94876 0.02119 0.02939 0.00066 ( 1)
 381 S   0.10030 0.86934 0.00311 0.02726 ( 2)
 382 L   0.96645 0.00336 0.03009 0.00011 ( 1)
 383 K   0.14401 0.82564 0.00447 0.02589 ( 2)
 384 A   0.01050 0.95911 0.00033 0.03007 ( 2)
 385 E   0.45760 0.51212 0.01422 0.01606 ( 2)
 386 Q   0.96005 0.00984 0.02980 0.00031 ( 1)
 387 P   0.90557 0.06425 0.02817 0.00201 ( 1)
 388 G   0.93414 0.03551 0.02924 0.00111 ( 1)
 389 L   0.96587 0.00394 0.03007 0.00012 ( 1)
 390 E   0.96936 0.00053 0.03009 0.00002 ( 1)
 391 E   0.96932 0.00058 0.03009 0.00002 ( 1)
 392 H   0.96526 0.00467 0.02992 0.00015 ( 1)
 393 V   0.96930 0.00061 0.03008 0.00002 ( 1)
 394 V   0.96916 0.00075 0.03007 0.00002 ( 1)
 395 G   0.96936 0.00056 0.03007 0.00002 ( 1)
 396 P   0.87921 0.09062 0.02733 0.00284 ( 1)
 397 R   0.96941 0.00050 0.03008 0.00002 ( 1)
 398 C   0.96952 0.00038 0.03009 0.00001 ( 1)
 399 P   0.96835 0.00156 0.03004 0.00005 ( 1)
 400 Q   0.96831 0.00152 0.03012 0.00005 ( 1)
 401 C   0.93372 0.03593 0.02922 0.00113 ( 1)
 402 D   0.96969 0.00025 0.03006 0.00001 ( 1)
 403 H   0.00043 0.96917 0.00001 0.03039 ( 2)
 404 I   0.95700 0.01296 0.02963 0.00041 ( 1)
 405 T   0.95081 0.01906 0.02953 0.00060 ( 1)
 406 L   0.96625 0.00356 0.03008 0.00011 ( 1)
 407 Q   0.96730 0.00253 0.03009 0.00008 ( 1)
 408 N   0.96932 0.00057 0.03009 0.00002 ( 1)
 409 V   0.96143 0.00847 0.02983 0.00027 ( 1)
 410 S   0.39148 0.57814 0.01225 0.01813 ( 2)
 411 A   0.91942 0.05052 0.02848 0.00158 ( 1)
 412 G   0.52324 0.44651 0.01625 0.01400 ( 1)
 413 L   0.94519 0.02443 0.02961 0.00077 ( 1)
 414 L   0.00000 0.96960 0.00000 0.03040 ( 2)
 415 H   0.90990 0.06001 0.02821 0.00188 ( 1)
 416 H   0.96704 0.00289 0.02998 0.00009 ( 1)
 417 R   0.81874 0.15106 0.02547 0.00474 ( 1)
 418 P   0.50068 0.46906 0.01555 0.01471 ( 1)
 419 F   0.96976 0.00020 0.03003 0.00001 ( 1)
 420 A   0.28460 0.68501 0.00891 0.02148 ( 2)
 421 A   0.96701 0.00293 0.02996 0.00009 ( 1)
 422 Y   0.96904 0.00084 0.03010 0.00003 ( 1)
 423 A   0.73056 0.23908 0.02287 0.00750 ( 1)
 424 A   0.96074 0.00891 0.03006 0.00028 ( 1)
 425 V   0.96930 0.00061 0.03008 0.00002 ( 1)
 426 Y   0.96792 0.00173 0.03030 0.00005 ( 1)
 427 S   0.96454 0.00537 0.02993 0.00017 ( 1)
 428 V   0.96930 0.00061 0.03008 0.00002 ( 1)
 429 A   0.96973 0.00023 0.03004 0.00001 ( 1)
 430 Q   0.96811 0.00172 0.03011 0.00005 ( 1)
 431 A   0.96977 0.00019 0.03004 0.00001 ( 1)
 432 L   0.96558 0.00405 0.03025 0.00013 ( 1)
 433 H   0.96965 0.00028 0.03006 0.00001 ( 1)
 434 N   0.96949 0.00040 0.03009 0.00001 ( 1)
 435 T   0.94273 0.02692 0.02951 0.00084 ( 1)
 436 L   0.96551 0.00430 0.03006 0.00013 ( 1)
 437 Q   0.03347 0.93615 0.00104 0.02935 ( 2)
 438 C   0.96952 0.00038 0.03009 0.00001 ( 1)
 439 S   0.69294 0.27687 0.02151 0.00868 ( 1)
 440 S   0.93432 0.03562 0.02894 0.00112 ( 1)
 441 S   0.96443 0.00521 0.03020 0.00016 ( 1)
 442 G   0.96946 0.00045 0.03008 0.00001 ( 1)
 443 C   0.96952 0.00038 0.03009 0.00001 ( 1)
 444 P   0.96959 0.00036 0.03004 0.00001 ( 1)
 445 A   0.00135 0.96825 0.00004 0.03036 ( 2)
 446 R   0.10564 0.86399 0.00329 0.02709 ( 2)
 447 E   0.93685 0.03302 0.02909 0.00104 ( 1)
 448 P   0.96971 0.00024 0.03004 0.00001 ( 1)
 449 V   0.96930 0.00061 0.03008 0.00002 ( 1)
 450 R   0.36431 0.60538 0.01132 0.01898 ( 2)
 451 -   0.81210 0.15749 0.02546 0.00494 ( 1)
 452 -   0.81210 0.15749 0.02546 0.00494 ( 1)
 453 -   0.81210 0.15749 0.02546 0.00494 ( 1)
 454 -   0.81210 0.15749 0.02546 0.00494 ( 1)
 455 -   0.81210 0.15749 0.02546 0.00494 ( 1)
 456 -   0.81210 0.15749 0.02546 0.00494 ( 1)
 457 P   0.96563 0.00432 0.02992 0.00014 ( 1)
 458 W   0.96737 0.00243 0.03012 0.00008 ( 1)
 459 Q   0.80830 0.16150 0.02514 0.00506 ( 1)
 460 L   0.51224 0.45754 0.01588 0.01435 ( 1)
 461 L   0.93717 0.03264 0.02917 0.00102 ( 1)
 462 E   0.07631 0.89331 0.00237 0.02801 ( 2)
 463 N   0.96118 0.00872 0.02983 0.00027 ( 1)
 464 M   0.75043 0.21943 0.02326 0.00688 ( 1)
 465 Y   0.86208 0.10777 0.02678 0.00338 ( 1)
 466 N   0.96520 0.00469 0.02996 0.00015 ( 1)
 467 M   0.96374 0.00607 0.03000 0.00019 ( 1)
 468 S   0.96607 0.00384 0.02997 0.00012 ( 1)
 469 F   0.96983 0.00013 0.03004 0.00000 ( 1)
 470 -   0.81210 0.15749 0.02546 0.00494 ( 1)
 471 R   0.06021 0.90941 0.00187 0.02851 ( 2)
 472 A   0.00020 0.96940 0.00001 0.03039 ( 2)
 473 G   0.05131 0.91831 0.00159 0.02879 ( 2)
 474 G   0.96188 0.00799 0.02988 0.00025 ( 1)
 475 L   0.92527 0.04453 0.02880 0.00140 ( 1)
 476 E   0.00069 0.96891 0.00002 0.03038 ( 2)
 477 L   0.89857 0.07106 0.02815 0.00223 ( 1)
 478 R   0.94071 0.02919 0.02919 0.00092 ( 1)
 479 F   0.96257 0.00738 0.02981 0.00023 ( 1)
 480 D   0.92967 0.04021 0.02886 0.00126 ( 1)
 481 A   0.01736 0.95224 0.00054 0.02986 ( 2)
 482 G   0.50281 0.46694 0.01561 0.01464 ( 1)
 483 G   0.96853 0.00134 0.03008 0.00004 ( 1)
 484 N   0.96932 0.00057 0.03009 0.00002 ( 1)
 485 V   0.96924 0.00066 0.03007 0.00002 ( 1)
 486 N   0.96738 0.00255 0.02999 0.00008 ( 1)
 487 L   0.69399 0.27586 0.02151 0.00865 ( 1)
 488 K   0.96265 0.00724 0.02988 0.00023 ( 1)
 489 Y   0.06294 0.90668 0.00195 0.02843 ( 2)
 490 D   0.93125 0.03868 0.02887 0.00121 ( 1)
 491 L   0.93971 0.03009 0.02925 0.00094 ( 1)
 492 K   0.96005 0.00980 0.02984 0.00031 ( 1)
 493 L   0.67987 0.28988 0.02116 0.00909 ( 1)
 494 W   0.71900 0.25075 0.02239 0.00786 ( 1)
 495 V   0.96279 0.00712 0.02987 0.00022 ( 1)
 496 W   0.96737 0.00243 0.03012 0.00008 ( 1)
 497 R   0.00986 0.95974 0.00031 0.03009 ( 2)
 498 D   0.10265 0.86699 0.00318 0.02718 ( 2)
 499 P   0.00172 0.96788 0.00005 0.03035 ( 2)
 500 T   0.69277 0.27705 0.02150 0.00869 ( 1)
 501 P   0.96957 0.00038 0.03004 0.00001 ( 1)
 502 E   0.00326 0.96634 0.00010 0.03030 ( 2)
 503 L   0.96929 0.00065 0.03004 0.00002 ( 1)
 504 R   0.62399 0.34582 0.01935 0.01084 ( 1)
 505 T   0.00079 0.96860 0.00024 0.03037 ( 2)
 506 V   0.96930 0.00061 0.03008 0.00002 ( 1)
 507 G   0.96946 0.00045 0.03008 0.00001 ( 1)
 508 T   0.00441 0.96519 0.00014 0.03026 ( 2)
 509 F   0.96983 0.00013 0.03004 0.00000 ( 1)
 510 N   0.96300 0.00689 0.02989 0.00022 ( 1)
 511 G   0.87386 0.09602 0.02711 0.00301 ( 1)
 512 S   0.12286 0.84678 0.00381 0.02655 ( 2)
 513 L   0.96617 0.00377 0.02994 0.00012 ( 1)
 514 W   0.02606 0.94354 0.00081 0.02958 ( 2)
 515 -   0.81210 0.15749 0.02546 0.00494 ( 1)
 516 L   0.01009 0.95952 0.00031 0.03008 ( 2)
 517 Q   0.88966 0.08025 0.02758 0.00252 ( 1)
 518 R   0.90050 0.06939 0.02794 0.00218 ( 1)
 519 S   0.00092 0.96868 0.00003 0.03037 ( 2)
 520 K   0.96052 0.00933 0.02986 0.00029 ( 1)
 521 I   0.96868 0.00129 0.03000 0.00004 ( 1)
 522 C   0.00094 0.96866 0.00003 0.03037 ( 2)
 523 W   0.96737 0.00243 0.03012 0.00008 ( 1)
 524 H   0.96930 0.00063 0.03005 0.00002 ( 1)
 525 T   0.95069 0.01918 0.02953 0.00060 ( 1)
 526 H   0.02381 0.94580 0.00074 0.02965 ( 2)
 527 S   0.00619 0.96341 0.00019 0.03021 ( 2)
 528 N   0.96897 0.00093 0.03008 0.00003 ( 1)
 529 R   0.81510 0.15470 0.02535 0.00485 ( 1)
 530 V   0.00002 0.96958 0.00000 0.03040 ( 2)
 531 P   0.96828 0.00167 0.03000 0.00005 ( 1)
 532 V   0.90714 0.06274 0.02815 0.00197 ( 1)
 533 S   0.96550 0.00441 0.02996 0.00014 ( 1)
 534 Q   0.75060 0.21919 0.02335 0.00687 ( 1)
 535 C   0.96952 0.00038 0.03009 0.00001 ( 1)
 536 S   0.96020 0.00965 0.02984 0.00030 ( 1)
 537 Q   0.37141 0.59829 0.01154 0.01876 ( 2)
 538 Q   0.80278 0.16702 0.02497 0.00524 ( 1)
 539 C   0.96904 0.00086 0.03008 0.00003 ( 1)
 540 Q   0.38563 0.58406 0.01199 0.01831 ( 2)
 541 E   0.95309 0.01680 0.02959 0.00053 ( 1)
 542 G   0.96895 0.00096 0.03006 0.00003 ( 1)
 543 Q   0.96697 0.00286 0.03008 0.00009 ( 1)
 544 V   0.96867 0.00123 0.03006 0.00004 ( 1)
 545 R   0.96885 0.00105 0.03006 0.00003 ( 1)
 546 R   0.96135 0.00851 0.02988 0.00027 ( 1)
 547 V   0.96913 0.00082 0.03003 0.00003 ( 1)
 548 K   0.96137 0.00848 0.02988 0.00027 ( 1)
 549 G   0.96878 0.00110 0.03009 0.00003 ( 1)
 550 F   0.96866 0.00129 0.03000 0.00004 ( 1)
 551 H   0.91982 0.05009 0.02852 0.00157 ( 1)
 552 S   0.96608 0.00382 0.02998 0.00012 ( 1)
 553 C   0.90356 0.06631 0.02805 0.00208 ( 1)
 554 C   0.90356 0.06631 0.02805 0.00208 ( 1)
 555 Y   0.96248 0.00739 0.02989 0.00023 ( 1)
 556 D   0.96969 0.00025 0.03006 0.00001 ( 1)
 557 C   0.96666 0.00299 0.03025 0.00009 ( 1)
 558 V   0.96848 0.00142 0.03005 0.00004 ( 1)
 559 D   0.96969 0.00025 0.03006 0.00001 ( 1)
 560 C   0.96948 0.00042 0.03009 0.00001 ( 1)
 561 K   0.49538 0.47435 0.01540 0.01487 ( 1)
 562 P   0.86723 0.10265 0.02690 0.00322 ( 1)
 563 G   0.96946 0.00045 0.03008 0.00001 ( 1)
 564 S   0.96941 0.00050 0.03008 0.00002 ( 1)
 565 Y   0.96932 0.00055 0.03011 0.00002 ( 1)
 566 Q   0.73378 0.23602 0.02281 0.00740 ( 1)
 567 -   0.81210 0.15749 0.02546 0.00494 ( 1)
 568 H   0.00753 0.96207 0.00023 0.03016 ( 2)
 569 S   0.60446 0.36533 0.01876 0.01145 ( 1)
 570 P   0.11252 0.85709 0.00352 0.02687 ( 2)
 571 -   0.81210 0.15749 0.02546 0.00494 ( 1)
 572 -   0.81210 0.15749 0.02546 0.00494 ( 1)
 573 E   0.17102 0.79859 0.00535 0.02504 ( 2)
 574 D   0.96548 0.00446 0.02993 0.00014 ( 1)
 575 P   0.00017 0.96943 0.00001 0.03039 ( 2)
 576 T   0.00214 0.96746 0.00007 0.03033 ( 2)
 577 C   0.91966 0.05022 0.02854 0.00157 ( 1)
 578 T   0.69569 0.27413 0.02158 0.00860 ( 1)
 579 P   0.00000 0.96960 0.00000 0.03040 ( 2)
 580 C   0.77606 0.19378 0.02409 0.00608 ( 1)
 581 R   0.00000 0.96960 0.00000 0.03040 ( 2)
 582 K   0.00748 0.96212 0.00023 0.03017 ( 2)
 583 D   0.52073 0.44905 0.01614 0.01408 ( 1)
 584 Q   0.48605 0.48370 0.01509 0.01517 ( 1)
 585 W   0.90702 0.06277 0.02824 0.00197 ( 1)
 586 S   0.96956 0.00034 0.03008 0.00001 ( 1)
 587 P   0.96943 0.00048 0.03008 0.00002 ( 1)
 588 Q   0.53924 0.43053 0.01674 0.01350 ( 1)
 589 R   0.96856 0.00130 0.03010 0.00004 ( 1)
 590 S   0.96958 0.00032 0.03008 0.00001 ( 1)
 591 R   0.31621 0.65340 0.00990 0.02049 ( 2)
 592 K   0.52069 0.44908 0.01616 0.01408 ( 1)
 593 C   0.96952 0.00038 0.03009 0.00001 ( 1)
 594 F   0.96983 0.00013 0.03004 0.00000 ( 1)
 595 S   0.01304 0.95656 0.00040 0.02999 ( 2)
 596 R   0.96893 0.00098 0.03006 0.00003 ( 1)
 597 R   0.95532 0.01452 0.02970 0.00046 ( 1)
 598 H   0.00791 0.96169 0.00025 0.03015 ( 2)
 599 T   0.66352 0.30626 0.02062 0.00960 ( 1)
 600 F   0.96837 0.00159 0.02999 0.00005 ( 1)
 601 L   0.92419 0.04574 0.02864 0.00143 ( 1)
 602 A   0.17374 0.79591 0.00539 0.02495 ( 2)
 603 W   0.52366 0.44605 0.01631 0.01399 ( 1)
 604 G   0.96342 0.00649 0.02989 0.00020 ( 1)
 605 D   0.39627 0.57345 0.01230 0.01798 ( 2)
 606 P   0.89798 0.07191 0.02786 0.00225 ( 1)
 607 T   0.79693 0.17271 0.02494 0.00542 ( 1)
 608 V   0.96244 0.00746 0.02986 0.00023 ( 1)
 609 L   0.96598 0.00376 0.03014 0.00012 ( 1)
 610 V   0.00232 0.96728 0.00007 0.03033 ( 2)
 611 L   0.70948 0.26027 0.02209 0.00816 ( 1)
 612 L   0.92482 0.04510 0.02866 0.00141 ( 1)
 613 L   0.80347 0.16631 0.02501 0.00521 ( 1)
 614 L   0.89078 0.07901 0.02773 0.00248 ( 1)
 615 L   0.92083 0.04911 0.02852 0.00154 ( 1)
 616 G   0.33289 0.63681 0.01033 0.01997 ( 2)
 617 L   0.96425 0.00556 0.03002 0.00017 ( 1)
 618 V   0.94205 0.02786 0.02922 0.00087 ( 1)
 619 L   0.96645 0.00336 0.03009 0.00011 ( 1)
 620 A   0.96278 0.00713 0.02987 0.00022 ( 1)
 621 L   0.95835 0.01159 0.02970 0.00036 ( 1)
 622 V   0.96930 0.00061 0.03008 0.00002 ( 1)
 623 L   0.89078 0.07901 0.02773 0.00248 ( 1)
 624 A   0.94169 0.02826 0.02917 0.00089 ( 1)
 625 A   0.32225 0.64737 0.01008 0.02030 ( 2)
 626 L   0.91870 0.05106 0.02864 0.00160 ( 1)
 627 G   0.96886 0.00101 0.03009 0.00003 ( 1)
 628 L   0.64060 0.32914 0.01994 0.01032 ( 1)
 629 F   0.94819 0.02177 0.02937 0.00068 ( 1)
 630 V   0.00133 0.96827 0.00004 0.03036 ( 2)
 631 H   0.54311 0.42666 0.01685 0.01338 ( 1)
 632 H   0.96238 0.00729 0.03010 0.00023 ( 1)
 633 R   0.12491 0.84470 0.00391 0.02648 ( 2)
 634 N   0.65554 0.31429 0.02032 0.00985 ( 1)
 635 S   0.91977 0.05012 0.02854 0.00157 ( 1)
 636 P   0.94534 0.02430 0.02960 0.00076 ( 1)
 637 L   0.85019 0.11959 0.02647 0.00375 ( 1)
 638 V   0.48028 0.48934 0.01503 0.01534 ( 2)
 639 Q   0.79030 0.17949 0.02458 0.00563 ( 1)
 640 A   0.96977 0.00019 0.03004 0.00001 ( 1)
 641 S   0.91978 0.05007 0.02859 0.00157 ( 1)
 642 G   0.71490 0.25493 0.02218 0.00799 ( 1)
 643 G   0.83822 0.13142 0.02625 0.00412 ( 1)
 644 L   0.00601 0.96359 0.00019 0.03021 ( 2)
 645 L   0.89078 0.07901 0.02773 0.00248 ( 1)
 646 A   0.96111 0.00884 0.02977 0.00028 ( 1)
 647 C   0.90101 0.06887 0.02797 0.00216 ( 1)
 648 F   0.55411 0.41569 0.01716 0.01303 ( 1)
 649 G   0.52305 0.44672 0.01623 0.01401 ( 1)
 650 L   0.83379 0.13599 0.02596 0.00426 ( 1)
 651 A   0.54941 0.42036 0.01705 0.01318 ( 1)
 652 C   0.95962 0.01027 0.02979 0.00032 ( 1)
 653 L   0.90191 0.06782 0.02815 0.00213 ( 1)
 654 G   0.89352 0.07637 0.02772 0.00239 ( 1)
 655 L   0.94357 0.02623 0.02937 0.00082 ( 1)
 656 V   0.96512 0.00482 0.02990 0.00015 ( 1)
 657 C   0.96952 0.00038 0.03009 0.00001 ( 1)
 658 L   0.91234 0.05732 0.02854 0.00180 ( 1)
 659 S   0.86497 0.10468 0.02706 0.00328 ( 1)
 660 G   0.56168 0.40795 0.01758 0.01279 ( 1)
 661 L   0.91839 0.05153 0.02846 0.00162 ( 1)
 662 L   0.84604 0.12374 0.02634 0.00388 ( 1)
 663 F   0.95542 0.01454 0.02959 0.00046 ( 1)
 664 P   0.86155 0.10810 0.02696 0.00339 ( 1)
 665 G   0.96927 0.00065 0.03007 0.00002 ( 1)
 666 R   0.71939 0.25038 0.02238 0.00785 ( 1)
 667 P   0.96888 0.00107 0.03002 0.00003 ( 1)
 668 S   0.92208 0.04781 0.02861 0.00150 ( 1)
 669 P   0.96468 0.00498 0.03019 0.00016 ( 1)
 670 A   0.90940 0.06053 0.02817 0.00190 ( 1)
 671 S   0.45642 0.51333 0.01416 0.01609 ( 2)
 672 C   0.96937 0.00052 0.03009 0.00002 ( 1)
 673 L   0.65287 0.31687 0.02032 0.00994 ( 1)
 674 A   0.96821 0.00174 0.02999 0.00005 ( 1)
 675 Q   0.94839 0.02144 0.02950 0.00067 ( 1)
 676 Q   0.95222 0.01761 0.02962 0.00055 ( 1)
 677 P   0.96214 0.00781 0.02981 0.00024 ( 1)
 678 L   0.31290 0.65678 0.00972 0.02059 ( 2)
 679 C   0.83397 0.13589 0.02588 0.00426 ( 1)
 680 H   0.64965 0.32017 0.02014 0.01004 ( 1)
 681 L   0.96914 0.00080 0.03004 0.00003 ( 1)
 682 P   0.95886 0.01105 0.02975 0.00035 ( 1)
 683 L   0.96903 0.00091 0.03003 0.00003 ( 1)
 684 T   0.96751 0.00241 0.03001 0.00008 ( 1)
 685 G   0.96895 0.00096 0.03006 0.00003 ( 1)
 686 C   0.96904 0.00086 0.03008 0.00003 ( 1)
 687 L   0.96425 0.00556 0.03002 0.00017 ( 1)
 688 S   0.96916 0.00074 0.03007 0.00002 ( 1)
 689 T   0.89708 0.07255 0.02809 0.00227 ( 1)
 690 L   0.95543 0.01453 0.02959 0.00046 ( 1)
 691 F   0.93380 0.03615 0.02892 0.00113 ( 1)
 692 L   0.96425 0.00556 0.03002 0.00017 ( 1)
 693 Q   0.96699 0.00284 0.03008 0.00009 ( 1)
 694 A   0.96639 0.00325 0.03026 0.00010 ( 1)
 695 A   0.96943 0.00053 0.03003 0.00002 ( 1)
 696 E   0.95726 0.01263 0.02972 0.00040 ( 1)
 697 T   0.80223 0.16767 0.02484 0.00526 ( 1)
 698 F   0.96945 0.00051 0.03003 0.00002 ( 1)
 699 V   0.69609 0.08919 0.21192 0.00280 ( 1)
 700 E   0.96865 0.00124 0.03007 0.00004 ( 1)
 701 S   0.95250 0.01713 0.02983 0.00054 ( 1)
 702 E   0.96582 0.00384 0.03022 0.00012 ( 1)
 703 L   0.96175 0.00806 0.02994 0.00025 ( 1)
 704 P   0.96094 0.00872 0.03007 0.00027 ( 1)
 705 P   0.00924 0.96036 0.00029 0.03011 ( 2)
 706 S   0.92474 0.04516 0.02869 0.00142 ( 1)
 707 W   0.94187 0.02793 0.02933 0.00088 ( 1)
 708 A   0.29656 0.67305 0.00928 0.02110 ( 2)
 709 D   0.94150 0.02842 0.02918 0.00089 ( 1)
 710 R   0.92188 0.04797 0.02865 0.00150 ( 1)
 711 L   0.93752 0.03228 0.02919 0.00101 ( 1)
 712 H   0.11021 0.85940 0.00345 0.02695 ( 2)
 713 S   0.96559 0.00432 0.02996 0.00014 ( 1)
 714 R   0.91723 0.05265 0.02847 0.00165 ( 1)
 715 L   0.96645 0.00336 0.03009 0.00011 ( 1)
 716 R   0.94692 0.02293 0.02943 0.00072 ( 1)
 717 G   0.96877 0.00110 0.03009 0.00003 ( 1)
 718 P   0.96776 0.00219 0.02998 0.00007 ( 1)
 719 C   0.75351 0.21625 0.02346 0.00678 ( 1)
 720 A   0.96977 0.00019 0.03004 0.00001 ( 1)
 721 W   0.96737 0.00243 0.03012 0.00008 ( 1)
 722 M   0.93343 0.03637 0.02906 0.00114 ( 1)
 723 V   0.58693 0.38286 0.01821 0.01200 ( 1)
 724 V   0.96930 0.00061 0.03008 0.00002 ( 1)
 725 V   0.93621 0.03359 0.02915 0.00105 ( 1)
 726 L   0.96551 0.00430 0.03006 0.00013 ( 1)
 727 A   0.96791 0.00205 0.02998 0.00006 ( 1)
 728 L   0.23319 0.73649 0.00723 0.02309 ( 2)
 729 L   0.96645 0.00336 0.03009 0.00011 ( 1)
 730 V   0.96913 0.00078 0.03007 0.00002 ( 1)
 731 E   0.96936 0.00053 0.03009 0.00002 ( 1)
 732 A   0.96348 0.00647 0.02984 0.00020 ( 1)
 733 A   0.95817 0.01147 0.03000 0.00036 ( 1)
 734 L   0.96645 0.00336 0.03009 0.00011 ( 1)
 735 C   0.96881 0.00109 0.03007 0.00003 ( 1)
 736 A   0.57771 0.39210 0.01789 0.01229 ( 1)
 737 W   0.96737 0.00243 0.03012 0.00008 ( 1)
 738 Y   0.96932 0.00055 0.03011 0.00002 ( 1)
 739 L   0.96645 0.00336 0.03009 0.00011 ( 1)
 740 I   0.00553 0.96407 0.00017 0.03023 ( 2)
 741 A   0.96967 0.00029 0.03003 0.00001 ( 1)
 742 F   0.96982 0.00014 0.03004 0.00000 ( 1)
 743 R   0.95746 0.01244 0.02970 0.00039 ( 1)
 744 P   0.95784 0.01180 0.02999 0.00037 ( 1)
 745 E   0.96936 0.00053 0.03009 0.00002 ( 1)
 746 V   0.96907 0.00083 0.03007 0.00003 ( 1)
 747 V   0.96930 0.00061 0.03008 0.00002 ( 1)
 748 M   0.49612 0.47350 0.01554 0.01485 ( 1)
 749 D   0.96969 0.00025 0.03006 0.00001 ( 1)
 750 W   0.96737 0.00243 0.03012 0.00008 ( 1)
 751 H   0.53468 0.43509 0.01659 0.01364 ( 1)
 752 V   0.89688 0.07303 0.02779 0.00229 ( 1)
 753 L   0.96623 0.00358 0.03008 0.00011 ( 1)
 754 P   0.96974 0.00021 0.03004 0.00001 ( 1)
 755 T   0.92671 0.04292 0.02902 0.00135 ( 1)
 756 K   0.96435 0.00554 0.02994 0.00017 ( 1)
 757 A   0.96348 0.00643 0.02989 0.00020 ( 1)
 758 L   0.96625 0.00356 0.03008 0.00011 ( 1)
 759 V   0.95235 0.01755 0.02955 0.00055 ( 1)
 760 H   0.96965 0.00028 0.03006 0.00001 ( 1)
 761 C   0.96906 0.00083 0.03008 0.00003 ( 1)
 762 R   0.96478 0.00513 0.02994 0.00016 ( 1)
 763 V   0.00044 0.96916 0.00001 0.03039 ( 2)
 764 H   0.96006 0.00984 0.02979 0.00031 ( 1)
 765 S   0.96959 0.00032 0.03009 0.00001 ( 1)
 766 W   0.96737 0.00243 0.03012 0.00008 ( 1)
 767 A   0.96547 0.00448 0.02992 0.00014 ( 1)
 768 G   0.93753 0.03237 0.02909 0.00101 ( 1)
 769 L   0.95712 0.01255 0.02994 0.00039 ( 1)
 770 G   0.96946 0.00045 0.03008 0.00001 ( 1)
 771 L   0.96640 0.00354 0.02995 0.00011 ( 1)
 772 V   0.96103 0.00887 0.02982 0.00028 ( 1)
 773 H   0.96931 0.00062 0.03005 0.00002 ( 1)
 774 T   0.94994 0.02001 0.02942 0.00063 ( 1)
 775 L   0.69506 0.27476 0.02156 0.00861 ( 1)
 776 N   0.96540 0.00449 0.02996 0.00014 ( 1)
 777 A   0.96972 0.00024 0.03004 0.00001 ( 1)
 778 I   0.04743 0.92217 0.00149 0.02891 ( 2)
 779 L   0.96645 0.00336 0.03009 0.00011 ( 1)
 780 A   0.96912 0.00084 0.03002 0.00003 ( 1)
 781 S   0.96735 0.00261 0.02996 0.00008 ( 1)
 782 L   0.96836 0.00129 0.03030 0.00004 ( 1)
 783 C   0.96570 0.00419 0.02997 0.00013 ( 1)
 784 F   0.96981 0.00015 0.03004 0.00000 ( 1)
 785 L   0.96534 0.00440 0.03012 0.00014 ( 1)
 786 G   0.96927 0.00065 0.03007 0.00002 ( 1)
 787 T   0.96958 0.00033 0.03008 0.00001 ( 1)
 788 F   0.96983 0.00013 0.03004 0.00000 ( 1)
 789 L   0.96645 0.00336 0.03009 0.00011 ( 1)
 790 V   0.96907 0.00083 0.03007 0.00003 ( 1)
 791 R   0.75161 0.21817 0.02338 0.00684 ( 1)
 792 S   0.96958 0.00032 0.03008 0.00001 ( 1)
 793 Q   0.19309 0.77656 0.00600 0.02435 ( 2)
 794 P   0.96848 0.00143 0.03005 0.00004 ( 1)
 795 G   0.88980 0.08009 0.02760 0.00251 ( 1)
 796 R   0.96493 0.00497 0.02994 0.00016 ( 1)
 797 Y   0.96932 0.00055 0.03011 0.00002 ( 1)
 798 S   0.96573 0.00417 0.02997 0.00013 ( 1)
 799 R   0.76851 0.20113 0.02405 0.00631 ( 1)
 800 A   0.96977 0.00019 0.03004 0.00001 ( 1)
 801 R   0.94690 0.02274 0.02964 0.00071 ( 1)
 802 G   0.96946 0.00045 0.03008 0.00001 ( 1)
 803 L   0.96458 0.00536 0.02990 0.00017 ( 1)
 804 T   0.96964 0.00027 0.03008 0.00001 ( 1)
 805 F   0.95273 0.01694 0.02980 0.00053 ( 1)
 806 A   0.96976 0.00020 0.03004 0.00001 ( 1)
 807 T   0.57800 0.39181 0.01791 0.01228 ( 1)
 808 L   0.96645 0.00336 0.03009 0.00011 ( 1)
 809 A   0.96967 0.00029 0.03003 0.00001 ( 1)
 810 Y   0.96870 0.00118 0.03009 0.00004 ( 1)
 811 L   0.96733 0.00263 0.02996 0.00008 ( 1)
 812 I   0.96985 0.00012 0.03003 0.00000 ( 1)
 813 T   0.96693 0.00298 0.02999 0.00009 ( 1)
 814 W   0.96737 0.00243 0.03012 0.00008 ( 1)
 815 V   0.96961 0.00033 0.03004 0.00001 ( 1)
 816 S   0.96959 0.00032 0.03009 0.00001 ( 1)
 817 F   0.96974 0.00022 0.03003 0.00001 ( 1)
 818 V   0.96930 0.00061 0.03008 0.00002 ( 1)
 819 P   0.96950 0.00046 0.03003 0.00001 ( 1)
 820 L   0.96957 0.00037 0.03005 0.00001 ( 1)
 821 L   0.96645 0.00336 0.03009 0.00011 ( 1)
 822 A   0.96977 0.00019 0.03004 0.00001 ( 1)
 823 N   0.96352 0.00613 0.03015 0.00019 ( 1)
 824 V   0.95057 0.01903 0.02980 0.00060 ( 1)
 825 Q   0.95498 0.01485 0.02970 0.00047 ( 1)
 826 V   0.96930 0.00061 0.03008 0.00002 ( 1)
 827 A   0.96583 0.00412 0.02993 0.00013 ( 1)
 828 H   0.51325 0.45651 0.01593 0.01431 ( 1)
 829 Q   0.94456 0.02529 0.02936 0.00079 ( 1)
 830 P   0.96915 0.00080 0.03002 0.00002 ( 1)
 831 A   0.96970 0.00025 0.03003 0.00001 ( 1)
 832 V   0.90935 0.06054 0.02822 0.00190 ( 1)
 833 Q   0.96831 0.00152 0.03012 0.00005 ( 1)
 834 M   0.96977 0.00017 0.03005 0.00001 ( 1)
 835 G   0.96686 0.00279 0.03026 0.00009 ( 1)
 836 A   0.96975 0.00020 0.03004 0.00001 ( 1)
 837 V   0.91018 0.05974 0.02821 0.00187 ( 1)
 838 L   0.96773 0.00208 0.03013 0.00007 ( 1)
 839 F   0.96242 0.00752 0.02983 0.00024 ( 1)
 840 C   0.93134 0.03854 0.02891 0.00121 ( 1)
 841 A   0.92189 0.04804 0.02857 0.00151 ( 1)
 842 L   0.96645 0.00336 0.03009 0.00011 ( 1)
 843 G   0.96946 0.00045 0.03008 0.00001 ( 1)
 844 I   0.96955 0.00042 0.03002 0.00001 ( 1)
 845 L   0.96645 0.00336 0.03009 0.00011 ( 1)
 846 V   0.95062 0.01904 0.02975 0.00060 ( 1)
 847 A   0.96977 0.00019 0.03004 0.00001 ( 1)
 848 F   0.94626 0.02369 0.02931 0.00074 ( 1)
 849 H   0.96965 0.00028 0.03006 0.00001 ( 1)
 850 L   0.96612 0.00368 0.03008 0.00012 ( 1)
 851 P   0.96968 0.00028 0.03004 0.00001 ( 1)
 852 K   0.95414 0.01571 0.02966 0.00049 ( 1)
 853 C   0.96263 0.00703 0.03012 0.00022 ( 1)
 854 Y   0.96932 0.00055 0.03011 0.00002 ( 1)
 855 L   0.96615 0.00366 0.03008 0.00011 ( 1)
 856 L   0.96880 0.00114 0.03003 0.00004 ( 1)
 857 V   0.04000 0.92962 0.00124 0.02915 ( 2)
 858 R   0.27441 0.69526 0.00853 0.02180 ( 2)
