Supplemental results for CODEML (seqf: Human_TAS1R3_orthologues_DNA_aligned.txt  treef: TAS1R3_revised_tree_following_error_message.txt)


MLEs of dN/dS (w) for site classes (K=4)

site class             0        1       2a       2b
proportion       0.82745  0.16093  0.00972  0.00189
background w     0.10107  1.00000  0.10107  1.00000
foreground w     0.10107  1.00000  1.00000  1.00000

Naive Empirical Bayes (NEB) probabilities for 4 classes
(amino acids refer to 1st sequence: 1.Bushbaby)

   1 -   0.83882 0.14957 0.00986 0.00176 ( 1)
   2 -   0.83592 0.15246 0.00982 0.00179 ( 1)
   3 -   0.83908 0.14931 0.00986 0.00175 ( 1)
   4 -   0.83840 0.14998 0.00985 0.00176 ( 1)
   5 -   0.83614 0.15225 0.00982 0.00179 ( 1)
   6 -   0.82891 0.15947 0.00974 0.00187 ( 1)
   7 -   0.83928 0.14911 0.00986 0.00175 ( 1)
   8 -   0.83793 0.15045 0.00985 0.00177 ( 1)
   9 -   0.83215 0.15624 0.00978 0.00184 ( 1)
  10 -   0.35269 0.63570 0.00414 0.00747 ( 2)
  11 -   0.83737 0.15102 0.00984 0.00177 ( 1)
  12 -   0.83445 0.15394 0.00980 0.00181 ( 1)
  13 -   0.83445 0.15394 0.00980 0.00181 ( 1)
  14 -   0.82956 0.15882 0.00975 0.00187 ( 1)
  15 -   0.83793 0.15046 0.00985 0.00177 ( 1)
  16 -   0.83928 0.14911 0.00986 0.00175 ( 1)
  17 -   0.82914 0.15924 0.00974 0.00187 ( 1)
  18 -   0.83928 0.14911 0.00986 0.00175 ( 1)
  19 M   0.99138 0.00018 0.00844 0.00000 ( 1)
  20 P   0.88621 0.10259 0.01000 0.00121 ( 1)
  21 G   0.09925 0.88943 0.00087 0.01045 ( 2)
  22 P   0.26180 0.72675 0.00292 0.00854 ( 2)
  23 A   0.64149 0.34731 0.00712 0.00408 ( 1)
  24 V   0.99112 0.00034 0.00854 0.00000 ( 1)
  25 L   0.98663 0.00375 0.00957 0.00004 ( 1)
  26 G   0.99079 0.00046 0.00874 0.00001 ( 1)
  27 F   0.93050 0.06073 0.00806 0.00071 ( 1)
  28 S   0.99096 0.00033 0.00871 0.00000 ( 1)
  29 L   0.99102 0.00038 0.00859 0.00000 ( 1)
  30 A   0.69123 0.29822 0.00704 0.00350 ( 1)
  31 T   0.19139 0.79740 0.00185 0.00937 ( 2)
  32 L   0.64321 0.29964 0.05363 0.00352 ( 1)
  33 L   0.98438 0.00542 0.01013 0.00006 ( 1)
  34 G   0.07787 0.91057 0.00086 0.01070 ( 2)
  35 F   0.00205 0.98634 0.00002 0.01159 ( 2)
  36 G   0.81923 0.10571 0.07381 0.00124 ( 1)
  37 T   0.31172 0.65356 0.02705 0.00768 ( 2)
  38 G   0.99011 0.00085 0.00902 0.00001 ( 1)
  39 A   0.89034 0.02497 0.08440 0.00029 ( 1)
  40 P   0.95398 0.03667 0.00892 0.00043 ( 1)
  41 L   0.92889 0.06138 0.00902 0.00072 ( 1)
  42 C   0.99083 0.00039 0.00878 0.00000 ( 1)
  43 L   0.98694 0.00344 0.00957 0.00004 ( 1)
  44 S   0.91891 0.06982 0.01045 0.00082 ( 1)
  45 Q   0.61885 0.36479 0.01207 0.00429 ( 1)
  46 Q   0.97646 0.01417 0.00920 0.00017 ( 1)
  47 L   0.98318 0.00820 0.00853 0.00010 ( 1)
  48 R   0.86217 0.12838 0.00795 0.00151 ( 1)
  49 M   0.99138 0.00018 0.00844 0.00000 ( 1)
  50 P   0.02628 0.96212 0.00030 0.01130 ( 2)
  51 G   0.99011 0.00085 0.00902 0.00001 ( 1)
  52 N   0.98851 0.00294 0.00851 0.00003 ( 1)
  53 Y   0.98797 0.00174 0.01026 0.00002 ( 1)
  54 V   0.09742 0.89120 0.00090 0.01047 ( 2)
  55 L   0.98599 0.00439 0.00957 0.00005 ( 1)
  56 G   0.98725 0.00230 0.01042 0.00003 ( 1)
  57 G   0.99011 0.00085 0.00902 0.00001 ( 1)
  58 L   0.98969 0.00172 0.00858 0.00002 ( 1)
  59 F   0.99156 0.00013 0.00831 0.00000 ( 1)
  60 P   0.99133 0.00023 0.00843 0.00000 ( 1)
  61 L   0.97006 0.02029 0.00941 0.00024 ( 1)
  62 G   0.96162 0.02954 0.00849 0.00035 ( 1)
  63 A   0.68967 0.29904 0.00778 0.00351 ( 1)
  64 A   0.99131 0.00030 0.00839 0.00000 ( 1)
  65 E   0.91925 0.07169 0.00822 0.00084 ( 1)
  66 E   0.98496 0.00614 0.00883 0.00007 ( 1)
  67 A   0.86452 0.06161 0.07314 0.00072 ( 1)
  68 G   0.89890 0.09211 0.00791 0.00108 ( 1)
  69 L   0.95228 0.03900 0.00825 0.00046 ( 1)
  70 R   0.84759 0.14128 0.00948 0.00166 ( 1)
  71 T   0.91636 0.07466 0.00811 0.00088 ( 1)
  72 R   0.98942 0.00142 0.00915 0.00002 ( 1)
  73 T   0.62369 0.30952 0.06315 0.00364 ( 1)
  74 Q   0.84917 0.14117 0.00800 0.00166 ( 1)
  75 P   0.99135 0.00022 0.00843 0.00000 ( 1)
  76 S   0.93091 0.06019 0.00819 0.00071 ( 1)
  77 S   0.98792 0.00329 0.00875 0.00004 ( 1)
  78 P   0.95089 0.04001 0.00863 0.00047 ( 1)
  79 V   0.91537 0.00642 0.07814 0.00008 ( 1)
  80 C   0.99083 0.00039 0.00878 0.00000 ( 1)
  81 N   0.94736 0.04384 0.00828 0.00052 ( 1)
  82 -   0.82745 0.16093 0.00972 0.00189 ( 1)
  83 -   0.82745 0.16093 0.00972 0.00189 ( 1)
  84 -   0.82745 0.16093 0.00972 0.00189 ( 1)
  85 -   0.82745 0.16093 0.00972 0.00189 ( 1)
  86 -   0.82745 0.16093 0.00972 0.00189 ( 1)
  87 -   0.82745 0.16093 0.00972 0.00189 ( 1)
  88 -   0.82745 0.16093 0.00972 0.00189 ( 1)
  89 -   0.82745 0.16093 0.00972 0.00189 ( 1)
  90 -   0.82745 0.16093 0.00972 0.00189 ( 1)
  91 -   0.82745 0.16093 0.00972 0.00189 ( 1)
  92 R   0.98987 0.00097 0.00915 0.00001 ( 1)
  93 F   0.99148 0.00021 0.00831 0.00000 ( 1)
  94 S   0.98683 0.00305 0.01008 0.00004 ( 1)
  95 P   0.50240 0.48762 0.00425 0.00573 ( 1)
  96 L   0.17966 0.80924 0.00160 0.00951 ( 2)
  97 G   0.99077 0.00048 0.00874 0.00001 ( 1)
  98 L   0.98694 0.00344 0.00957 0.00004 ( 1)
  99 L   0.99096 0.00044 0.00859 0.00001 ( 1)
 100 W   0.98792 0.00249 0.00955 0.00003 ( 1)
 101 A   0.98252 0.00723 0.01016 0.00009 ( 1)
 102 L   0.98694 0.00344 0.00957 0.00004 ( 1)
 103 A   0.92648 0.06354 0.00924 0.00075 ( 1)
 104 M   0.98774 0.00339 0.00883 0.00004 ( 1)
 105 K   0.97693 0.01390 0.00901 0.00016 ( 1)
 106 M   0.99138 0.00018 0.00844 0.00000 ( 1)
 107 A   0.99105 0.00056 0.00838 0.00001 ( 1)
 108 V   0.99042 0.00075 0.00882 0.00001 ( 1)
 109 E   0.99059 0.00054 0.00886 0.00001 ( 1)
 110 E   0.99053 0.00060 0.00886 0.00001 ( 1)
 111 I   0.99160 0.00012 0.00828 0.00000 ( 1)
 112 N   0.99083 0.00038 0.00878 0.00000 ( 1)
 113 N   0.99063 0.00059 0.00878 0.00001 ( 1)
 114 G   0.04020 0.94829 0.00037 0.01114 ( 2)
 115 S   0.97505 0.01503 0.00975 0.00018 ( 1)
 116 T   0.58369 0.40619 0.00534 0.00477 ( 1)
 117 L   0.98694 0.00344 0.00957 0.00004 ( 1)
 118 L   0.98694 0.00344 0.00957 0.00004 ( 1)
 119 P   0.99062 0.00064 0.00874 0.00001 ( 1)
 120 G   0.99018 0.00079 0.00902 0.00001 ( 1)
 121 L   0.98694 0.00344 0.00957 0.00004 ( 1)
 122 Q   0.47258 0.48129 0.04047 0.00566 ( 2)
 123 L   0.98247 0.00790 0.00953 0.00009 ( 1)
 124 G   0.99079 0.00046 0.00874 0.00001 ( 1)
 125 Y   0.98236 0.00867 0.00887 0.00010 ( 1)
 126 D   0.99079 0.00068 0.00853 0.00001 ( 1)
 127 L   0.99102 0.00038 0.00859 0.00000 ( 1)
 128 F   0.98543 0.00566 0.00885 0.00007 ( 1)
 129 D   0.98951 0.00195 0.00852 0.00002 ( 1)
 130 T   0.99048 0.00057 0.00894 0.00001 ( 1)
 131 C   0.99083 0.00039 0.00878 0.00000 ( 1)
 132 S   0.98755 0.00310 0.00931 0.00004 ( 1)
 133 E   0.99059 0.00054 0.00886 0.00001 ( 1)
 134 P   0.64017 0.35026 0.00545 0.00412 ( 1)
 135 V   0.92763 0.06337 0.00826 0.00074 ( 1)
 136 V   0.99061 0.00056 0.00883 0.00001 ( 1)
 137 A   0.98893 0.00267 0.00837 0.00003 ( 1)
 138 M   0.99138 0.00018 0.00844 0.00000 ( 1)
 139 K   0.98991 0.00096 0.00912 0.00001 ( 1)
 140 P   0.99135 0.00022 0.00843 0.00000 ( 1)
 141 S   0.99023 0.00105 0.00870 0.00001 ( 1)
 142 L   0.98967 0.00076 0.00956 0.00001 ( 1)
 143 M   0.98980 0.00175 0.00843 0.00002 ( 1)
 144 F   0.99148 0.00021 0.00831 0.00000 ( 1)
 145 L   0.98694 0.00344 0.00957 0.00004 ( 1)
 146 A   0.99140 0.00021 0.00839 0.00000 ( 1)
 147 K   0.89969 0.09004 0.00922 0.00106 ( 1)
 148 A   0.00103 0.98724 0.00013 0.01160 ( 2)
 149 G   0.61068 0.37947 0.00539 0.00446 ( 1)
 150 S   0.99096 0.00033 0.00871 0.00000 ( 1)
 151 C   0.13361 0.85510 0.00125 0.01005 ( 2)
 152 S   0.25695 0.73223 0.00221 0.00860 ( 2)
 153 I   0.98593 0.00387 0.01015 0.00005 ( 1)
 154 A   0.99088 0.00052 0.00859 0.00001 ( 1)
 155 A   0.99142 0.00019 0.00839 0.00000 ( 1)
 156 Y   0.99043 0.00062 0.00894 0.00001 ( 1)
 157 C   0.99062 0.00060 0.00878 0.00001 ( 1)
 158 D   0.98720 0.00425 0.00850 0.00005 ( 1)
 159 Y   0.99019 0.00086 0.00894 0.00001 ( 1)
 160 A   0.97436 0.01449 0.01098 0.00017 ( 1)
 161 R   0.72345 0.21234 0.06172 0.00249 ( 1)
 162 Y   0.99049 0.00057 0.00894 0.00001 ( 1)
 163 Q   0.96846 0.02229 0.00899 0.00026 ( 1)
 164 P   0.98786 0.00119 0.01093 0.00001 ( 1)
 165 R   0.98361 0.00756 0.00874 0.00009 ( 1)
 166 V   0.99055 0.00062 0.00882 0.00001 ( 1)
 167 L   0.98634 0.00400 0.00961 0.00005 ( 1)
 168 A   0.98179 0.00862 0.00949 0.00010 ( 1)
 169 V   0.99112 0.00034 0.00854 0.00000 ( 1)
 170 I   0.99160 0.00012 0.00828 0.00000 ( 1)
 171 G   0.99003 0.00093 0.00902 0.00001 ( 1)
 172 P   0.99135 0.00022 0.00843 0.00000 ( 1)
 173 H   0.99114 0.00028 0.00857 0.00000 ( 1)
 174 S   0.99001 0.00127 0.00871 0.00001 ( 1)
 175 S   0.97787 0.01299 0.00898 0.00015 ( 1)
 176 E   0.99059 0.00054 0.00886 0.00001 ( 1)
 177 L   0.99088 0.00052 0.00859 0.00001 ( 1)
 178 A   0.99142 0.00019 0.00839 0.00000 ( 1)
 179 L   0.75871 0.23122 0.00736 0.00272 ( 1)
 180 I   0.98851 0.00294 0.00852 0.00003 ( 1)
 181 T   0.99056 0.00049 0.00894 0.00001 ( 1)
 182 G   0.99057 0.00068 0.00874 0.00001 ( 1)
 183 K   0.98991 0.00096 0.00912 0.00001 ( 1)
 184 F   0.99156 0.00013 0.00831 0.00000 ( 1)
 185 F   0.99144 0.00025 0.00831 0.00000 ( 1)
 186 G   0.86836 0.12256 0.00764 0.00144 ( 1)
 187 F   0.99156 0.00013 0.00831 0.00000 ( 1)
 188 F   0.99156 0.00013 0.00831 0.00000 ( 1)
 189 L   0.99102 0.00038 0.00859 0.00000 ( 1)
 190 M   0.98967 0.00181 0.00850 0.00002 ( 1)
 191 P   0.99114 0.00042 0.00843 0.00000 ( 1)
 192 Q   0.98910 0.00156 0.00932 0.00002 ( 1)
 193 V   0.99112 0.00034 0.00854 0.00000 ( 1)
 194 S   0.99096 0.00033 0.00871 0.00000 ( 1)
 195 Y   0.96898 0.02026 0.01053 0.00024 ( 1)
 196 G   0.98322 0.00592 0.01078 0.00007 ( 1)
 197 A   0.98515 0.00644 0.00834 0.00008 ( 1)
 198 S   0.98802 0.00326 0.00868 0.00004 ( 1)
 199 M   0.99138 0.00018 0.00844 0.00000 ( 1)
 200 D   0.98548 0.00597 0.00848 0.00007 ( 1)
 201 G   0.69887 0.29122 0.00649 0.00342 ( 1)
 202 L   0.98991 0.00149 0.00858 0.00002 ( 1)
 203 S   0.99061 0.00067 0.00871 0.00001 ( 1)
 204 I   0.95968 0.03158 0.00837 0.00037 ( 1)
 205 R   0.98956 0.00126 0.00916 0.00001 ( 1)
 206 E   0.99059 0.00054 0.00886 0.00001 ( 1)
 207 T   0.99107 0.00028 0.00865 0.00000 ( 1)
 208 F   0.99156 0.00013 0.00831 0.00000 ( 1)
 209 P   0.99135 0.00022 0.00843 0.00000 ( 1)
 210 S   0.99096 0.00032 0.00871 0.00000 ( 1)
 211 F   0.99156 0.00013 0.00831 0.00000 ( 1)
 212 F   0.99156 0.00013 0.00831 0.00000 ( 1)
 213 R   0.99069 0.00051 0.00879 0.00001 ( 1)
 214 T   0.98232 0.00870 0.00887 0.00010 ( 1)
 215 V   0.99054 0.00063 0.00882 0.00001 ( 1)
 216 P   0.99135 0.00022 0.00843 0.00000 ( 1)
 217 S   0.98913 0.00215 0.00870 0.00003 ( 1)
 218 D   0.99121 0.00025 0.00853 0.00000 ( 1)
 219 R   0.98501 0.00618 0.00874 0.00007 ( 1)
 220 T   0.90363 0.08729 0.00805 0.00103 ( 1)
 221 Q   0.98910 0.00156 0.00932 0.00002 ( 1)
 222 L   0.98694 0.00344 0.00957 0.00004 ( 1)
 223 L   0.00049 0.98790 0.00000 0.01161 ( 2)
 224 A   0.99095 0.00065 0.00839 0.00001 ( 1)
 225 V   0.04708 0.94142 0.00044 0.01106 ( 2)
 226 M   0.53226 0.45762 0.00474 0.00538 ( 1)
 227 K   0.97560 0.01549 0.00873 0.00018 ( 1)
 228 L   0.98694 0.00344 0.00957 0.00004 ( 1)
 229 L   0.98599 0.00439 0.00957 0.00005 ( 1)
 230 Q   0.88454 0.02139 0.09382 0.00025 ( 1)
 231 E   0.47879 0.51093 0.00428 0.00600 ( 2)
 232 F   0.98959 0.00209 0.00830 0.00002 ( 1)
 233 S   0.87541 0.05032 0.07368 0.00059 ( 1)
 234 W   0.98792 0.00249 0.00955 0.00003 ( 1)
 235 N   0.99083 0.00038 0.00878 0.00000 ( 1)
 236 W   0.98792 0.00249 0.00955 0.00003 ( 1)
 237 V   0.99055 0.00062 0.00882 0.00001 ( 1)
 238 A   0.99131 0.00029 0.00839 0.00000 ( 1)
 239 A   0.99107 0.00023 0.00870 0.00000 ( 1)
 240 L   0.98692 0.00347 0.00957 0.00004 ( 1)
 241 G   0.99079 0.00046 0.00874 0.00001 ( 1)
 242 S   0.98577 0.00519 0.00899 0.00006 ( 1)
 243 D   0.99082 0.00064 0.00853 0.00001 ( 1)
 244 D   0.99075 0.00072 0.00853 0.00001 ( 1)
 245 E   0.99053 0.00060 0.00886 0.00001 ( 1)
 246 Y   0.95892 0.02994 0.01078 0.00035 ( 1)
 247 G   0.99079 0.00046 0.00874 0.00001 ( 1)
 248 R   0.98915 0.00167 0.00916 0.00002 ( 1)
 249 Q   0.98884 0.00179 0.00934 0.00002 ( 1)
 250 G   0.99079 0.00046 0.00874 0.00001 ( 1)
 251 L   0.98361 0.00573 0.01059 0.00007 ( 1)
 252 S   0.98764 0.00364 0.00868 0.00004 ( 1)
 253 I   0.99052 0.00120 0.00827 0.00001 ( 1)
 254 F   0.99156 0.00013 0.00831 0.00000 ( 1)
 255 S   0.98843 0.00232 0.00923 0.00003 ( 1)
 256 S   0.13690 0.85152 0.00157 0.01001 ( 2)
 257 M   0.95739 0.03294 0.00929 0.00039 ( 1)
 258 A   0.99118 0.00043 0.00839 0.00001 ( 1)
 259 S   0.49389 0.49590 0.00438 0.00583 ( 2)
 260 T   0.39678 0.59249 0.00377 0.00696 ( 2)
 261 Q   0.81221 0.17804 0.00765 0.00209 ( 1)
 262 G   0.86386 0.06064 0.07479 0.00071 ( 1)
 263 I   0.99160 0.00012 0.00828 0.00000 ( 1)
 264 C   0.99043 0.00078 0.00878 0.00001 ( 1)
 265 I   0.99151 0.00021 0.00827 0.00000 ( 1)
 266 A   0.97179 0.01900 0.00899 0.00022 ( 1)
 267 H   0.99101 0.00041 0.00857 0.00000 ( 1)
 268 E   0.99059 0.00054 0.00886 0.00001 ( 1)
 269 G   0.99079 0.00046 0.00874 0.00001 ( 1)
 270 L   0.98674 0.00364 0.00957 0.00004 ( 1)
 271 V   0.99055 0.00062 0.00882 0.00001 ( 1)
 272 P   0.98979 0.00146 0.00873 0.00002 ( 1)
 273 L   0.98546 0.00403 0.01047 0.00005 ( 1)
 274 S   0.95136 0.03935 0.00883 0.00046 ( 1)
 275 S   0.04531 0.93959 0.00406 0.01104 ( 2)
 276 A   0.98943 0.00204 0.00850 0.00002 ( 1)
 277 N   0.48536 0.50454 0.00418 0.00593 ( 2)
 278 D   0.00093 0.98746 0.00001 0.01160 ( 2)
 279 L   0.00008 0.98830 0.00001 0.01161 ( 2)
 280 V   0.00303 0.98536 0.00003 0.01158 ( 2)
 281 M   0.22083 0.76800 0.00214 0.00902 ( 2)
 282 R   0.98374 0.00749 0.00868 0.00009 ( 1)
 283 K   0.98999 0.00088 0.00912 0.00001 ( 1)
 284 V   0.99055 0.00062 0.00882 0.00001 ( 1)
 285 Q   0.98910 0.00156 0.00932 0.00002 ( 1)
 286 A   0.65674 0.33369 0.00565 0.00392 ( 1)
 287 L   0.15217 0.83660 0.00140 0.00983 ( 2)
 288 L   0.98694 0.00344 0.00957 0.00004 ( 1)
 289 H   0.98587 0.00439 0.00969 0.00005 ( 1)
 290 Q   0.98910 0.00156 0.00932 0.00002 ( 1)
 291 I   0.94966 0.04167 0.00818 0.00049 ( 1)
 292 N   0.99083 0.00038 0.00878 0.00000 ( 1)
 293 Q   0.98898 0.00168 0.00932 0.00002 ( 1)
 294 S   0.98770 0.00358 0.00868 0.00004 ( 1)
 295 N   0.95111 0.03999 0.00843 0.00047 ( 1)
 296 V   0.95016 0.04089 0.00847 0.00048 ( 1)
 297 Q   0.98910 0.00156 0.00932 0.00002 ( 1)
 298 V   0.99055 0.00062 0.00882 0.00001 ( 1)
 299 V   0.99055 0.00062 0.00882 0.00001 ( 1)
 300 V   0.96996 0.02115 0.00864 0.00025 ( 1)
 301 L   0.98597 0.00441 0.00957 0.00005 ( 1)
 302 F   0.99143 0.00026 0.00831 0.00000 ( 1)
 303 A   0.99134 0.00027 0.00839 0.00000 ( 1)
 304 S   0.99033 0.00073 0.00893 0.00001 ( 1)
 305 A   0.94241 0.04898 0.00803 0.00058 ( 1)
 306 H   0.45176 0.53801 0.00391 0.00632 ( 2)
 307 A   0.99004 0.00108 0.00887 0.00001 ( 1)
 308 A   0.99142 0.00019 0.00839 0.00000 ( 1)
 309 H   0.46986 0.51978 0.00425 0.00611 ( 2)
 310 L   0.00019 0.98819 0.00000 0.01161 ( 2)
 311 L   0.98701 0.00439 0.00855 0.00005 ( 1)
 312 F   0.99156 0.00013 0.00831 0.00000 ( 1)
 313 S   0.11885 0.86989 0.00104 0.01022 ( 2)
 314 Y   0.97101 0.01999 0.00876 0.00023 ( 1)
 315 S   0.98789 0.00339 0.00868 0.00004 ( 1)
 316 I   0.99160 0.00012 0.00828 0.00000 ( 1)
 317 R   0.91969 0.07131 0.00816 0.00084 ( 1)
 318 F   0.01197 0.97571 0.00086 0.01146 ( 2)
 319 N   0.42175 0.56769 0.00389 0.00667 ( 2)
 320 L   0.99102 0.00038 0.00859 0.00000 ( 1)
 321 S   0.63167 0.35706 0.00708 0.00420 ( 1)
 322 P   0.96671 0.02477 0.00822 0.00029 ( 1)
 323 K   0.98999 0.00088 0.00912 0.00001 ( 1)
 324 V   0.99055 0.00062 0.00882 0.00001 ( 1)
 325 W   0.98792 0.00249 0.00955 0.00003 ( 1)
 326 V   0.99035 0.00076 0.00887 0.00001 ( 1)
 327 A   0.99142 0.00019 0.00839 0.00000 ( 1)
 328 S   0.99073 0.00056 0.00871 0.00001 ( 1)
 329 E   0.99059 0.00054 0.00886 0.00001 ( 1)
 330 A   0.99142 0.00019 0.00839 0.00000 ( 1)
 331 W   0.98792 0.00249 0.00955 0.00003 ( 1)
 332 L   0.98664 0.00375 0.00957 0.00004 ( 1)
 333 T   0.99106 0.00029 0.00865 0.00000 ( 1)
 334 S   0.93566 0.05307 0.01064 0.00062 ( 1)
 335 D   0.94923 0.04002 0.01028 0.00047 ( 1)
 336 L   0.61368 0.37498 0.00693 0.00441 ( 1)
 337 V   0.98752 0.00393 0.00851 0.00005 ( 1)
 338 M   0.99138 0.00018 0.00844 0.00000 ( 1)
 339 E   0.89490 0.09612 0.00785 0.00113 ( 1)
 340 L   0.98692 0.00346 0.00957 0.00004 ( 1)
 341 P   0.91506 0.00219 0.08273 0.00003 ( 1)
 342 G   0.99079 0.00046 0.00874 0.00001 ( 1)
 343 M   0.92132 0.00161 0.07705 0.00002 ( 1)
 344 T   0.98961 0.00200 0.00837 0.00002 ( 1)
 345 Q   0.97667 0.01396 0.00920 0.00016 ( 1)
 346 M   0.93104 0.05996 0.00829 0.00070 ( 1)
 347 G   0.99063 0.00062 0.00874 0.00001 ( 1)
 348 T   0.99079 0.00056 0.00865 0.00001 ( 1)
 349 V   0.99055 0.00062 0.00882 0.00001 ( 1)
 350 L   0.96710 0.02191 0.01074 0.00026 ( 1)
 351 G   0.99079 0.00046 0.00874 0.00001 ( 1)
 352 F   0.99079 0.00082 0.00838 0.00001 ( 1)
 353 L   0.89856 0.01395 0.08733 0.00016 ( 1)
 354 H   0.97732 0.01406 0.00846 0.00017 ( 1)
 355 Q   0.84045 0.14986 0.00794 0.00176 ( 1)
 356 G   0.81733 0.17331 0.00733 0.00204 ( 1)
 357 D   0.03800 0.94991 0.00092 0.01116 ( 2)
 358 L   0.03611 0.94899 0.00375 0.01115 ( 2)
 359 L   0.98674 0.00363 0.00959 0.00004 ( 1)
 360 P   0.95388 0.03756 0.00811 0.00044 ( 1)
 361 N   0.00819 0.97995 0.00035 0.01151 ( 2)
 362 F   0.99156 0.00013 0.00831 0.00000 ( 1)
 363 S   0.61917 0.37102 0.00545 0.00436 ( 1)
 364 Q   0.33844 0.62543 0.02878 0.00735 ( 2)
 365 Y   0.98934 0.00171 0.00893 0.00002 ( 1)
 366 V   0.99055 0.00062 0.00882 0.00001 ( 1)
 367 K   0.98161 0.00924 0.00904 0.00011 ( 1)
 368 N   0.98405 0.00727 0.00859 0.00009 ( 1)
 369 R   0.60874 0.38134 0.00544 0.00448 ( 1)
 370 L   0.95757 0.03276 0.00929 0.00038 ( 1)
 371 H   0.14259 0.84623 0.00124 0.00994 ( 2)
 372 L   0.98694 0.00344 0.00957 0.00004 ( 1)
 373 A   0.99131 0.00029 0.00839 0.00000 ( 1)
 374 A   0.98671 0.00489 0.00835 0.00006 ( 1)
 375 N   0.96175 0.02873 0.00918 0.00034 ( 1)
 376 P   0.98070 0.01005 0.00913 0.00012 ( 1)
 377 A   0.31225 0.67715 0.00264 0.00796 ( 2)
 378 F   0.99156 0.00013 0.00831 0.00000 ( 1)
 379 C   0.98645 0.00256 0.01096 0.00003 ( 1)
 380 A   0.96963 0.02191 0.00820 0.00026 ( 1)
 381 S   0.10035 0.88830 0.00092 0.01044 ( 2)
 382 L   0.98694 0.00344 0.00957 0.00004 ( 1)
 383 K   0.14418 0.84463 0.00127 0.00992 ( 2)
 384 A   0.01044 0.97790 0.00017 0.01149 ( 2)
 385 E   0.46282 0.52685 0.00414 0.00619 ( 2)
 386 Q   0.98052 0.01012 0.00924 0.00012 ( 1)
 387 P   0.92301 0.06582 0.01040 0.00077 ( 1)
 388 G   0.95451 0.03658 0.00848 0.00043 ( 1)
 389 L   0.98546 0.00403 0.01047 0.00005 ( 1)
 390 E   0.99059 0.00054 0.00886 0.00001 ( 1)
 391 E   0.99054 0.00059 0.00886 0.00001 ( 1)
 392 H   0.98659 0.00481 0.00854 0.00006 ( 1)
 393 V   0.99055 0.00062 0.00882 0.00001 ( 1)
 394 V   0.99035 0.00076 0.00887 0.00001 ( 1)
 395 G   0.99040 0.00057 0.00902 0.00001 ( 1)
 396 P   0.89730 0.09369 0.00791 0.00110 ( 1)
 397 R   0.99069 0.00051 0.00879 0.00001 ( 1)
 398 C   0.99083 0.00039 0.00878 0.00000 ( 1)
 399 P   0.98932 0.00159 0.00908 0.00002 ( 1)
 400 Q   0.98910 0.00156 0.00932 0.00002 ( 1)
 401 C   0.95235 0.03681 0.01040 0.00043 ( 1)
 402 D   0.99121 0.00025 0.00853 0.00000 ( 1)
 403 H   0.00042 0.98797 0.00000 0.01161 ( 2)
 404 I   0.97827 0.01341 0.00816 0.00016 ( 1)
 405 T   0.97003 0.01969 0.01005 0.00023 ( 1)
 406 L   0.98674 0.00364 0.00957 0.00004 ( 1)
 407 Q   0.98807 0.00259 0.00931 0.00003 ( 1)
 408 N   0.99063 0.00059 0.00878 0.00001 ( 1)
 409 V   0.98242 0.00872 0.00875 0.00010 ( 1)
 410 S   0.39477 0.59426 0.00399 0.00698 ( 2)
 411 A   0.93917 0.05227 0.00795 0.00061 ( 1)
 412 G   0.53035 0.45950 0.00475 0.00540 ( 1)
 413 L   0.96526 0.02507 0.00938 0.00029 ( 1)
 414 L   0.00000 0.98838 0.00000 0.01161 ( 2)
 415 H   0.85723 0.05734 0.08475 0.00067 ( 1)
 416 H   0.98842 0.00297 0.00857 0.00003 ( 1)
 417 R   0.83462 0.15598 0.00757 0.00183 ( 1)
 418 P   0.50689 0.48299 0.00445 0.00567 ( 1)
 419 F   0.99148 0.00021 0.00831 0.00000 ( 1)
 420 A   0.28808 0.70077 0.00292 0.00823 ( 2)
 421 A   0.98858 0.00302 0.00836 0.00004 ( 1)
 422 Y   0.99019 0.00086 0.00894 0.00001 ( 1)
 423 A   0.74421 0.24565 0.00725 0.00289 ( 1)
 424 A   0.98064 0.00920 0.01006 0.00011 ( 1)
 425 V   0.99055 0.00062 0.00882 0.00001 ( 1)
 426 Y   0.98928 0.00177 0.00893 0.00002 ( 1)
 427 S   0.98574 0.00553 0.00866 0.00006 ( 1)
 428 V   0.99055 0.00062 0.00882 0.00001 ( 1)
 429 A   0.99137 0.00024 0.00839 0.00000 ( 1)
 430 Q   0.98803 0.00176 0.01019 0.00002 ( 1)
 431 A   0.99142 0.00019 0.00839 0.00000 ( 1)
 432 L   0.98623 0.00415 0.00957 0.00005 ( 1)
 433 H   0.99114 0.00028 0.00857 0.00000 ( 1)
 434 N   0.99080 0.00041 0.00878 0.00000 ( 1)
 435 T   0.96347 0.02779 0.00841 0.00033 ( 1)
 436 L   0.98598 0.00440 0.00956 0.00005 ( 1)
 437 Q   0.03342 0.95505 0.00031 0.01122 ( 2)
 438 C   0.99083 0.00039 0.00878 0.00000 ( 1)
 439 S   0.70432 0.28608 0.00624 0.00336 ( 1)
 440 S   0.95435 0.03682 0.00839 0.00043 ( 1)
 441 S   0.98554 0.00535 0.00905 0.00006 ( 1)
 442 G   0.99079 0.00046 0.00874 0.00001 ( 1)
 443 C   0.99083 0.00039 0.00878 0.00000 ( 1)
 444 P   0.99119 0.00037 0.00843 0.00000 ( 1)
 445 A   0.00134 0.98706 0.00001 0.01160 ( 2)
 446 R   0.10642 0.88213 0.00108 0.01036 ( 2)
 447 E   0.95692 0.03412 0.00856 0.00040 ( 1)
 448 P   0.99132 0.00025 0.00843 0.00000 ( 1)
 449 V   0.99055 0.00062 0.00882 0.00001 ( 1)
 450 R   0.36782 0.62141 0.00347 0.00730 ( 2)
 451 -   0.82745 0.16093 0.00972 0.00189 ( 1)
 452 -   0.82745 0.16093 0.00972 0.00189 ( 1)
 453 -   0.82745 0.16093 0.00972 0.00189 ( 1)
 454 -   0.82745 0.16093 0.00972 0.00189 ( 1)
 455 -   0.82745 0.16093 0.00972 0.00189 ( 1)
 456 -   0.82745 0.16093 0.00972 0.00189 ( 1)
 457 P   0.98710 0.00445 0.00840 0.00005 ( 1)
 458 W   0.98792 0.00249 0.00955 0.00003 ( 1)
 459 Q   0.82367 0.16661 0.00776 0.00196 ( 1)
 460 L   0.51813 0.47118 0.00516 0.00554 ( 1)
 461 L   0.95676 0.03357 0.00928 0.00039 ( 1)
 462 E   0.07627 0.91233 0.00068 0.01072 ( 2)
 463 N   0.98221 0.00898 0.00870 0.00011 ( 1)
 464 M   0.76377 0.22706 0.00650 0.00267 ( 1)
 465 Y   0.87942 0.11134 0.00794 0.00131 ( 1)
 466 N   0.98637 0.00483 0.00874 0.00006 ( 1)
 467 M   0.98527 0.00626 0.00839 0.00007 ( 1)
 468 S   0.98732 0.00395 0.00868 0.00005 ( 1)
 469 F   0.99156 0.00013 0.00831 0.00000 ( 1)
 470 -   0.82745 0.16093 0.00972 0.00189 ( 1)
 471 R   0.06052 0.92787 0.00071 0.01090 ( 2)
 472 A   0.00020 0.98819 0.00000 0.01161 ( 2)
 473 G   0.05131 0.93721 0.00047 0.01101 ( 2)
 474 G   0.91319 0.00767 0.07905 0.00009 ( 1)
 475 L   0.94449 0.04581 0.00916 0.00054 ( 1)
 476 E   0.00068 0.98771 0.00001 0.01161 ( 2)
 477 L   0.91710 0.07314 0.00890 0.00086 ( 1)
 478 R   0.96054 0.03004 0.00906 0.00035 ( 1)
 479 F   0.98404 0.00762 0.00825 0.00009 ( 1)
 480 D   0.94974 0.04160 0.00817 0.00049 ( 1)
 481 A   0.01737 0.97100 0.00022 0.01141 ( 2)
 482 G   0.50895 0.48088 0.00451 0.00565 ( 1)
 483 G   0.98959 0.00138 0.00902 0.00002 ( 1)
 484 N   0.99063 0.00059 0.00878 0.00001 ( 1)
 485 V   0.99049 0.00068 0.00882 0.00001 ( 1)
 486 N   0.98883 0.00263 0.00851 0.00003 ( 1)
 487 L   0.70537 0.28527 0.00601 0.00335 ( 1)
 488 K   0.98366 0.00745 0.00880 0.00009 ( 1)
 489 Y   0.06267 0.92068 0.00584 0.01082 ( 2)
 490 D   0.95134 0.04001 0.00819 0.00047 ( 1)
 491 L   0.95938 0.03095 0.00931 0.00036 ( 1)
 492 K   0.98076 0.01009 0.00904 0.00012 ( 1)
 493 L   0.69139 0.29840 0.00671 0.00351 ( 1)
 494 W   0.73159 0.25830 0.00707 0.00303 ( 1)
 495 V   0.98379 0.00732 0.00879 0.00009 ( 1)
 496 W   0.98792 0.00249 0.00955 0.00003 ( 1)
 497 R   0.00987 0.97844 0.00018 0.01150 ( 2)
 498 D   0.10252 0.88462 0.00247 0.01039 ( 2)
 499 P   0.00172 0.98656 0.00012 0.01159 ( 2)
 500 T   0.70451 0.28417 0.00798 0.00334 ( 1)
 501 P   0.99117 0.00039 0.00843 0.00000 ( 1)
 502 E   0.00326 0.98513 0.00004 0.01158 ( 2)
 503 L   0.99074 0.00067 0.00859 0.00001 ( 1)
 504 R   0.62795 0.35299 0.01491 0.00415 ( 1)
 505 T   0.00079 0.98760 0.00001 0.01160 ( 2)
 506 V   0.99055 0.00062 0.00882 0.00001 ( 1)
 507 G   0.99079 0.00046 0.00874 0.00001 ( 1)
 508 T   0.00438 0.98402 0.00004 0.01156 ( 2)
 509 F   0.99156 0.00013 0.00831 0.00000 ( 1)
 510 N   0.98430 0.00710 0.00852 0.00008 ( 1)
 511 G   0.89149 0.09909 0.00826 0.00116 ( 1)
 512 S   0.12310 0.86563 0.00110 0.01017 ( 2)
 513 L   0.98701 0.00387 0.00907 0.00005 ( 1)
 514 W   0.02601 0.96243 0.00025 0.01131 ( 2)
 515 -   0.82745 0.16093 0.00972 0.00189 ( 1)
 516 L   0.01004 0.97751 0.00096 0.01149 ( 2)
 517 Q   0.90766 0.08279 0.00857 0.00097 ( 1)
 518 R   0.91942 0.07177 0.00797 0.00084 ( 1)
 519 S   0.00091 0.98748 0.00001 0.01160 ( 2)
 520 K   0.98123 0.00960 0.00905 0.00011 ( 1)
 521 I   0.99039 0.00132 0.00827 0.00002 ( 1)
 522 C   0.00093 0.98746 0.00001 0.01160 ( 2)
 523 W   0.98792 0.00249 0.00955 0.00003 ( 1)
 524 H   0.99077 0.00065 0.00857 0.00001 ( 1)
 525 T   0.97093 0.01963 0.00920 0.00023 ( 1)
 526 H   0.02370 0.96476 0.00020 0.01134 ( 2)
 527 S   0.00614 0.98226 0.00005 0.01154 ( 2)
 528 N   0.99026 0.00095 0.00877 0.00001 ( 1)
 529 R   0.83070 0.15958 0.00784 0.00188 ( 1)
 530 V   0.00002 0.98836 0.00000 0.01161 ( 2)
 531 P   0.98715 0.00170 0.01113 0.00002 ( 1)
 532 V   0.92615 0.06483 0.00825 0.00076 ( 1)
 533 S   0.98673 0.00454 0.00868 0.00005 ( 1)
 534 Q   0.76420 0.22594 0.00720 0.00265 ( 1)
 535 C   0.99083 0.00039 0.00878 0.00000 ( 1)
 536 S   0.98094 0.00993 0.00901 0.00012 ( 1)
 537 Q   0.37501 0.61430 0.00347 0.00722 ( 2)
 538 Q   0.81798 0.17229 0.00771 0.00202 ( 1)
 539 C   0.99033 0.00088 0.00878 0.00001 ( 1)
 540 Q   0.38030 0.58185 0.03101 0.00684 ( 2)
 541 E   0.90301 0.01608 0.08072 0.00019 ( 1)
 542 G   0.99026 0.00099 0.00874 0.00001 ( 1)
 543 Q   0.98773 0.00293 0.00931 0.00003 ( 1)
 544 V   0.98990 0.00126 0.00882 0.00001 ( 1)
 545 R   0.99012 0.00108 0.00878 0.00001 ( 1)
 546 R   0.98144 0.00868 0.00978 0.00010 ( 1)
 547 V   0.99033 0.00084 0.00882 0.00001 ( 1)
 548 K   0.98212 0.00873 0.00905 0.00010 ( 1)
 549 G   0.99012 0.00113 0.00874 0.00001 ( 1)
 550 F   0.99035 0.00133 0.00830 0.00002 ( 1)
 551 H   0.93945 0.05182 0.00813 0.00061 ( 1)
 552 S   0.98734 0.00393 0.00868 0.00005 ( 1)
 553 C   0.92246 0.06856 0.00818 0.00081 ( 1)
 554 C   0.92246 0.06856 0.00818 0.00081 ( 1)
 555 Y   0.98343 0.00761 0.00888 0.00009 ( 1)
 556 D   0.99121 0.00025 0.00853 0.00000 ( 1)
 557 C   0.98813 0.00308 0.00876 0.00004 ( 1)
 558 V   0.98971 0.00146 0.00882 0.00002 ( 1)
 559 D   0.99121 0.00025 0.00853 0.00000 ( 1)
 560 C   0.99079 0.00043 0.00878 0.00001 ( 1)
 561 K   0.48146 0.46906 0.04396 0.00551 ( 1)
 562 P   0.88366 0.10514 0.00996 0.00124 ( 1)
 563 G   0.99079 0.00046 0.00874 0.00001 ( 1)
 564 S   0.99078 0.00051 0.00871 0.00001 ( 1)
 565 Y   0.99049 0.00057 0.00894 0.00001 ( 1)
 566 Q   0.74686 0.24325 0.00704 0.00286 ( 1)
 567 -   0.82745 0.16093 0.00972 0.00189 ( 1)
 568 H   0.00744 0.97994 0.00110 0.01151 ( 2)
 569 S   0.61320 0.37697 0.00541 0.00443 ( 1)
 570 P   0.11234 0.86830 0.00916 0.01020 ( 2)
 571 -   0.82745 0.16093 0.00972 0.00189 ( 1)
 572 -   0.82745 0.16093 0.00972 0.00189 ( 1)
 573 E   0.17230 0.81623 0.00189 0.00959 ( 2)
 574 D   0.98686 0.00459 0.00849 0.00005 ( 1)
 575 P   0.00017 0.98822 0.00000 0.01161 ( 2)
 576 T   0.00213 0.98607 0.00021 0.01159 ( 2)
 577 C   0.93915 0.05192 0.00832 0.00061 ( 1)
 578 T   0.70720 0.28330 0.00617 0.00333 ( 1)
 579 P   0.00000 0.98838 0.00000 0.01161 ( 2)
 580 C   0.79048 0.20016 0.00701 0.00235 ( 1)
 581 R   0.00000 0.98839 0.00000 0.01161 ( 2)
 582 K   0.00741 0.98040 0.00067 0.01152 ( 2)
 583 D   0.52844 0.46037 0.00578 0.00541 ( 1)
 584 Q   0.49182 0.49793 0.00440 0.00585 ( 2)
 585 W   0.92569 0.06460 0.00895 0.00076 ( 1)
 586 S   0.99093 0.00035 0.00871 0.00000 ( 1)
 587 P   0.99076 0.00050 0.00874 0.00001 ( 1)
 588 Q   0.54631 0.44358 0.00490 0.00521 ( 1)
 589 R   0.98949 0.00133 0.00916 0.00002 ( 1)
 590 S   0.99096 0.00033 0.00871 0.00000 ( 1)
 591 R   0.32064 0.66788 0.00363 0.00785 ( 2)
 592 K   0.48932 0.42910 0.07654 0.00504 ( 1)
 593 C   0.99083 0.00039 0.00878 0.00000 ( 1)
 594 F   0.99156 0.00013 0.00831 0.00000 ( 1)
 595 S   0.01298 0.97545 0.00012 0.01146 ( 2)
 596 R   0.98982 0.00100 0.00917 0.00001 ( 1)
 597 R   0.97605 0.01496 0.00881 0.00018 ( 1)
 598 H   0.00787 0.98054 0.00007 0.01152 ( 2)
 599 T   0.67468 0.31536 0.00626 0.00371 ( 1)
 600 F   0.99004 0.00164 0.00830 0.00002 ( 1)
 601 L   0.94325 0.04703 0.00917 0.00055 ( 1)
 602 A   0.17453 0.81437 0.00153 0.00957 ( 2)
 603 W   0.53112 0.45836 0.00514 0.00539 ( 1)
 604 G   0.98428 0.00667 0.00897 0.00008 ( 1)
 605 D   0.40034 0.58915 0.00358 0.00692 ( 2)
 606 P   0.91670 0.07434 0.00808 0.00087 ( 1)
 607 T   0.81327 0.17720 0.00745 0.00208 ( 1)
 608 V   0.98346 0.00769 0.00876 0.00009 ( 1)
 609 L   0.98654 0.00385 0.00957 0.00005 ( 1)
 610 V   0.00230 0.98609 0.00002 0.01159 ( 2)
 611 L   0.72183 0.26802 0.00700 0.00315 ( 1)
 612 L   0.94463 0.04663 0.00819 0.00055 ( 1)
 613 L   0.81883 0.17121 0.00795 0.00201 ( 1)
 614 L   0.90893 0.08130 0.00882 0.00096 ( 1)
 615 L   0.93978 0.05051 0.00912 0.00059 ( 1)
 616 G   0.33562 0.65373 0.00297 0.00768 ( 2)
 617 L   0.98469 0.00569 0.00955 0.00007 ( 1)
 618 V   0.96238 0.02870 0.00857 0.00034 ( 1)
 619 L   0.98694 0.00344 0.00957 0.00004 ( 1)
 620 A   0.98389 0.00734 0.00868 0.00009 ( 1)
 621 L   0.97849 0.01188 0.00949 0.00014 ( 1)
 622 V   0.99055 0.00062 0.00882 0.00001 ( 1)
 623 L   0.90893 0.08130 0.00882 0.00096 ( 1)
 624 A   0.96063 0.02931 0.00972 0.00034 ( 1)
 625 A   0.32475 0.66463 0.00281 0.00781 ( 2)
 626 L   0.93775 0.05254 0.00910 0.00062 ( 1)
 627 G   0.98993 0.00104 0.00902 0.00001 ( 1)
 628 L   0.65109 0.33896 0.00596 0.00398 ( 1)
 629 F   0.96686 0.02229 0.01059 0.00026 ( 1)
 630 V   0.00131 0.98708 0.00001 0.01160 ( 2)
 631 H   0.55022 0.43985 0.00476 0.00517 ( 1)
 632 H   0.98390 0.00750 0.00852 0.00009 ( 1)
 633 R   0.12550 0.86305 0.00131 0.01014 ( 2)
 634 N   0.66575 0.32470 0.00573 0.00382 ( 1)
 635 S   0.93931 0.05180 0.00827 0.00061 ( 1)
 636 P   0.96430 0.02496 0.01044 0.00029 ( 1)
 637 L   0.86711 0.12304 0.00841 0.00145 ( 1)
 638 V   0.48711 0.50261 0.00438 0.00591 ( 2)
 639 Q   0.80510 0.18513 0.00759 0.00218 ( 1)
 640 A   0.99142 0.00019 0.00839 0.00000 ( 1)
 641 S   0.93939 0.05124 0.00877 0.00060 ( 1)
 642 G   0.72572 0.26360 0.00758 0.00310 ( 1)
 643 G   0.85484 0.13578 0.00779 0.00160 ( 1)
 644 L   0.00599 0.98241 0.00006 0.01154 ( 2)
 645 L   0.90893 0.08130 0.00882 0.00096 ( 1)
 646 A   0.98079 0.00914 0.00996 0.00011 ( 1)
 647 C   0.91982 0.07119 0.00815 0.00084 ( 1)
 648 F   0.56295 0.42698 0.00505 0.00502 ( 1)
 649 G   0.52968 0.46024 0.00467 0.00541 ( 1)
 650 L   0.85007 0.14004 0.00825 0.00165 ( 1)
 651 A   0.55667 0.43352 0.00471 0.00509 ( 1)
 652 C   0.98060 0.01058 0.00869 0.00012 ( 1)
 653 L   0.92049 0.06977 0.00893 0.00082 ( 1)
 654 G   0.91207 0.07895 0.00805 0.00093 ( 1)
 655 L   0.96336 0.02698 0.00935 0.00032 ( 1)
 656 V   0.98648 0.00497 0.00850 0.00006 ( 1)
 657 C   0.99083 0.00039 0.00878 0.00000 ( 1)
 658 L   0.93208 0.05914 0.00808 0.00069 ( 1)
 659 S   0.86368 0.10593 0.02915 0.00124 ( 1)
 660 G   0.56918 0.42087 0.00501 0.00495 ( 1)
 661 L   0.93796 0.05328 0.00813 0.00063 ( 1)
 662 L   0.86283 0.12730 0.00837 0.00150 ( 1)
 663 F   0.97660 0.01504 0.00819 0.00018 ( 1)
 664 P   0.87961 0.11158 0.00750 0.00131 ( 1)
 665 G   0.99055 0.00066 0.00879 0.00001 ( 1)
 666 R   0.73208 0.25811 0.00678 0.00303 ( 1)
 667 P   0.99015 0.00110 0.00874 0.00001 ( 1)
 668 S   0.94171 0.04943 0.00828 0.00058 ( 1)
 669 P   0.98641 0.00512 0.00841 0.00006 ( 1)
 670 A   0.86729 0.05865 0.07337 0.00069 ( 1)
 671 S   0.46149 0.52825 0.00406 0.00621 ( 2)
 672 C   0.99068 0.00054 0.00878 0.00001 ( 1)
 673 L   0.66361 0.32612 0.00644 0.00383 ( 1)
 674 A   0.98981 0.00179 0.00837 0.00002 ( 1)
 675 Q   0.96855 0.02207 0.00913 0.00026 ( 1)
 676 Q   0.97250 0.01812 0.00916 0.00021 ( 1)
 677 P   0.98319 0.00804 0.00867 0.00009 ( 1)
 678 L   0.31632 0.67270 0.00307 0.00790 ( 2)
 679 C   0.78217 0.12852 0.08780 0.00151 ( 1)
 680 H   0.65966 0.33074 0.00571 0.00389 ( 1)
 681 L   0.99059 0.00082 0.00858 0.00001 ( 1)
 682 P   0.97945 0.01125 0.00916 0.00013 ( 1)
 683 L   0.99047 0.00094 0.00858 0.00001 ( 1)
 684 T   0.98887 0.00247 0.00863 0.00003 ( 1)
 685 G   0.99026 0.00099 0.00874 0.00001 ( 1)
 686 C   0.99033 0.00088 0.00878 0.00001 ( 1)
 687 L   0.98469 0.00569 0.00955 0.00007 ( 1)
 688 S   0.99052 0.00076 0.00871 0.00001 ( 1)
 689 T   0.91459 0.07418 0.01036 0.00087 ( 1)
 690 L   0.97543 0.01493 0.00946 0.00018 ( 1)
 691 F   0.89016 0.03497 0.07446 0.00041 ( 1)
 692 L   0.98469 0.00569 0.00955 0.00007 ( 1)
 693 Q   0.98774 0.00291 0.00931 0.00003 ( 1)
 694 A   0.98806 0.00334 0.00856 0.00004 ( 1)
 695 A   0.99106 0.00055 0.00838 0.00001 ( 1)
 696 E   0.97807 0.01300 0.00879 0.00015 ( 1)
 697 T   0.81440 0.17109 0.01249 0.00201 ( 1)
 698 F   0.98990 0.00052 0.00957 0.00001 ( 1)
 699 V   0.87721 0.11364 0.00781 0.00134 ( 1)
 700 E   0.98986 0.00127 0.00885 0.00001 ( 1)
 701 S   0.97324 0.01761 0.00894 0.00021 ( 1)
 702 E   0.98718 0.00395 0.00883 0.00005 ( 1)
 703 L   0.98211 0.00826 0.00953 0.00010 ( 1)
 704 P   0.98227 0.00897 0.00866 0.00011 ( 1)
 705 P   0.00929 0.97824 0.00098 0.01149 ( 2)
 706 S   0.94446 0.04669 0.00830 0.00055 ( 1)
 707 W   0.96163 0.02873 0.00930 0.00034 ( 1)
 708 A   0.29927 0.69000 0.00263 0.00811 ( 2)
 709 D   0.96196 0.02939 0.00830 0.00035 ( 1)
 710 R   0.94096 0.04935 0.00910 0.00058 ( 1)
 711 L   0.95712 0.03320 0.00928 0.00039 ( 1)
 712 H   0.11057 0.87809 0.00102 0.01032 ( 2)
 713 S   0.98680 0.00444 0.00871 0.00005 ( 1)
 714 R   0.93657 0.05436 0.00844 0.00064 ( 1)
 715 L   0.98694 0.00344 0.00957 0.00004 ( 1)
 716 R   0.96699 0.02360 0.00912 0.00028 ( 1)
 717 G   0.98978 0.00112 0.00908 0.00001 ( 1)
 718 P   0.98930 0.00226 0.00842 0.00003 ( 1)
 719 C   0.76713 0.22284 0.00742 0.00262 ( 1)
 720 A   0.99142 0.00019 0.00839 0.00000 ( 1)
 721 W   0.98792 0.00249 0.00955 0.00003 ( 1)
 722 M   0.95211 0.03735 0.01009 0.00044 ( 1)
 723 V   0.59306 0.39335 0.00897 0.00462 ( 1)
 724 V   0.99055 0.00062 0.00882 0.00001 ( 1)
 725 V   0.95577 0.03455 0.00927 0.00041 ( 1)
 726 L   0.98597 0.00441 0.00957 0.00005 ( 1)
 727 A   0.91528 0.00195 0.08275 0.00002 ( 1)
 728 L   0.23427 0.75474 0.00212 0.00887 ( 2)
 729 L   0.98694 0.00344 0.00957 0.00004 ( 1)
 730 V   0.99027 0.00080 0.00892 0.00001 ( 1)
 731 E   0.99059 0.00054 0.00886 0.00001 ( 1)
 732 A   0.98461 0.00666 0.00864 0.00008 ( 1)
 733 A   0.97931 0.01169 0.00887 0.00014 ( 1)
 734 L   0.98694 0.00344 0.00957 0.00004 ( 1)
 735 C   0.98995 0.00111 0.00892 0.00001 ( 1)
 736 A   0.58122 0.40247 0.01157 0.00473 ( 1)
 737 W   0.98792 0.00249 0.00955 0.00003 ( 1)
 738 Y   0.99049 0.00057 0.00894 0.00001 ( 1)
 739 L   0.98694 0.00344 0.00957 0.00004 ( 1)
 740 I   0.00553 0.98286 0.00006 0.01155 ( 2)
 741 A   0.99131 0.00029 0.00839 0.00000 ( 1)
 742 F   0.99154 0.00015 0.00831 0.00000 ( 1)
 743 R   0.97852 0.01283 0.00850 0.00015 ( 1)
 744 P   0.97680 0.01204 0.01102 0.00014 ( 1)
 745 E   0.99059 0.00054 0.00886 0.00001 ( 1)
 746 V   0.99031 0.00086 0.00882 0.00001 ( 1)
 747 V   0.99055 0.00062 0.00882 0.00001 ( 1)
 748 M   0.50342 0.48518 0.00570 0.00570 ( 1)
 749 D   0.99121 0.00025 0.00853 0.00000 ( 1)
 750 W   0.98792 0.00249 0.00955 0.00003 ( 1)
 751 H   0.54173 0.44790 0.00511 0.00526 ( 1)
 752 V   0.91548 0.07547 0.00816 0.00089 ( 1)
 753 L   0.98672 0.00366 0.00957 0.00004 ( 1)
 754 P   0.99135 0.00022 0.00843 0.00000 ( 1)
 755 T   0.94492 0.04386 0.01070 0.00052 ( 1)
 756 K   0.98542 0.00570 0.00881 0.00007 ( 1)
 757 A   0.98273 0.00661 0.01059 0.00008 ( 1)
 758 L   0.98674 0.00364 0.00957 0.00004 ( 1)
 759 V   0.97296 0.01793 0.00889 0.00021 ( 1)
 760 H   0.99114 0.00028 0.00857 0.00000 ( 1)
 761 C   0.99036 0.00085 0.00878 0.00001 ( 1)
 762 R   0.98591 0.00528 0.00875 0.00006 ( 1)
 763 V   0.00044 0.98795 0.00001 0.01161 ( 2)
 764 H   0.98124 0.01015 0.00849 0.00012 ( 1)
 765 S   0.99096 0.00032 0.00871 0.00000 ( 1)
 766 W   0.98792 0.00249 0.00955 0.00003 ( 1)
 767 A   0.98683 0.00461 0.00850 0.00005 ( 1)
 768 G   0.95758 0.03343 0.00859 0.00039 ( 1)
 769 L   0.97843 0.01294 0.00848 0.00015 ( 1)
 770 G   0.99079 0.00046 0.00874 0.00001 ( 1)
 771 L   0.98676 0.00362 0.00957 0.00004 ( 1)
 772 V   0.98201 0.00914 0.00875 0.00011 ( 1)
 773 H   0.99079 0.00063 0.00857 0.00001 ( 1)
 774 T   0.97085 0.02069 0.00821 0.00024 ( 1)
 775 L   0.70656 0.28389 0.00622 0.00334 ( 1)
 776 N   0.98659 0.00461 0.00875 0.00005 ( 1)
 777 A   0.99132 0.00025 0.00843 0.00000 ( 1)
 778 I   0.04744 0.94107 0.00043 0.01106 ( 2)
 779 L   0.98694 0.00344 0.00957 0.00004 ( 1)
 780 A   0.98816 0.00086 0.01097 0.00001 ( 1)
 781 S   0.98859 0.00268 0.00869 0.00003 ( 1)
 782 L   0.99008 0.00133 0.00858 0.00002 ( 1)
 783 C   0.98689 0.00431 0.00875 0.00005 ( 1)
 784 F   0.99027 0.00016 0.00957 0.00000 ( 1)
 785 L   0.98588 0.00451 0.00956 0.00005 ( 1)
 786 G   0.99059 0.00066 0.00874 0.00001 ( 1)
 787 T   0.99101 0.00034 0.00865 0.00000 ( 1)
 788 F   0.99156 0.00013 0.00831 0.00000 ( 1)
 789 L   0.98694 0.00344 0.00957 0.00004 ( 1)
 790 V   0.99031 0.00086 0.00882 0.00001 ( 1)
 791 R   0.76524 0.22491 0.00721 0.00264 ( 1)
 792 S   0.99096 0.00033 0.00871 0.00000 ( 1)
 793 Q   0.19465 0.79380 0.00222 0.00933 ( 2)
 794 P   0.99009 0.00146 0.00843 0.00002 ( 1)
 795 G   0.90818 0.08281 0.00804 0.00097 ( 1)
 796 R   0.98607 0.00512 0.00875 0.00006 ( 1)
 797 Y   0.99049 0.00057 0.00894 0.00001 ( 1)
 798 S   0.98698 0.00429 0.00868 0.00005 ( 1)
 799 R   0.78265 0.20617 0.00876 0.00242 ( 1)
 800 A   0.99142 0.00019 0.00839 0.00000 ( 1)
 801 R   0.96771 0.02336 0.00866 0.00027 ( 1)
 802 G   0.99079 0.00046 0.00874 0.00001 ( 1)
 803 L   0.98617 0.00553 0.00823 0.00006 ( 1)
 804 T   0.99107 0.00028 0.00865 0.00000 ( 1)
 805 F   0.97353 0.01734 0.00892 0.00020 ( 1)
 806 A   0.99141 0.00020 0.00839 0.00000 ( 1)
 807 T   0.58698 0.40279 0.00550 0.00473 ( 1)
 808 L   0.98694 0.00344 0.00957 0.00004 ( 1)
 809 A   0.99131 0.00029 0.00839 0.00000 ( 1)
 810 Y   0.98985 0.00121 0.00893 0.00001 ( 1)
 811 L   0.98869 0.00271 0.00857 0.00003 ( 1)
 812 I   0.99160 0.00012 0.00828 0.00000 ( 1)
 813 T   0.98826 0.00307 0.00864 0.00004 ( 1)
 814 W   0.98792 0.00249 0.00955 0.00003 ( 1)
 815 V   0.99112 0.00034 0.00854 0.00000 ( 1)
 816 S   0.99096 0.00032 0.00871 0.00000 ( 1)
 817 F   0.99146 0.00022 0.00831 0.00000 ( 1)
 818 V   0.99055 0.00062 0.00882 0.00001 ( 1)
 819 P   0.99110 0.00047 0.00843 0.00001 ( 1)
 820 L   0.99102 0.00038 0.00859 0.00000 ( 1)
 821 L   0.98694 0.00344 0.00957 0.00004 ( 1)
 822 A   0.99142 0.00019 0.00839 0.00000 ( 1)
 823 N   0.98463 0.00624 0.00905 0.00007 ( 1)
 824 V   0.97149 0.01962 0.00866 0.00023 ( 1)
 825 Q   0.97535 0.01528 0.00919 0.00018 ( 1)
 826 V   0.99055 0.00062 0.00882 0.00001 ( 1)
 827 A   0.98735 0.00425 0.00835 0.00005 ( 1)
 828 H   0.51961 0.47017 0.00469 0.00552 ( 1)
 829 Q   0.96458 0.02602 0.00909 0.00031 ( 1)
 830 P   0.99027 0.00081 0.00891 0.00001 ( 1)
 831 A   0.99131 0.00026 0.00843 0.00000 ( 1)
 832 V   0.92844 0.06255 0.00827 0.00074 ( 1)
 833 Q   0.98910 0.00156 0.00932 0.00002 ( 1)
 834 M   0.99138 0.00018 0.00844 0.00000 ( 1)
 835 G   0.98838 0.00286 0.00873 0.00003 ( 1)
 836 A   0.99140 0.00021 0.00839 0.00000 ( 1)
 837 V   0.92945 0.06176 0.00806 0.00073 ( 1)
 838 L   0.98919 0.00213 0.00866 0.00003 ( 1)
 839 F   0.98364 0.00774 0.00853 0.00009 ( 1)
 840 C   0.86641 0.03601 0.09716 0.00042 ( 1)
 841 A   0.94173 0.04972 0.00797 0.00058 ( 1)
 842 L   0.98694 0.00344 0.00957 0.00004 ( 1)
 843 G   0.99079 0.00046 0.00874 0.00001 ( 1)
 844 I   0.99130 0.00043 0.00827 0.00001 ( 1)
 845 L   0.98694 0.00344 0.00957 0.00004 ( 1)
 846 V   0.97189 0.01965 0.00822 0.00023 ( 1)
 847 A   0.99142 0.00019 0.00839 0.00000 ( 1)
 848 F   0.96706 0.02451 0.00814 0.00029 ( 1)
 849 H   0.99114 0.00028 0.00857 0.00000 ( 1)
 850 L   0.98661 0.00377 0.00957 0.00004 ( 1)
 851 P   0.99128 0.00028 0.00843 0.00000 ( 1)
 852 K   0.97466 0.01617 0.00898 0.00019 ( 1)
 853 C   0.98397 0.00723 0.00872 0.00008 ( 1)
 854 Y   0.99049 0.00057 0.00894 0.00001 ( 1)
 855 L   0.98663 0.00375 0.00957 0.00004 ( 1)
 856 L   0.98922 0.00116 0.00960 0.00001 ( 1)
 857 V   0.03996 0.94850 0.00039 0.01114 ( 2)
 858 R   0.27656 0.71239 0.00267 0.00837 ( 2)
