Supplemental results for CODEML (seqf: Human_TAS1R3_orthologues_DNA_aligned.txt  treef: TAS1R3_revised_tree_following_error_message.txt)


MLEs of dN/dS (w) for site classes (K=4)

site class             0        1       2a       2b
proportion       0.58978  0.12188  0.23896  0.04938
background w     0.07091  1.00000  0.07091  1.00000
foreground w     0.07091  1.00000  1.00000  1.00000

Naive Empirical Bayes (NEB) probabilities for 4 classes
(amino acids refer to 1st sequence: 1.Bushbaby)

   1 -   0.59892 0.11273 0.24267 0.04568 ( 1)
   2 -   0.59660 0.11505 0.24173 0.04662 ( 1)
   3 -   0.59914 0.11252 0.24275 0.04559 ( 1)
   4 -   0.59857 0.11308 0.24253 0.04582 ( 1)
   5 -   0.59678 0.11487 0.24180 0.04654 ( 1)
   6 -   0.59095 0.12070 0.23944 0.04891 ( 1)
   7 -   0.59930 0.11236 0.24282 0.04552 ( 1)
   8 -   0.59822 0.11343 0.24238 0.04596 ( 1)
   9 -   0.59353 0.11812 0.24048 0.04786 ( 1)
  10 -   0.19149 0.52016 0.07759 0.21076 ( 2)
  11 -   0.59776 0.11390 0.24220 0.04615 ( 1)
  12 -   0.59539 0.11627 0.24124 0.04711 ( 1)
  13 -   0.59539 0.11627 0.24124 0.04711 ( 1)
  14 -   0.59146 0.12019 0.23965 0.04870 ( 1)
  15 -   0.59821 0.11345 0.24238 0.04597 ( 1)
  16 -   0.59930 0.11236 0.24282 0.04552 ( 1)
  17 -   0.59114 0.12052 0.23951 0.04883 ( 1)
  18 -   0.59930 0.11236 0.24282 0.04552 ( 1)
  19 M   0.82963 0.00010 0.17022 0.00004 ( 1)
  20 P   0.67007 0.10393 0.18388 0.04211 ( 1)
  21 G   0.02317 0.69145 0.00523 0.28016 ( 2)
  22 P   0.11492 0.60060 0.04113 0.24335 ( 2)
  23 A   0.41214 0.31361 0.14718 0.12707 ( 1)
  24 V   0.82002 0.00021 0.17969 0.00009 ( 1)
  25 L   0.78182 0.00259 0.21455 0.00105 ( 1)
  26 G   0.81556 0.00029 0.18403 0.00012 ( 1)
  27 F   0.67515 0.05859 0.24253 0.02374 ( 1)
  28 S   0.82070 0.00020 0.17902 0.00008 ( 1)
  29 L   0.81839 0.00024 0.18128 0.00010 ( 1)
  30 A   0.41864 0.33454 0.11128 0.13555 ( 1)
  31 T   0.07845 0.63589 0.02801 0.25765 ( 2)
  32 L   0.37437 0.38677 0.08214 0.15671 ( 2)
  33 L   0.78047 0.00381 0.21418 0.00154 ( 1)
  34 G   0.01705 0.69691 0.00367 0.28237 ( 2)
  35 F   0.00033 0.71136 0.00009 0.28822 ( 2)
  36 G   0.64868 0.13946 0.15535 0.05651 ( 1)
  37 T   0.15188 0.56321 0.05672 0.22820 ( 2)
  38 G   0.80616 0.00055 0.19307 0.00022 ( 1)
  39 A   0.78917 0.03367 0.16352 0.01364 ( 1)
  40 P   0.70445 0.02496 0.26048 0.01011 ( 1)
  41 L   0.71805 0.06038 0.19711 0.02446 ( 1)
  42 C   0.81832 0.00024 0.18134 0.00010 ( 1)
  43 L   0.78208 0.00235 0.21462 0.00095 ( 1)
  44 S   0.67443 0.05095 0.25398 0.02064 ( 1)
  45 Q   0.34269 0.40576 0.08716 0.16440 ( 2)
  46 Q   0.72549 0.00910 0.26173 0.00369 ( 1)
  47 L   0.73046 0.00502 0.26248 0.00203 ( 1)
  48 R   0.62824 0.15627 0.15217 0.06332 ( 1)
  49 M   0.82963 0.00010 0.17022 0.00004 ( 1)
  50 P   0.00709 0.70476 0.00260 0.28555 ( 2)
  51 G   0.80616 0.00055 0.19307 0.00022 ( 1)
  52 N   0.82147 0.00258 0.17491 0.00104 ( 1)
  53 Y   0.81171 0.00126 0.18652 0.00051 ( 1)
  54 V   0.02266 0.69179 0.00526 0.28029 ( 2)
  55 L   0.78130 0.00305 0.21441 0.00124 ( 1)
  56 G   0.80500 0.00157 0.19279 0.00064 ( 1)
  57 G   0.80616 0.00055 0.19307 0.00022 ( 1)
  58 L   0.78346 0.00109 0.21500 0.00044 ( 1)
  59 F   0.83389 0.00008 0.16600 0.00003 ( 1)
  60 P   0.82673 0.00014 0.17307 0.00006 ( 1)
  61 L   0.71084 0.01313 0.27070 0.00532 ( 1)
  62 G   0.71289 0.02404 0.25334 0.00974 ( 1)
  63 A   0.41072 0.35236 0.09416 0.14277 ( 1)
  64 A   0.82815 0.00018 0.17159 0.00007 ( 1)
  65 E   0.70833 0.08630 0.17041 0.03496 ( 1)
  66 E   0.80712 0.00558 0.18504 0.00226 ( 1)
  67 A   0.67945 0.05545 0.24264 0.02247 ( 1)
  68 G   0.68213 0.11667 0.15393 0.04727 ( 1)
  69 L   0.76313 0.04827 0.16904 0.01956 ( 1)
  70 R   0.61043 0.17921 0.13775 0.07261 ( 1)
  71 T   0.70816 0.09776 0.15447 0.03961 ( 1)
  72 R   0.80003 0.00090 0.19870 0.00037 ( 1)
  73 T   0.40823 0.31264 0.15245 0.12667 ( 1)
  74 Q   0.60989 0.16682 0.15570 0.06759 ( 1)
  75 P   0.82674 0.00013 0.17307 0.00005 ( 1)
  76 S   0.73564 0.07393 0.16047 0.02996 ( 1)
  77 S   0.81762 0.00287 0.17835 0.00116 ( 1)
  78 P   0.77603 0.04370 0.16257 0.01771 ( 1)
  79 V   0.80442 0.00628 0.18676 0.00254 ( 1)
  80 C   0.81832 0.00024 0.18134 0.00010 ( 1)
  81 N   0.75946 0.05523 0.16292 0.02238 ( 1)
  82 -   0.58978 0.12188 0.23896 0.04938 ( 1)
  83 -   0.58978 0.12188 0.23896 0.04938 ( 1)
  84 -   0.58978 0.12188 0.23896 0.04938 ( 1)
  85 -   0.58978 0.12188 0.23896 0.04938 ( 1)
  86 -   0.58978 0.12188 0.23896 0.04938 ( 1)
  87 -   0.58978 0.12188 0.23896 0.04938 ( 1)
  88 -   0.58978 0.12188 0.23896 0.04938 ( 1)
  89 -   0.58978 0.12188 0.23896 0.04938 ( 1)
  90 -   0.58978 0.12188 0.23896 0.04938 ( 1)
  91 -   0.58978 0.12188 0.23896 0.04938 ( 1)
  92 R   0.80431 0.00062 0.19482 0.00025 ( 1)
  93 F   0.83383 0.00013 0.16599 0.00005 ( 1)
  94 S   0.81851 0.00239 0.17812 0.00097 ( 1)
  95 P   0.22574 0.51276 0.05374 0.20776 ( 2)
  96 L   0.06238 0.65141 0.02227 0.26393 ( 2)
  97 G   0.81555 0.00030 0.18403 0.00012 ( 1)
  98 L   0.78208 0.00235 0.21462 0.00095 ( 1)
  99 L   0.81834 0.00028 0.18127 0.00011 ( 1)
 100 W   0.78816 0.00166 0.20950 0.00067 ( 1)
 101 A   0.72593 0.00434 0.26797 0.00176 ( 1)
 102 L   0.78208 0.00235 0.21462 0.00095 ( 1)
 103 A   0.73149 0.08322 0.15157 0.03372 ( 1)
 104 M   0.82612 0.00312 0.16950 0.00126 ( 1)
 105 K   0.79163 0.01312 0.18994 0.00532 ( 1)
 106 M   0.82963 0.00010 0.17022 0.00004 ( 1)
 107 A   0.73662 0.00027 0.26299 0.00011 ( 1)
 108 V   0.81103 0.00047 0.18830 0.00019 ( 1)
 109 E   0.81311 0.00034 0.18641 0.00014 ( 1)
 110 E   0.81306 0.00038 0.18640 0.00015 ( 1)
 111 I   0.83473 0.00007 0.16517 0.00003 ( 1)
 112 N   0.81852 0.00023 0.18115 0.00010 ( 1)
 113 N   0.81835 0.00038 0.18112 0.00015 ( 1)
 114 G   0.00825 0.70436 0.00200 0.28539 ( 2)
 115 S   0.79122 0.01453 0.18836 0.00589 ( 1)
 116 T   0.28871 0.46244 0.06148 0.18737 ( 2)
 117 L   0.78208 0.00235 0.21462 0.00095 ( 1)
 118 L   0.78208 0.00235 0.21462 0.00095 ( 1)
 119 P   0.81668 0.00041 0.18275 0.00017 ( 1)
 120 G   0.81529 0.00052 0.18398 0.00021 ( 1)
 121 L   0.78208 0.00235 0.21462 0.00095 ( 1)
 122 Q   0.13474 0.32666 0.40624 0.13236 ( 3)
 123 L   0.71937 0.00475 0.27395 0.00193 ( 1)
 124 G   0.81556 0.00029 0.18403 0.00012 ( 1)
 125 Y   0.80384 0.00815 0.18472 0.00330 ( 1)
 126 D   0.74261 0.00034 0.25690 0.00014 ( 1)
 127 L   0.81839 0.00024 0.18128 0.00010 ( 1)
 128 F   0.82820 0.00494 0.16487 0.00200 ( 1)
 129 D   0.74181 0.00108 0.25667 0.00044 ( 1)
 130 T   0.81257 0.00036 0.18693 0.00014 ( 1)
 131 C   0.81832 0.00024 0.18134 0.00010 ( 1)
 132 S   0.80509 0.00231 0.19166 0.00094 ( 1)
 133 E   0.81311 0.00034 0.18641 0.00014 ( 1)
 134 P   0.39179 0.33305 0.14022 0.13494 ( 1)
 135 V   0.72227 0.07831 0.16769 0.03173 ( 1)
 136 V   0.81118 0.00035 0.18833 0.00014 ( 1)
 137 A   0.82562 0.00236 0.17107 0.00096 ( 1)
 138 M   0.82963 0.00010 0.17022 0.00004 ( 1)
 139 K   0.80580 0.00061 0.19334 0.00025 ( 1)
 140 P   0.82674 0.00013 0.17307 0.00005 ( 1)
 141 S   0.73735 0.00052 0.26192 0.00021 ( 1)
 142 L   0.81808 0.00050 0.18121 0.00020 ( 1)
 143 M   0.82802 0.00149 0.16989 0.00060 ( 1)
 144 F   0.83383 0.00013 0.16599 0.00005 ( 1)
 145 L   0.78208 0.00235 0.21462 0.00095 ( 1)
 146 A   0.82822 0.00012 0.17161 0.00005 ( 1)
 147 K   0.68197 0.10988 0.16363 0.04452 ( 1)
 148 A   0.00016 0.71150 0.00006 0.28828 ( 2)
 149 G   0.30920 0.44476 0.06584 0.18021 ( 2)
 150 S   0.82070 0.00020 0.17902 0.00008 ( 1)
 151 C   0.03314 0.68298 0.00716 0.27672 ( 2)
 152 S   0.07548 0.64650 0.01607 0.26195 ( 2)
 153 I   0.74037 0.00221 0.25653 0.00090 ( 1)
 154 A   0.82796 0.00035 0.17155 0.00014 ( 1)
 155 A   0.82823 0.00012 0.17161 0.00005 ( 1)
 156 Y   0.81270 0.00039 0.18675 0.00016 ( 1)
 157 C   0.81815 0.00039 0.18131 0.00016 ( 1)
 158 D   0.81439 0.00382 0.18024 0.00155 ( 1)
 159 Y   0.81250 0.00057 0.18670 0.00023 ( 1)
 160 A   0.79646 0.01446 0.18322 0.00586 ( 1)
 161 R   0.51538 0.25160 0.13108 0.10194 ( 1)
 162 Y   0.81275 0.00035 0.18676 0.00014 ( 1)
 163 Q   0.77291 0.02171 0.19658 0.00880 ( 1)
 164 P   0.82592 0.00084 0.17290 0.00034 ( 1)
 165 R   0.80757 0.00588 0.18417 0.00238 ( 1)
 166 V   0.81113 0.00039 0.18832 0.00016 ( 1)
 167 L   0.78160 0.00279 0.21449 0.00113 ( 1)
 168 A   0.81986 0.00730 0.16988 0.00296 ( 1)
 169 V   0.82002 0.00021 0.17969 0.00009 ( 1)
 170 I   0.83473 0.00007 0.16517 0.00003 ( 1)
 171 G   0.80610 0.00060 0.19305 0.00024 ( 1)
 172 P   0.82674 0.00013 0.17307 0.00005 ( 1)
 173 H   0.82275 0.00017 0.17701 0.00007 ( 1)
 174 S   0.80676 0.00084 0.19206 0.00034 ( 1)
 175 S   0.71851 0.00776 0.27058 0.00315 ( 1)
 176 E   0.81311 0.00034 0.18641 0.00014 ( 1)
 177 L   0.81828 0.00033 0.18125 0.00013 ( 1)
 178 A   0.82823 0.00012 0.17161 0.00005 ( 1)
 179 L   0.49304 0.27931 0.11447 0.11317 ( 1)
 180 I   0.81741 0.00247 0.17911 0.00100 ( 1)
 181 T   0.82300 0.00032 0.17655 0.00013 ( 1)
 182 G   0.81539 0.00044 0.18400 0.00018 ( 1)
 183 K   0.80580 0.00061 0.19334 0.00025 ( 1)
 184 F   0.83389 0.00008 0.16600 0.00003 ( 1)
 185 F   0.83380 0.00016 0.16598 0.00006 ( 1)
 186 G   0.63834 0.15486 0.14405 0.06275 ( 1)
 187 F   0.83389 0.00008 0.16600 0.00003 ( 1)
 188 F   0.83389 0.00008 0.16600 0.00003 ( 1)
 189 L   0.81839 0.00024 0.18128 0.00010 ( 1)
 190 M   0.82796 0.00154 0.16988 0.00062 ( 1)
 191 P   0.82658 0.00027 0.17304 0.00011 ( 1)
 192 Q   0.79608 0.00103 0.20247 0.00042 ( 1)
 193 V   0.82002 0.00021 0.17969 0.00009 ( 1)
 194 S   0.82070 0.00020 0.17902 0.00008 ( 1)
 195 Y   0.71779 0.01311 0.26378 0.00531 ( 1)
 196 G   0.81065 0.00457 0.18293 0.00185 ( 1)
 197 A   0.73291 0.00381 0.26173 0.00155 ( 1)
 198 S   0.81766 0.00284 0.17836 0.00115 ( 1)
 199 M   0.82963 0.00010 0.17022 0.00004 ( 1)
 200 D   0.80727 0.00545 0.18508 0.00221 ( 1)
 201 G   0.43266 0.31926 0.11873 0.12936 ( 1)
 202 L   0.78364 0.00094 0.21505 0.00038 ( 1)
 203 S   0.73758 0.00031 0.26197 0.00013 ( 1)
 204 I   0.78403 0.03809 0.16245 0.01543 ( 1)
 205 R   0.80013 0.00082 0.19872 0.00033 ( 1)
 206 E   0.81311 0.00034 0.18641 0.00014 ( 1)
 207 T   0.82318 0.00017 0.17659 0.00007 ( 1)
 208 F   0.83389 0.00008 0.16600 0.00003 ( 1)
 209 P   0.82674 0.00013 0.17307 0.00005 ( 1)
 210 S   0.82105 0.00020 0.17868 0.00008 ( 1)
 211 F   0.83389 0.00008 0.16600 0.00003 ( 1)
 212 F   0.83389 0.00008 0.16600 0.00003 ( 1)
 213 R   0.81404 0.00032 0.18551 0.00013 ( 1)
 214 T   0.72289 0.00509 0.26996 0.00206 ( 1)
 215 V   0.81112 0.00040 0.18832 0.00016 ( 1)
 216 P   0.82674 0.00013 0.17307 0.00005 ( 1)
 217 S   0.81909 0.00159 0.17867 0.00065 ( 1)
 218 D   0.82427 0.00016 0.17551 0.00006 ( 1)
 219 R   0.72946 0.00367 0.26539 0.00149 ( 1)
 220 T   0.69061 0.10607 0.16034 0.04298 ( 1)
 221 Q   0.79608 0.00103 0.20247 0.00042 ( 1)
 222 L   0.78208 0.00235 0.21462 0.00095 ( 1)
 223 L   0.00005 0.71161 0.00001 0.28833 ( 2)
 224 A   0.73658 0.00032 0.26298 0.00013 ( 1)
 225 V   0.00958 0.70343 0.00198 0.28501 ( 2)
 226 M   0.25371 0.48898 0.05920 0.19812 ( 2)
 227 K   0.72624 0.01164 0.25741 0.00472 ( 1)
 228 L   0.78208 0.00235 0.21462 0.00095 ( 1)
 229 L   0.78130 0.00305 0.21441 0.00124 ( 1)
 230 Q   0.77139 0.02307 0.19619 0.00935 ( 1)
 231 E   0.20761 0.53004 0.04760 0.21476 ( 2)
 232 F   0.83181 0.00186 0.16558 0.00075 ( 1)
 233 S   0.74114 0.06520 0.16724 0.02642 ( 1)
 234 W   0.78816 0.00166 0.20950 0.00067 ( 1)
 235 N   0.81852 0.00023 0.18115 0.00010 ( 1)
 236 W   0.78816 0.00166 0.20950 0.00067 ( 1)
 237 V   0.81113 0.00039 0.18832 0.00016 ( 1)
 238 A   0.82815 0.00018 0.17159 0.00007 ( 1)
 239 A   0.82820 0.00014 0.17160 0.00006 ( 1)
 240 L   0.78206 0.00237 0.21461 0.00096 ( 1)
 241 G   0.81556 0.00029 0.18403 0.00012 ( 1)
 242 S   0.73472 0.00306 0.26099 0.00124 ( 1)
 243 D   0.78731 0.00038 0.21215 0.00015 ( 1)
 244 D   0.82388 0.00049 0.17543 0.00020 ( 1)
 245 E   0.81306 0.00038 0.18640 0.00015 ( 1)
 246 Y   0.71016 0.02054 0.26098 0.00832 ( 1)
 247 G   0.81556 0.00029 0.18403 0.00012 ( 1)
 248 R   0.79980 0.00110 0.19864 0.00045 ( 1)
 249 Q   0.79588 0.00121 0.20242 0.00049 ( 1)
 250 G   0.81556 0.00029 0.18403 0.00012 ( 1)
 251 L   0.78015 0.00410 0.21409 0.00166 ( 1)
 252 S   0.81167 0.00299 0.18412 0.00121 ( 1)
 253 I   0.83363 0.00100 0.16495 0.00041 ( 1)
 254 F   0.83389 0.00008 0.16600 0.00003 ( 1)
 255 S   0.80579 0.00169 0.19183 0.00068 ( 1)
 256 S   0.03218 0.68383 0.00692 0.27707 ( 2)
 257 M   0.75007 0.03138 0.20584 0.01271 ( 1)
 258 A   0.82803 0.00028 0.17157 0.00011 ( 1)
 259 S   0.22654 0.51471 0.05020 0.20855 ( 2)
 260 T   0.17680 0.55795 0.03918 0.22607 ( 2)
 261 Q   0.56955 0.21873 0.12310 0.08862 ( 1)
 262 G   0.72244 0.08507 0.15802 0.03447 ( 1)
 263 I   0.83473 0.00007 0.16517 0.00003 ( 1)
 264 C   0.73607 0.00037 0.26341 0.00015 ( 1)
 265 I   0.83465 0.00014 0.16516 0.00006 ( 1)
 266 A   0.71778 0.01228 0.26496 0.00498 ( 1)
 267 H   0.82265 0.00026 0.17698 0.00011 ( 1)
 268 E   0.81311 0.00034 0.18641 0.00014 ( 1)
 269 G   0.81556 0.00029 0.18403 0.00012 ( 1)
 270 L   0.78193 0.00248 0.21458 0.00101 ( 1)
 271 V   0.81113 0.00039 0.18832 0.00016 ( 1)
 272 P   0.72930 0.00074 0.26966 0.00030 ( 1)
 273 L   0.78155 0.00283 0.21448 0.00114 ( 1)
 274 S   0.77060 0.04845 0.16132 0.01963 ( 1)
 275 S   0.01332 0.69873 0.00485 0.28311 ( 2)
 276 A   0.82632 0.00176 0.17121 0.00071 ( 1)
 277 N   0.20880 0.53142 0.04446 0.21532 ( 2)
 278 D   0.00010 0.71157 0.00002 0.28831 ( 2)
 279 L   0.00001 0.71165 0.00000 0.28834 ( 2)
 280 V   0.00045 0.71125 0.00012 0.28818 ( 2)
 281 M   0.07447 0.64412 0.02044 0.26098 ( 2)
 282 R   0.79907 0.00680 0.19137 0.00276 ( 1)
 283 K   0.80586 0.00056 0.19335 0.00023 ( 1)
 284 V   0.81113 0.00039 0.18832 0.00016 ( 1)
 285 Q   0.79608 0.00103 0.20247 0.00042 ( 1)
 286 A   0.35032 0.40927 0.07459 0.16582 ( 2)
 287 L   0.04551 0.67175 0.01057 0.27217 ( 2)
 288 L   0.78208 0.00235 0.21462 0.00095 ( 1)
 289 H   0.81818 0.00412 0.17602 0.00167 ( 1)
 290 Q   0.79608 0.00103 0.20247 0.00042 ( 1)
 291 I   0.75576 0.04894 0.17547 0.01983 ( 1)
 292 N   0.81852 0.00023 0.18115 0.00010 ( 1)
 293 Q   0.79598 0.00112 0.20244 0.00046 ( 1)
 294 S   0.81731 0.00314 0.17828 0.00127 ( 1)
 295 N   0.76422 0.04916 0.16670 0.01992 ( 1)
 296 V   0.76272 0.04284 0.17708 0.01736 ( 1)
 297 Q   0.79608 0.00103 0.20247 0.00042 ( 1)
 298 V   0.81113 0.00039 0.18832 0.00016 ( 1)
 299 V   0.81113 0.00039 0.18832 0.00016 ( 1)
 300 V   0.76326 0.01942 0.20945 0.00787 ( 1)
 301 L   0.78129 0.00307 0.21440 0.00124 ( 1)
 302 F   0.83379 0.00016 0.16598 0.00007 ( 1)
 303 A   0.82817 0.00017 0.17160 0.00007 ( 1)
 304 S   0.82070 0.00050 0.17860 0.00020 ( 1)
 305 A   0.74657 0.06262 0.16544 0.02537 ( 1)
 306 H   0.19284 0.54314 0.04395 0.22007 ( 2)
 307 A   0.82749 0.00075 0.17146 0.00031 ( 1)
 308 A   0.82823 0.00012 0.17161 0.00005 ( 1)
 309 H   0.19891 0.53964 0.04280 0.21865 ( 2)
 310 L   0.00002 0.71163 0.00001 0.28834 ( 2)
 311 L   0.81416 0.00391 0.18034 0.00159 ( 1)
 312 F   0.83389 0.00008 0.16600 0.00003 ( 1)
 313 S   0.02743 0.68788 0.00598 0.27871 ( 2)
 314 Y   0.78965 0.02057 0.18145 0.00833 ( 1)
 315 S   0.81752 0.00296 0.17833 0.00120 ( 1)
 316 I   0.83473 0.00007 0.16517 0.00003 ( 1)
 317 R   0.71311 0.09347 0.15555 0.03787 ( 1)
 318 F   0.00180 0.71009 0.00039 0.28771 ( 2)
 319 N   0.17528 0.55699 0.04206 0.22568 ( 2)
 320 L   0.81839 0.00024 0.18128 0.00010 ( 1)
 321 S   0.35818 0.39607 0.08527 0.16048 ( 2)
 322 P   0.78556 0.03065 0.17137 0.01242 ( 1)
 323 K   0.80586 0.00056 0.19335 0.00023 ( 1)
 324 V   0.81113 0.00039 0.18832 0.00016 ( 1)
 325 W   0.78816 0.00166 0.20950 0.00067 ( 1)
 326 V   0.81101 0.00050 0.18829 0.00020 ( 1)
 327 A   0.82823 0.00012 0.17161 0.00005 ( 1)
 328 S   0.82051 0.00036 0.17898 0.00015 ( 1)
 329 E   0.81311 0.00034 0.18641 0.00014 ( 1)
 330 A   0.82823 0.00012 0.17161 0.00005 ( 1)
 331 W   0.78816 0.00166 0.20950 0.00067 ( 1)
 332 L   0.78182 0.00259 0.21455 0.00105 ( 1)
 333 T   0.82317 0.00017 0.17659 0.00007 ( 1)
 334 S   0.69336 0.03868 0.25228 0.01567 ( 1)
 335 D   0.76365 0.05249 0.16260 0.02127 ( 1)
 336 L   0.34404 0.39963 0.09441 0.16192 ( 2)
 337 V   0.81622 0.00351 0.17885 0.00142 ( 1)
 338 M   0.82963 0.00010 0.17022 0.00004 ( 1)
 339 E   0.67485 0.11637 0.16162 0.04715 ( 1)
 340 L   0.78206 0.00236 0.21462 0.00096 ( 1)
 341 P   0.82451 0.00206 0.17260 0.00083 ( 1)
 342 G   0.81556 0.00029 0.18403 0.00012 ( 1)
 343 M   0.82805 0.00146 0.16990 0.00059 ( 1)
 344 T   0.82641 0.00167 0.17123 0.00068 ( 1)
 345 Q   0.78262 0.01305 0.19904 0.00529 ( 1)
 346 M   0.72922 0.07221 0.16931 0.02926 ( 1)
 347 G   0.81544 0.00040 0.18401 0.00016 ( 1)
 348 T   0.81258 0.00035 0.18693 0.00014 ( 1)
 349 V   0.81113 0.00039 0.18832 0.00016 ( 1)
 350 L   0.72063 0.01453 0.25895 0.00589 ( 1)
 351 G   0.81556 0.00029 0.18403 0.00012 ( 1)
 352 F   0.74212 0.00043 0.25727 0.00018 ( 1)
 353 L   0.80125 0.01514 0.17748 0.00613 ( 1)
 354 H   0.78275 0.01293 0.19908 0.00524 ( 1)
 355 Q   0.59664 0.18421 0.14452 0.07464 ( 1)
 356 G   0.57699 0.15197 0.20947 0.06157 ( 1)
 357 D   0.00681 0.70581 0.00141 0.28597 ( 2)
 358 L   0.00760 0.70487 0.00193 0.28560 ( 2)
 359 L   0.78192 0.00249 0.21458 0.00101 ( 1)
 360 P   0.76738 0.04806 0.16509 0.01947 ( 1)
 361 N   0.00122 0.71058 0.00029 0.28791 ( 2)
 362 F   0.83389 0.00008 0.16600 0.00003 ( 1)
 363 S   0.31752 0.43652 0.06910 0.17687 ( 2)
 364 Q   0.13171 0.59409 0.03350 0.24071 ( 2)
 365 Y   0.73039 0.00085 0.26841 0.00034 ( 1)
 366 V   0.81113 0.00039 0.18832 0.00016 ( 1)
 367 K   0.79702 0.00836 0.19123 0.00339 ( 1)
 368 N   0.81525 0.00702 0.17489 0.00284 ( 1)
 369 R   0.30574 0.44726 0.06578 0.18122 ( 2)
 370 L   0.20126 0.00861 0.78664 0.00349 ( 3)
 371 H   0.03434 0.68216 0.00711 0.27639 ( 2)
 372 L   0.78208 0.00235 0.21462 0.00095 ( 1)
 373 A   0.82815 0.00018 0.17159 0.00007 ( 1)
 374 A   0.73346 0.00332 0.26187 0.00135 ( 1)
 375 N   0.78381 0.03508 0.16689 0.01421 ( 1)
 376 P   0.72388 0.00602 0.26766 0.00244 ( 1)
 377 A   0.11593 0.60993 0.02702 0.24713 ( 2)
 378 F   0.83389 0.00008 0.16600 0.00003 ( 1)
 379 C   0.81634 0.00196 0.18091 0.00079 ( 1)
 380 A   0.79737 0.02663 0.16521 0.01079 ( 1)
 381 S   0.02322 0.69171 0.00481 0.28026 ( 2)
 382 L   0.78208 0.00235 0.21462 0.00095 ( 1)
 383 K   0.03765 0.67881 0.00850 0.27504 ( 2)
 384 A   0.00160 0.71025 0.00038 0.28777 ( 2)
 385 E   0.20350 0.53176 0.04929 0.21545 ( 2)
 386 Q   0.80241 0.00970 0.18396 0.00393 ( 1)
 387 P   0.71840 0.07037 0.18271 0.02851 ( 1)
 388 G   0.70288 0.02985 0.25518 0.01209 ( 1)
 389 L   0.78155 0.00283 0.21448 0.00114 ( 1)
 390 E   0.81311 0.00034 0.18641 0.00014 ( 1)
 391 E   0.81307 0.00038 0.18640 0.00015 ( 1)
 392 H   0.81922 0.00452 0.17443 0.00183 ( 1)
 393 V   0.81113 0.00039 0.18832 0.00016 ( 1)
 394 V   0.81101 0.00050 0.18829 0.00020 ( 1)
 395 G   0.81548 0.00036 0.18402 0.00015 ( 1)
 396 P   0.67355 0.11327 0.16729 0.04589 ( 1)
 397 R   0.81404 0.00032 0.18551 0.00013 ( 1)
 398 C   0.81832 0.00024 0.18134 0.00010 ( 1)
 399 P   0.81585 0.00113 0.18256 0.00046 ( 1)
 400 Q   0.79608 0.00103 0.20247 0.00042 ( 1)
 401 C   0.70946 0.02606 0.25391 0.01056 ( 1)
 402 D   0.82427 0.00016 0.17551 0.00006 ( 1)
 403 H   0.00005 0.71161 0.00002 0.28832 ( 2)
 404 I   0.81591 0.01611 0.16145 0.00653 ( 1)
 405 T   0.78962 0.02045 0.18165 0.00828 ( 1)
 406 L   0.78193 0.00248 0.21458 0.00101 ( 1)
 407 Q   0.73344 0.00142 0.26457 0.00058 ( 1)
 408 N   0.81835 0.00038 0.18112 0.00015 ( 1)
 409 V   0.80240 0.00804 0.18630 0.00326 ( 1)
 410 S   0.15069 0.58102 0.03287 0.23542 ( 2)
 411 A   0.74469 0.06771 0.16017 0.02743 ( 1)
 412 G   0.28993 0.42799 0.10866 0.17341 ( 2)
 413 L   0.70764 0.01628 0.26949 0.00659 ( 1)
 414 L   0.00000 0.71166 0.00000 0.28834 ( 2)
 415 H   0.72926 0.08102 0.15689 0.03283 ( 1)
 416 H   0.81990 0.00263 0.17639 0.00107 ( 1)
 417 R   0.58823 0.18657 0.14961 0.07559 ( 1)
 418 P   0.22824 0.51187 0.05250 0.20739 ( 2)
 419 F   0.83383 0.00013 0.16599 0.00005 ( 1)
 420 A   0.12358 0.59171 0.04497 0.23975 ( 2)
 421 A   0.81737 0.00251 0.17911 0.00102 ( 1)
 422 Y   0.81250 0.00057 0.18670 0.00023 ( 1)
 423 A   0.50518 0.21943 0.18648 0.08891 ( 1)
 424 A   0.73103 0.00563 0.26106 0.00228 ( 1)
 425 V   0.81113 0.00039 0.18832 0.00016 ( 1)
 426 Y   0.81162 0.00125 0.18662 0.00051 ( 1)
 427 S   0.81501 0.00513 0.17778 0.00208 ( 1)
 428 V   0.81113 0.00039 0.18832 0.00016 ( 1)
 429 A   0.82819 0.00014 0.17160 0.00006 ( 1)
 430 Q   0.79590 0.00119 0.20242 0.00048 ( 1)
 431 A   0.82823 0.00012 0.17161 0.00005 ( 1)
 432 L   0.78145 0.00289 0.21449 0.00117 ( 1)
 433 H   0.82275 0.00017 0.17701 0.00007 ( 1)
 434 N   0.81850 0.00025 0.18115 0.00010 ( 1)
 435 T   0.71190 0.02127 0.25821 0.00862 ( 1)
 436 L   0.78129 0.00306 0.21440 0.00124 ( 1)
 437 Q   0.00698 0.70542 0.00178 0.28582 ( 2)
 438 C   0.81832 0.00024 0.18134 0.00010 ( 1)
 439 S   0.40699 0.35792 0.09007 0.14502 ( 1)
 440 S   0.77557 0.04536 0.16070 0.01838 ( 1)
 441 S   0.72342 0.00296 0.27243 0.00120 ( 1)
 442 G   0.81556 0.00029 0.18403 0.00012 ( 1)
 443 C   0.81832 0.00024 0.18134 0.00010 ( 1)
 444 P   0.82662 0.00023 0.17305 0.00009 ( 1)
 445 A   0.00014 0.71154 0.00003 0.28830 ( 2)
 446 R   0.03108 0.68391 0.00791 0.27710 ( 2)
 447 E   0.77501 0.04268 0.16502 0.01729 ( 1)
 448 P   0.82672 0.00015 0.17307 0.00006 ( 1)
 449 V   0.81113 0.00039 0.18832 0.00016 ( 1)
 450 R   0.15282 0.57060 0.04540 0.23119 ( 2)
 451 -   0.58978 0.12188 0.23896 0.04938 ( 1)
 452 -   0.58978 0.12188 0.23896 0.04938 ( 1)
 453 -   0.58978 0.12188 0.23896 0.04938 ( 1)
 454 -   0.58978 0.12188 0.23896 0.04938 ( 1)
 455 -   0.58978 0.12188 0.23896 0.04938 ( 1)
 456 -   0.58978 0.12188 0.23896 0.04938 ( 1)
 457 P   0.20660 0.00093 0.79209 0.00038 ( 3)
 458 W   0.78816 0.00166 0.20950 0.00067 ( 1)
 459 Q   0.17086 0.05470 0.75227 0.02216 ( 3)
 460 L   0.01476 0.02896 0.94455 0.01173 ( 3)
 461 L   0.19750 0.00866 0.79033 0.00351 ( 3)
 462 E   0.01533 0.63594 0.09106 0.25767 ( 2)
 463 N   0.12614 0.00113 0.87227 0.00046 ( 3)
 464 M   0.00116 0.00061 0.99798 0.00025 ( 3)
 465 Y   0.01156 0.00185 0.98584 0.00075 ( 3)
 466 N   0.21075 0.00102 0.78781 0.00041 ( 3)
 467 M   0.77007 0.00483 0.22314 0.00196 ( 1)
 468 S   0.81924 0.00357 0.17574 0.00145 ( 1)
 469 F   0.83389 0.00008 0.16600 0.00003 ( 1)
 470 -   0.58978 0.12188 0.23896 0.04938 ( 1)
 471 R   0.01205 0.65572 0.06655 0.26568 ( 2)
 472 A   0.00002 0.71066 0.00137 0.28794 ( 2)
 473 G   0.01109 0.67040 0.04688 0.27163 ( 2)
 474 G   0.79824 0.00753 0.19117 0.00305 ( 1)
 475 L   0.73504 0.04501 0.20171 0.01824 ( 1)
 476 E   0.00007 0.71160 0.00002 0.28832 ( 2)
 477 L   0.66136 0.06176 0.25186 0.02502 ( 1)
 478 R   0.77829 0.03156 0.17736 0.01279 ( 1)
 479 F   0.82496 0.00770 0.16422 0.00312 ( 1)
 480 D   0.75735 0.05340 0.16762 0.02164 ( 1)
 481 A   0.00271 0.70931 0.00059 0.28739 ( 2)
 482 G   0.22718 0.51420 0.05028 0.20834 ( 2)
 483 G   0.80573 0.00093 0.19296 0.00038 ( 1)
 484 N   0.81835 0.00038 0.18112 0.00015 ( 1)
 485 V   0.81108 0.00043 0.18831 0.00017 ( 1)
 486 N   0.82182 0.00227 0.17499 0.00092 ( 1)
 487 L   0.39981 0.36875 0.08203 0.14941 ( 1)
 488 K   0.77242 0.00602 0.21913 0.00244 ( 1)
 489 Y   0.00731 0.29887 0.57273 0.12109 ( 3)
 490 D   0.01609 0.00096 0.98257 0.00039 ( 3)
 491 L   0.20187 0.00825 0.78653 0.00334 ( 3)
 492 K   0.20740 0.00228 0.78940 0.00092 ( 3)
 493 L   0.01737 0.01378 0.96327 0.00558 ( 3)
 494 W   0.01415 0.00773 0.97499 0.00313 ( 3)
 495 V   0.80392 0.00671 0.18665 0.00272 ( 1)
 496 W   0.78816 0.00166 0.20950 0.00067 ( 1)
 497 R   0.00162 0.71021 0.00041 0.28776 ( 2)
 498 D   0.02413 0.69060 0.00545 0.27981 ( 2)
 499 P   0.00031 0.71135 0.00012 0.28822 ( 2)
 500 T   0.44277 0.32340 0.10280 0.13103 ( 1)
 501 P   0.82660 0.00025 0.17304 0.00010 ( 1)
 502 E   0.00043 0.71128 0.00010 0.28819 ( 2)
 503 L   0.81816 0.00043 0.18123 0.00018 ( 1)
 504 R   0.33031 0.42602 0.07106 0.17261 ( 2)
 505 T   0.00011 0.71155 0.00004 0.28830 ( 2)
 506 V   0.81113 0.00039 0.18832 0.00016 ( 1)
 507 G   0.81556 0.00029 0.18403 0.00012 ( 1)
 508 T   0.00064 0.71109 0.00015 0.28812 ( 2)
 509 F   0.83389 0.00008 0.16600 0.00003 ( 1)
 510 N   0.81098 0.00679 0.17948 0.00275 ( 1)
 511 G   0.67271 0.12489 0.15180 0.05060 ( 1)
 512 S   0.01158 0.25557 0.62929 0.10355 ( 3)
 513 L   0.25910 0.00120 0.73921 0.00049 ( 3)
 514 W   0.00520 0.70697 0.00138 0.28644 ( 2)
 515 -   0.58978 0.12188 0.23896 0.04938 ( 1)
 516 L   0.00212 0.70958 0.00079 0.28750 ( 2)
 517 Q   0.69908 0.10822 0.14885 0.04385 ( 1)
 518 R   0.71159 0.09478 0.15522 0.03840 ( 1)
 519 S   0.00011 0.71156 0.00003 0.28831 ( 2)
 520 K   0.79659 0.00873 0.19113 0.00354 ( 1)
 521 I   0.83350 0.00112 0.16493 0.00045 ( 1)
 522 C   0.00010 0.71157 0.00002 0.28831 ( 2)
 523 W   0.78816 0.00166 0.20950 0.00067 ( 1)
 524 H   0.71137 0.00028 0.28823 0.00011 ( 1)
 525 T   0.69963 0.01202 0.28347 0.00487 ( 1)
 526 H   0.00569 0.70597 0.00231 0.28604 ( 2)
 527 S   0.00114 0.71052 0.00046 0.28788 ( 2)
 528 N   0.71124 0.00041 0.28818 0.00017 ( 1)
 529 R   0.57918 0.17497 0.17497 0.07089 ( 1)
 530 V   0.00000 0.71164 0.00002 0.28834 ( 2)
 531 P   0.78420 0.00108 0.21428 0.00044 ( 1)
 532 V   0.01817 0.00204 0.97897 0.00083 ( 3)
 533 S   0.20029 0.00088 0.79847 0.00036 ( 3)
 534 Q   0.12938 0.06313 0.78192 0.02558 ( 3)
 535 C   0.81832 0.00024 0.18134 0.00010 ( 1)
 536 S   0.20437 0.00211 0.79267 0.00085 ( 3)
 537 Q   0.09624 0.35057 0.41115 0.14204 ( 3)
 538 Q   0.01517 0.00498 0.97783 0.00202 ( 3)
 539 C   0.71128 0.00038 0.28819 0.00015 ( 1)
 540 Q   0.19804 0.51362 0.08024 0.20810 ( 2)
 541 E   0.69982 0.01184 0.28355 0.00480 ( 1)
 542 G   0.71120 0.00045 0.28816 0.00018 ( 1)
 543 Q   0.71018 0.00148 0.28775 0.00060 ( 1)
 544 V   0.71106 0.00060 0.28810 0.00024 ( 1)
 545 R   0.71116 0.00050 0.28814 0.00020 ( 1)
 546 R   0.70676 0.00490 0.28636 0.00198 ( 1)
 547 V   0.71127 0.00039 0.28819 0.00016 ( 1)
 548 K   0.22635 0.00222 0.77053 0.00090 ( 3)
 549 G   0.77573 0.00067 0.22332 0.00027 ( 1)
 550 F   0.25386 0.00034 0.74566 0.00014 ( 3)
 551 H   0.01352 0.00097 0.98512 0.00039 ( 3)
 552 S   0.21796 0.00085 0.78084 0.00035 ( 3)
 553 C   0.01357 0.00129 0.98461 0.00052 ( 3)
 554 C   0.01357 0.00129 0.98461 0.00052 ( 3)
 555 Y   0.19531 0.00152 0.80256 0.00062 ( 3)
 556 D   0.82427 0.00016 0.17551 0.00006 ( 1)
 557 C   0.81584 0.00240 0.18080 0.00097 ( 1)
 558 V   0.81044 0.00100 0.18816 0.00040 ( 1)
 559 D   0.82427 0.00016 0.17551 0.00006 ( 1)
 560 C   0.81829 0.00027 0.18134 0.00011 ( 1)
 561 K   0.22775 0.51069 0.05464 0.20692 ( 2)
 562 P   0.68043 0.12011 0.15079 0.04867 ( 1)
 563 G   0.81556 0.00029 0.18403 0.00012 ( 1)
 564 S   0.82055 0.00033 0.17899 0.00013 ( 1)
 565 Y   0.81275 0.00035 0.18676 0.00014 ( 1)
 566 Q   0.48512 0.27828 0.12385 0.11275 ( 1)
 567 -   0.58978 0.12188 0.23896 0.04938 ( 1)
 568 H   0.00111 0.71068 0.00027 0.28795 ( 2)
 569 S   0.31083 0.44220 0.06780 0.17917 ( 2)
 570 P   0.04445 0.66720 0.01801 0.27033 ( 2)
 571 -   0.58978 0.12188 0.23896 0.04938 ( 1)
 572 -   0.58978 0.12188 0.23896 0.04938 ( 1)
 573 E   0.01344 0.15848 0.76388 0.06421 ( 3)
 574 D   0.16826 0.00074 0.83070 0.00030 ( 3)
 575 P   0.00002 0.71091 0.00104 0.28804 ( 2)
 576 T   0.00026 0.71083 0.00090 0.28801 ( 2)
 577 C   0.02288 0.00208 0.97420 0.00084 ( 3)
 578 T   0.03668 0.02270 0.93142 0.00920 ( 3)
 579 P   0.00000 0.71164 0.00003 0.28834 ( 2)
 580 C   0.00347 0.00160 0.99428 0.00065 ( 3)
 581 R   0.00000 0.71165 0.00000 0.28834 ( 2)
 582 K   0.00112 0.71066 0.00028 0.28794 ( 2)
 583 D   0.14490 0.24797 0.50666 0.10047 ( 3)
 584 Q   0.12693 0.29184 0.46298 0.11824 ( 3)
 585 W   0.08865 0.00714 0.90131 0.00289 ( 3)
 586 S   0.82103 0.00021 0.17867 0.00009 ( 1)
 587 P   0.81679 0.00031 0.18277 0.00013 ( 1)
 588 Q   0.25742 0.48646 0.05902 0.19710 ( 2)
 589 R   0.80007 0.00087 0.19871 0.00035 ( 1)
 590 S   0.82070 0.00020 0.17902 0.00008 ( 1)
 591 R   0.17303 0.54253 0.06462 0.21982 ( 2)
 592 K   0.29823 0.45105 0.06796 0.18275 ( 2)
 593 C   0.81832 0.00024 0.18134 0.00010 ( 1)
 594 F   0.83389 0.00008 0.16600 0.00003 ( 1)
 595 S   0.00203 0.70988 0.00046 0.28762 ( 2)
 596 R   0.81365 0.00066 0.18542 0.00027 ( 1)
 597 R   0.78886 0.01427 0.19108 0.00578 ( 1)
 598 H   0.00161 0.71010 0.00058 0.28771 ( 2)
 599 T   0.41776 0.30049 0.16000 0.12175 ( 1)
 600 F   0.22534 0.00035 0.77417 0.00014 ( 3)
 601 L   0.20046 0.01313 0.78108 0.00532 ( 3)
 602 A   0.04621 0.55587 0.17270 0.22522 ( 2)
 603 W   0.00466 0.00780 0.98438 0.00316 ( 3)
 604 G   0.80442 0.00606 0.18706 0.00246 ( 1)
 605 D   0.07324 0.23819 0.59207 0.09651 ( 3)
 606 P   0.01410 0.00155 0.98372 0.00063 ( 3)
 607 T   0.58864 0.18016 0.15820 0.07300 ( 1)
 608 V   0.19989 0.00166 0.79778 0.00067 ( 3)
 609 L   0.77248 0.00260 0.22386 0.00105 ( 1)
 610 V   0.00031 0.69806 0.01880 0.28283 ( 2)
 611 L   0.01590 0.01061 0.96918 0.00430 ( 3)
 612 L   0.01897 0.00146 0.97898 0.00059 ( 3)
 613 L   0.03826 0.01348 0.94279 0.00546 ( 3)
 614 L   0.08834 0.00983 0.89784 0.00398 ( 3)
 615 L   0.67230 0.03935 0.27240 0.01595 ( 1)
 616 G   0.14512 0.56653 0.05880 0.22954 ( 2)
 617 L   0.70851 0.00314 0.28707 0.00127 ( 1)
 618 V   0.69114 0.02052 0.28003 0.00831 ( 1)
 619 L   0.78208 0.00235 0.21462 0.00095 ( 1)
 620 A   0.80806 0.00683 0.18234 0.00277 ( 1)
 621 L   0.72780 0.00760 0.26152 0.00308 ( 1)
 622 V   0.81113 0.00039 0.18832 0.00016 ( 1)
 623 L   0.08834 0.00983 0.89784 0.00398 ( 3)
 624 A   0.21994 0.00832 0.76836 0.00337 ( 3)
 625 A   0.01270 0.05713 0.90702 0.02315 ( 3)
 626 L   0.18377 0.01276 0.79831 0.00517 ( 3)
 627 G   0.81056 0.00068 0.18849 0.00028 ( 1)
 628 L   0.01008 0.00932 0.97682 0.00378 ( 3)
 629 F   0.18395 0.00496 0.80908 0.00201 ( 3)
 630 V   0.00019 0.71092 0.00084 0.28805 ( 2)
 631 H   0.27488 0.46045 0.07811 0.18656 ( 2)
 632 H   0.70757 0.00409 0.28669 0.00166 ( 1)
 633 R   0.03465 0.55447 0.18622 0.22466 ( 2)
 634 N   0.01395 0.01256 0.96840 0.00509 ( 3)
 635 S   0.01743 0.00136 0.98065 0.00055 ( 3)
 636 P   0.76365 0.01971 0.20866 0.00799 ( 1)
 637 L   0.08753 0.01626 0.88962 0.00659 ( 3)
 638 V   0.01433 0.02632 0.94869 0.01066 ( 3)
 639 Q   0.15876 0.05597 0.76260 0.02268 ( 3)
 640 A   0.82823 0.00012 0.17161 0.00005 ( 1)
 641 S   0.10917 0.00776 0.87993 0.00314 ( 3)
 642 G   0.01404 0.00794 0.97480 0.00322 ( 3)
 643 G   0.01271 0.00285 0.98328 0.00116 ( 3)
 644 L   0.00091 0.70879 0.00312 0.28718 ( 2)
 645 L   0.08834 0.00983 0.89784 0.00398 ( 3)
 646 A   0.20110 0.00198 0.79612 0.00080 ( 3)
 647 C   0.01319 0.00129 0.98499 0.00052 ( 3)
 648 F   0.01316 0.01675 0.96330 0.00679 ( 3)
 649 G   0.01289 0.02156 0.95682 0.00874 ( 3)
 650 L   0.03844 0.01047 0.94684 0.00424 ( 3)
 651 A   0.01057 0.01632 0.96650 0.00661 ( 3)
 652 C   0.21139 0.00247 0.78513 0.00100 ( 3)
 653 L   0.11870 0.01123 0.86552 0.00455 ( 3)
 654 G   0.01326 0.00155 0.98456 0.00063 ( 3)
 655 L   0.22592 0.00835 0.76234 0.00338 ( 3)
 656 V   0.22000 0.00122 0.77828 0.00050 ( 3)
 657 C   0.81832 0.00024 0.18134 0.00010 ( 1)
 658 L   0.70677 0.05560 0.21511 0.02253 ( 1)
 659 S   0.65708 0.14202 0.14335 0.05754 ( 1)
 660 G   0.15525 0.28942 0.43806 0.11727 ( 3)
 661 L   0.01664 0.00141 0.98138 0.00057 ( 3)
 662 L   0.06447 0.01306 0.91718 0.00529 ( 3)
 663 F   0.02093 0.00045 0.97845 0.00018 ( 3)
 664 P   0.16785 0.02666 0.79469 0.01080 ( 3)
 665 G   0.81175 0.00043 0.18765 0.00017 ( 1)
 666 R   0.47191 0.23975 0.19120 0.09714 ( 1)
 667 P   0.71116 0.00050 0.28814 0.00020 ( 1)
 668 S   0.17584 0.01395 0.80456 0.00565 ( 3)
 669 P   0.77935 0.00355 0.21566 0.00144 ( 1)
 670 A   0.17929 0.01716 0.79660 0.00695 ( 3)
 671 S   0.20992 0.52104 0.05794 0.21111 ( 2)
 672 C   0.77953 0.00029 0.22007 0.00012 ( 1)
 673 L   0.01421 0.01179 0.96922 0.00478 ( 3)
 674 A   0.25965 0.00050 0.73965 0.00020 ( 3)
 675 Q   0.17129 0.00419 0.82281 0.00170 ( 3)
 676 Q   0.19455 0.00408 0.79972 0.00165 ( 3)
 677 P   0.18976 0.00157 0.80803 0.00063 ( 3)
 678 L   0.08981 0.37325 0.38571 0.15123 ( 3)
 679 C   0.60691 0.15795 0.17114 0.06400 ( 1)
 680 H   0.01730 0.01820 0.95712 0.00738 ( 3)
 681 L   0.71128 0.00038 0.28819 0.00015 ( 1)
 682 P   0.70530 0.00636 0.28577 0.00258 ( 1)
 683 L   0.71122 0.00044 0.28817 0.00018 ( 1)
 684 T   0.71045 0.00120 0.28786 0.00049 ( 1)
 685 G   0.71120 0.00045 0.28816 0.00018 ( 1)
 686 C   0.71128 0.00038 0.28819 0.00015 ( 1)
 687 L   0.70851 0.00314 0.28707 0.00127 ( 1)
 688 S   0.71133 0.00032 0.28821 0.00013 ( 1)
 689 T   0.66001 0.05165 0.26742 0.02093 ( 1)
 690 L   0.70118 0.01048 0.28410 0.00425 ( 1)
 691 F   0.68099 0.03067 0.27592 0.01243 ( 1)
 692 L   0.70851 0.00314 0.28707 0.00127 ( 1)
 693 Q   0.71019 0.00147 0.28775 0.00059 ( 1)
 694 A   0.70992 0.00173 0.28764 0.00070 ( 1)
 695 A   0.71142 0.00024 0.28825 0.00010 ( 1)
 696 E   0.70293 0.00872 0.28481 0.00353 ( 1)
 697 T   0.54744 0.16422 0.22181 0.06654 ( 1)
 698 F   0.71143 0.00022 0.28825 0.00009 ( 1)
 699 V   0.60584 0.10582 0.24547 0.04287 ( 1)
 700 E   0.71107 0.00059 0.28811 0.00024 ( 1)
 701 S   0.70132 0.01033 0.28416 0.00419 ( 1)
 702 E   0.70961 0.00205 0.28751 0.00083 ( 1)
 703 L   0.70693 0.00472 0.28643 0.00191 ( 1)
 704 P   0.70675 0.00491 0.28635 0.00199 ( 1)
 705 P   0.00206 0.70960 0.00083 0.28751 ( 2)
 706 S   0.01639 0.00110 0.98207 0.00045 ( 3)
 707 W   0.18757 0.00637 0.80349 0.00258 ( 3)
 708 A   0.01282 0.05382 0.91155 0.02181 ( 3)
 709 D   0.24503 0.01183 0.73835 0.00479 ( 3)
 710 R   0.74554 0.04931 0.18517 0.01998 ( 1)
 711 L   0.74947 0.03192 0.20567 0.01293 ( 1)
 712 H   0.03691 0.67606 0.01311 0.27392 ( 2)
 713 S   0.81146 0.00387 0.18311 0.00157 ( 1)
 714 R   0.73933 0.06891 0.16384 0.02792 ( 1)
 715 L   0.78208 0.00235 0.21462 0.00095 ( 1)
 716 R   0.77494 0.02320 0.19247 0.00940 ( 1)
 717 G   0.80593 0.00075 0.19301 0.00031 ( 1)
 718 P   0.82463 0.00195 0.17263 0.00079 ( 1)
 719 C   0.50675 0.25516 0.13470 0.10339 ( 1)
 720 A   0.82823 0.00012 0.17161 0.00005 ( 1)
 721 W   0.78816 0.00166 0.20950 0.00067 ( 1)
 722 M   0.74469 0.03626 0.20436 0.01469 ( 1)
 723 V   0.30687 0.44257 0.07125 0.17932 ( 2)
 724 V   0.81113 0.00039 0.18832 0.00016 ( 1)
 725 V   0.74802 0.03324 0.20527 0.01347 ( 1)
 726 L   0.78129 0.00307 0.21440 0.00124 ( 1)
 727 A   0.82625 0.00182 0.17120 0.00074 ( 1)
 728 L   0.06308 0.65756 0.01294 0.26643 ( 2)
 729 L   0.78208 0.00235 0.21462 0.00095 ( 1)
 730 V   0.81097 0.00053 0.18829 0.00021 ( 1)
 731 E   0.81311 0.00034 0.18641 0.00014 ( 1)
 732 A   0.82090 0.00641 0.17009 0.00260 ( 1)
 733 A   0.72290 0.00729 0.26686 0.00295 ( 1)
 734 L   0.78208 0.00235 0.21462 0.00095 ( 1)
 735 C   0.81768 0.00079 0.18120 0.00032 ( 1)
 736 A   0.28716 0.46495 0.05950 0.18839 ( 2)
 737 W   0.78816 0.00166 0.20950 0.00067 ( 1)
 738 Y   0.81275 0.00035 0.18676 0.00014 ( 1)
 739 L   0.78208 0.00235 0.21462 0.00095 ( 1)
 740 I   0.00092 0.71085 0.00021 0.28802 ( 2)
 741 A   0.82815 0.00018 0.17159 0.00007 ( 1)
 742 F   0.83388 0.00009 0.16600 0.00003 ( 1)
 743 R   0.80252 0.01274 0.17958 0.00516 ( 1)
 744 P   0.80533 0.01021 0.18032 0.00414 ( 1)
 745 E   0.81311 0.00034 0.18641 0.00014 ( 1)
 746 V   0.81094 0.00055 0.18828 0.00022 ( 1)
 747 V   0.81113 0.00039 0.18832 0.00016 ( 1)
 748 M   0.24920 0.49350 0.05734 0.19995 ( 2)
 749 D   0.82427 0.00016 0.17551 0.00006 ( 1)
 750 W   0.78816 0.00166 0.20950 0.00067 ( 1)
 751 H   0.24734 0.49776 0.05322 0.20168 ( 2)
 752 V   0.70883 0.10372 0.14544 0.04202 ( 1)
 753 L   0.78192 0.00250 0.21458 0.00101 ( 1)
 754 P   0.82674 0.00013 0.17307 0.00005 ( 1)
 755 T   0.69652 0.03087 0.26011 0.01251 ( 1)
 756 K   0.80769 0.00508 0.18517 0.00206 ( 1)
 757 A   0.81263 0.00518 0.18009 0.00210 ( 1)
 758 L   0.78193 0.00248 0.21458 0.00101 ( 1)
 759 V   0.79145 0.01764 0.18375 0.00715 ( 1)
 760 H   0.82275 0.00017 0.17701 0.00007 ( 1)
 761 C   0.81794 0.00057 0.18126 0.00023 ( 1)
 762 R   0.80896 0.00476 0.18435 0.00193 ( 1)
 763 V   0.00006 0.71160 0.00002 0.28832 ( 2)
 764 H   0.80365 0.00939 0.18314 0.00381 ( 1)
 765 S   0.82105 0.00020 0.17868 0.00008 ( 1)
 766 W   0.78816 0.00166 0.20950 0.00067 ( 1)
 767 A   0.81558 0.00406 0.17871 0.00164 ( 1)
 768 G   0.77396 0.04072 0.16883 0.01650 ( 1)
 769 L   0.73250 0.00965 0.25394 0.00391 ( 1)
 770 G   0.81556 0.00029 0.18403 0.00012 ( 1)
 771 L   0.81546 0.00278 0.18063 0.00113 ( 1)
 772 V   0.80170 0.00866 0.18613 0.00351 ( 1)
 773 H   0.74217 0.00032 0.25738 0.00013 ( 1)
 774 T   0.79976 0.02458 0.16571 0.00996 ( 1)
 775 L   0.40790 0.35910 0.08750 0.14550 ( 1)
 776 N   0.81453 0.00370 0.18027 0.00150 ( 1)
 777 A   0.82819 0.00015 0.17160 0.00006 ( 1)
 778 I   0.01428 0.69770 0.00533 0.28269 ( 2)
 779 L   0.78208 0.00235 0.21462 0.00095 ( 1)
 780 A   0.82767 0.00060 0.17149 0.00024 ( 1)
 781 S   0.83119 0.00238 0.16546 0.00096 ( 1)
 782 L   0.73492 0.00071 0.26408 0.00029 ( 1)
 783 C   0.81421 0.00381 0.18043 0.00154 ( 1)
 784 F   0.83387 0.00010 0.16599 0.00004 ( 1)
 785 L   0.76307 0.00302 0.23269 0.00122 ( 1)
 786 G   0.81540 0.00043 0.18400 0.00017 ( 1)
 787 T   0.82313 0.00021 0.17658 0.00008 ( 1)
 788 F   0.83389 0.00008 0.16600 0.00003 ( 1)
 789 L   0.78208 0.00235 0.21462 0.00095 ( 1)
 790 V   0.81094 0.00055 0.18828 0.00022 ( 1)
 791 R   0.50906 0.25724 0.12947 0.10423 ( 1)
 792 S   0.82070 0.00020 0.17902 0.00008 ( 1)
 793 Q   0.06153 0.65700 0.01528 0.26620 ( 2)
 794 P   0.72933 0.00074 0.26963 0.00030 ( 1)
 795 G   0.69633 0.10429 0.15713 0.04226 ( 1)
 796 R   0.80915 0.00459 0.18440 0.00186 ( 1)
 797 Y   0.81275 0.00035 0.18676 0.00014 ( 1)
 798 S   0.81442 0.00380 0.18025 0.00154 ( 1)
 799 R   0.54144 0.18615 0.19699 0.07542 ( 1)
 800 A   0.82823 0.00012 0.17161 0.00005 ( 1)
 801 R   0.71743 0.01533 0.26102 0.00621 ( 1)
 802 G   0.81556 0.00029 0.18403 0.00012 ( 1)
 803 L   0.81284 0.00506 0.18005 0.00205 ( 1)
 804 T   0.82318 0.00017 0.17659 0.00007 ( 1)
 805 F   0.73055 0.01152 0.25326 0.00467 ( 1)
 806 A   0.82822 0.00012 0.17161 0.00005 ( 1)
 807 T   0.28444 0.46770 0.05836 0.18950 ( 2)
 808 L   0.78208 0.00235 0.21462 0.00095 ( 1)
 809 A   0.82815 0.00018 0.17159 0.00007 ( 1)
 810 Y   0.81222 0.00081 0.18664 0.00033 ( 1)
 811 L   0.83107 0.00249 0.16544 0.00101 ( 1)
 812 I   0.83473 0.00007 0.16517 0.00003 ( 1)
 813 T   0.82029 0.00266 0.17597 0.00108 ( 1)
 814 W   0.78816 0.00166 0.20950 0.00067 ( 1)
 815 V   0.82002 0.00021 0.17969 0.00009 ( 1)
 816 S   0.82105 0.00020 0.17868 0.00008 ( 1)
 817 F   0.83382 0.00014 0.16598 0.00006 ( 1)
 818 V   0.81113 0.00039 0.18832 0.00016 ( 1)
 819 P   0.73624 0.00022 0.26345 0.00009 ( 1)
 820 L   0.81839 0.00024 0.18128 0.00010 ( 1)
 821 L   0.78208 0.00235 0.21462 0.00095 ( 1)
 822 A   0.82823 0.00012 0.17161 0.00005 ( 1)
 823 N   0.73299 0.00375 0.26173 0.00152 ( 1)
 824 V   0.71448 0.01500 0.26444 0.00608 ( 1)
 825 Q   0.78113 0.01438 0.19867 0.00582 ( 1)
 826 V   0.81113 0.00039 0.18832 0.00016 ( 1)
 827 A   0.81597 0.00372 0.17880 0.00151 ( 1)
 828 H   0.23987 0.50314 0.05313 0.20386 ( 2)
 829 Q   0.77607 0.02558 0.18798 0.01036 ( 1)
 830 P   0.82625 0.00055 0.17297 0.00022 ( 1)
 831 A   0.82817 0.00016 0.17160 0.00007 ( 1)
 832 V   0.72371 0.07704 0.16803 0.03122 ( 1)
 833 Q   0.79608 0.00103 0.20247 0.00042 ( 1)
 834 M   0.82963 0.00010 0.17022 0.00004 ( 1)
 835 G   0.73204 0.00157 0.26576 0.00063 ( 1)
 836 A   0.82822 0.00012 0.17161 0.00005 ( 1)
 837 V   0.72981 0.07724 0.16166 0.03129 ( 1)
 838 L   0.78313 0.00140 0.21491 0.00057 ( 1)
 839 F   0.81052 0.00708 0.17953 0.00287 ( 1)
 840 C   0.76742 0.04449 0.17006 0.01803 ( 1)
 841 A   0.74981 0.06112 0.16430 0.02477 ( 1)
 842 L   0.78208 0.00235 0.21462 0.00095 ( 1)
 843 G   0.81556 0.00029 0.18403 0.00012 ( 1)
 844 I   0.74250 0.00020 0.25722 0.00008 ( 1)
 845 L   0.78208 0.00235 0.21462 0.00095 ( 1)
 846 V   0.72154 0.01480 0.25767 0.00600 ( 1)
 847 A   0.82823 0.00012 0.17161 0.00005 ( 1)
 848 F   0.79841 0.03035 0.15894 0.01230 ( 1)
 849 H   0.82275 0.00017 0.17701 0.00007 ( 1)
 850 L   0.78179 0.00261 0.21454 0.00106 ( 1)
 851 P   0.82669 0.00017 0.17306 0.00007 ( 1)
 852 K   0.78767 0.01533 0.19079 0.00621 ( 1)
 853 C   0.73201 0.00427 0.26199 0.00173 ( 1)
 854 Y   0.81275 0.00035 0.18676 0.00014 ( 1)
 855 L   0.78182 0.00259 0.21455 0.00105 ( 1)
 856 L   0.81775 0.00079 0.18114 0.00032 ( 1)
 857 V   0.00811 0.70454 0.00188 0.28546 ( 2)
 858 R   0.09983 0.62297 0.02479 0.25241 ( 2)
