Supplemental results for CODEML (seqf: Human_TAS1R1_breaks2_2nd_attempt.txt  treef: TAS1R1_revised_tree_following_error_message.txt)


MLEs of dN/dS (w) for site classes (K=4)

site class             0        1       2a       2b
proportion       0.70257  0.21998  0.05898  0.01847
background w     0.10336  1.00000  0.10336  1.00000
foreground w     0.10336  1.00000  1.00000  1.00000

Naive Empirical Bayes (NEB) probabilities for 4 classes
(amino acids refer to 1st sequence: 1.Tarsier)

   1 M   0.91588 0.00746 0.07604 0.00063 ( 1)
   2 F   0.62285 0.29996 0.05200 0.02518 ( 1)
   3 H   0.44347 0.47945 0.03683 0.04025 ( 2)
   4 H   0.00040 0.92214 0.00003 0.07742 ( 2)
   5 V   0.00001 0.92254 0.00000 0.07745 ( 2)
   6 A   0.58308 0.33969 0.04871 0.02852 ( 1)
   7 H   0.00634 0.91621 0.00053 0.07692 ( 2)
   8 L   0.87981 0.04311 0.07346 0.00362 ( 1)
   9 V   0.40235 0.52056 0.03339 0.04370 ( 2)
  10 G   0.83072 0.09249 0.06904 0.00776 ( 1)
  11 L   0.87356 0.04936 0.07294 0.00414 ( 1)
  12 Q   0.87684 0.04613 0.07315 0.00387 ( 1)
  13 L   0.86781 0.05505 0.07251 0.00462 ( 1)
  14 S   0.05104 0.87155 0.00424 0.07317 ( 2)
  15 I   0.55252 0.37028 0.04612 0.03109 ( 1)
  16 S   0.82878 0.09441 0.06889 0.00793 ( 1)
  17 C   0.80814 0.11500 0.06721 0.00965 ( 1)
  18 C   0.90992 0.01329 0.07568 0.00112 ( 1)
  19 W   0.63088 0.29194 0.05267 0.02451 ( 1)
  20 A   0.90574 0.01760 0.07518 0.00148 ( 1)
  21 F   0.73522 0.18764 0.06139 0.01575 ( 1)
  22 S   0.44065 0.48228 0.03658 0.04049 ( 2)
  23 C   0.91020 0.01301 0.07570 0.00109 ( 1)
  24 H   0.90715 0.01575 0.07578 0.00132 ( 1)
  25 N   0.07861 0.84400 0.00653 0.07086 ( 2)
  26 T   0.01509 0.90746 0.00126 0.07619 ( 2)
  27 E   0.76914 0.15392 0.06401 0.01292 ( 1)
  28 F   0.03522 0.88734 0.00294 0.07450 ( 2)
  29 S   0.86044 0.06240 0.07192 0.00524 ( 1)
  30 P   0.88199 0.04087 0.07371 0.00343 ( 1)
  31 D   0.85322 0.07006 0.07084 0.00588 ( 1)
  32 F   0.91663 0.00673 0.07607 0.00057 ( 1)
  33 S   0.83320 0.09005 0.06920 0.00756 ( 1)
  34 L   0.91323 0.01008 0.07584 0.00085 ( 1)
  35 P   0.72976 0.19338 0.06062 0.01624 ( 1)
  36 G   0.89648 0.02661 0.07467 0.00223 ( 1)
  37 N   0.64231 0.28051 0.05364 0.02355 ( 1)
  38 Y   0.90937 0.01382 0.07565 0.00116 ( 1)
  39 L   0.91302 0.01029 0.07583 0.00086 ( 1)
  40 L   0.87793 0.04499 0.07330 0.00378 ( 1)
  41 A   0.38438 0.53824 0.03219 0.04519 ( 2)
  42 G   0.91186 0.01140 0.07578 0.00096 ( 1)
  43 F   0.18061 0.74202 0.01508 0.06230 ( 2)
  44 F   0.91657 0.00679 0.07607 0.00057 ( 1)
  45 P   0.55745 0.36530 0.04659 0.03067 ( 1)
  46 L   0.91415 0.00916 0.07592 0.00077 ( 1)
  47 H   0.87657 0.04632 0.07323 0.00389 ( 1)
  48 G   0.12251 0.80008 0.01024 0.06717 ( 2)
  49 D   0.26710 0.65566 0.02220 0.05505 ( 2)
  50 C   0.12197 0.80062 0.01020 0.06722 ( 2)
  51 L   0.61693 0.30588 0.05151 0.02568 ( 1)
  52 Q   0.88898 0.03400 0.07416 0.00285 ( 1)
  53 V   0.90846 0.01472 0.07559 0.00124 ( 1)
  54 R   0.88122 0.04186 0.07340 0.00351 ( 1)
  55 H   0.43032 0.49257 0.03576 0.04135 ( 2)
  56 R   0.81958 0.10314 0.06862 0.00866 ( 1)
  57 P   0.90698 0.01630 0.07535 0.00137 ( 1)
  58 E   0.90581 0.01697 0.07580 0.00142 ( 1)
  59 V   0.90765 0.01553 0.07552 0.00130 ( 1)
  60 T   0.76365 0.15953 0.06342 0.01339 ( 1)
  61 L   0.88708 0.03585 0.07407 0.00301 ( 1)
  62 C   0.85335 0.06948 0.07133 0.00583 ( 1)
  63 D   0.91311 0.01023 0.07581 0.00086 ( 1)
  64 R   0.89305 0.03004 0.07439 0.00252 ( 1)
  65 T   0.00041 0.92213 0.00003 0.07742 ( 2)
  66 C   0.03838 0.88418 0.00321 0.07423 ( 2)
  67 G   0.06300 0.85960 0.00523 0.07217 ( 2)
  68 F   0.91440 0.00896 0.07588 0.00075 ( 1)
  69 N   0.88217 0.04072 0.07369 0.00342 ( 1)
  70 G   0.26645 0.65627 0.02218 0.05510 ( 2)
  71 H   0.90385 0.01905 0.07551 0.00160 ( 1)
  72 G   0.78198 0.14118 0.06499 0.01185 ( 1)
  73 Y   0.37271 0.55010 0.03100 0.04618 ( 2)
  74 H   0.34371 0.57910 0.02856 0.04862 ( 2)
  75 L   0.82254 0.10070 0.06831 0.00845 ( 1)
  76 F   0.85723 0.06608 0.07114 0.00555 ( 1)
  77 Q   0.19980 0.72284 0.01667 0.06069 ( 2)
  78 A   0.31062 0.61204 0.02595 0.05138 ( 2)
  79 M   0.38095 0.54193 0.03163 0.04550 ( 2)
  80 R   0.68750 0.23540 0.05733 0.01976 ( 1)
  81 L   0.63134 0.29144 0.05275 0.02447 ( 1)
  82 S   0.00051 0.92204 0.00004 0.07741 ( 2)
  83 I   0.17037 0.75224 0.01423 0.06316 ( 2)
  84 E   0.17594 0.74672 0.01464 0.06269 ( 2)
  85 A   0.71187 0.21115 0.05925 0.01773 ( 1)
  86 I   0.87692 0.04601 0.07321 0.00386 ( 1)
  87 N   0.91168 0.01161 0.07573 0.00098 ( 1)
  88 N   0.91168 0.01161 0.07573 0.00098 ( 1)
  89 S   0.90926 0.01398 0.07558 0.00117 ( 1)
  90 T   0.89721 0.02592 0.07470 0.00218 ( 1)
  91 V   0.44537 0.47734 0.03721 0.04008 ( 2)
  92 L   0.87120 0.05172 0.07274 0.00434 ( 1)
  93 L   0.87096 0.05195 0.07272 0.00436 ( 1)
  94 P   0.91299 0.01030 0.07585 0.00086 ( 1)
  95 N   0.72922 0.19393 0.06057 0.01628 ( 1)
  96 V   0.09850 0.82414 0.00817 0.06919 ( 2)
  97 T   0.84251 0.08073 0.06997 0.00678 ( 1)
  98 L   0.49695 0.42581 0.04149 0.03575 ( 1)
  99 G   0.90336 0.01973 0.07525 0.00166 ( 1)
 100 Y   0.17770 0.74497 0.01478 0.06254 ( 2)
 101 E   0.00348 0.91907 0.00029 0.07716 ( 2)
 102 L   0.87799 0.04493 0.07331 0.00377 ( 1)
 103 Y   0.07915 0.84342 0.00662 0.07081 ( 2)
 104 D   0.88516 0.03776 0.07392 0.00317 ( 1)
 105 V   0.90356 0.01961 0.07518 0.00165 ( 1)
 106 C   0.90447 0.01873 0.07522 0.00157 ( 1)
 107 S   0.87560 0.04724 0.07319 0.00397 ( 1)
 108 E   0.79075 0.13248 0.06565 0.01112 ( 1)
 109 S   0.85751 0.06533 0.07168 0.00548 ( 1)
 110 A   0.91351 0.00961 0.07607 0.00081 ( 1)
 111 N   0.87737 0.04552 0.07329 0.00382 ( 1)
 112 V   0.90356 0.01961 0.07518 0.00165 ( 1)
 113 Y   0.85544 0.06771 0.07116 0.00568 ( 1)
 114 A   0.91262 0.01073 0.07575 0.00090 ( 1)
 115 T   0.89738 0.02574 0.07471 0.00216 ( 1)
 116 L   0.87120 0.05172 0.07274 0.00434 ( 1)
 117 S   0.08361 0.83900 0.00695 0.07044 ( 2)
 118 V   0.76307 0.16001 0.06349 0.01343 ( 1)
 119 L   0.91165 0.01166 0.07571 0.00098 ( 1)
 120 S   0.90845 0.01480 0.07551 0.00124 ( 1)
 121 L   0.13212 0.79044 0.01108 0.06636 ( 2)
 122 P   0.39463 0.52798 0.03306 0.04433 ( 2)
 123 G   0.90098 0.02211 0.07505 0.00186 ( 1)
 124 T   0.07209 0.85047 0.00604 0.07140 ( 2)
 125 R   0.00001 0.92254 0.00000 0.07745 ( 2)
 126 H   0.91033 0.01294 0.07564 0.00109 ( 1)
 127 I   0.87424 0.04869 0.07299 0.00409 ( 1)
 128 D   0.29157 0.63117 0.02427 0.05299 ( 2)
 129 I   0.83045 0.09279 0.06897 0.00779 ( 1)
 130 Q   0.84441 0.07831 0.07071 0.00657 ( 1)
 131 G   0.41751 0.50510 0.03498 0.04241 ( 2)
 132 D   0.79020 0.13302 0.06561 0.01117 ( 1)
 133 F   0.11694 0.80565 0.00977 0.06764 ( 2)
 134 L   0.91165 0.01166 0.07571 0.00098 ( 1)
 135 H   0.00506 0.91749 0.00042 0.07703 ( 2)
 136 Y   0.85422 0.06859 0.07143 0.00576 ( 1)
 137 S   0.03499 0.88758 0.00291 0.07452 ( 2)
 138 P   0.89762 0.02525 0.07501 0.00212 ( 1)
 139 K   0.73195 0.19106 0.06095 0.01604 ( 1)
 140 I   0.65626 0.26674 0.05460 0.02239 ( 1)
 141 V   0.68348 0.23936 0.05707 0.02010 ( 1)
 142 A   0.89302 0.03013 0.07432 0.00253 ( 1)
 143 V   0.90373 0.01944 0.07519 0.00163 ( 1)
 144 I   0.49656 0.42620 0.04145 0.03578 ( 1)
 145 G   0.75303 0.16998 0.06273 0.01427 ( 1)
 146 P   0.59439 0.32836 0.04967 0.02757 ( 1)
 147 D   0.42479 0.49812 0.03527 0.04182 ( 2)
 148 S   0.00030 0.92225 0.00002 0.07743 ( 2)
 149 T   0.83124 0.09200 0.06904 0.00772 ( 1)
 150 D   0.08862 0.83400 0.00736 0.07002 ( 2)
 151 H   0.00013 0.92242 0.00001 0.07744 ( 2)
 152 A   0.58580 0.33698 0.04894 0.02829 ( 1)
 153 A   0.69389 0.22926 0.05759 0.01925 ( 1)
 154 T   0.59469 0.32835 0.04939 0.02757 ( 1)
 155 T   0.07798 0.84458 0.00653 0.07091 ( 2)
 156 A   0.89535 0.02799 0.07432 0.00235 ( 1)
 157 A   0.81872 0.10454 0.06796 0.00878 ( 1)
 158 L   0.86744 0.05548 0.07243 0.00466 ( 1)
 159 L   0.87522 0.04770 0.07308 0.00400 ( 1)
 160 S   0.81264 0.11055 0.06752 0.00928 ( 1)
 161 P   0.85745 0.06540 0.07166 0.00549 ( 1)
 162 F   0.36936 0.55352 0.03065 0.04647 ( 2)
 163 L   0.86882 0.05410 0.07254 0.00454 ( 1)
 164 V   0.33470 0.58814 0.02779 0.04938 ( 2)
 165 P   0.91270 0.01059 0.07582 0.00089 ( 1)
 166 L   0.15729 0.76532 0.01313 0.06425 ( 2)
 167 I   0.91693 0.00648 0.07604 0.00054 ( 1)
 168 S   0.91377 0.00950 0.07593 0.00080 ( 1)
 169 Y   0.88282 0.04000 0.07382 0.00336 ( 1)
 170 E   0.00356 0.91899 0.00030 0.07715 ( 2)
 171 A   0.91625 0.00710 0.07605 0.00060 ( 1)
 172 S   0.91377 0.00950 0.07593 0.00080 ( 1)
 173 S   0.91313 0.01015 0.07587 0.00085 ( 1)
 174 T   0.00035 0.92220 0.00003 0.07742 ( 2)
 175 T   0.02303 0.88421 0.01853 0.07423 ( 2)
 176 L   0.90975 0.01356 0.07556 0.00114 ( 1)
 177 S   0.43187 0.49103 0.03588 0.04122 ( 2)
 178 V   0.00054 0.92201 0.00004 0.07741 ( 2)
 179 K   0.90430 0.01882 0.07530 0.00158 ( 1)
 180 R   0.21437 0.70828 0.01788 0.05946 ( 2)
 181 Q   0.62176 0.30109 0.05187 0.02528 ( 1)
 182 Y   0.86155 0.06126 0.07204 0.00514 ( 1)
 183 P   0.91405 0.00924 0.07593 0.00078 ( 1)
 184 S   0.86836 0.05448 0.07259 0.00457 ( 1)
 185 F   0.90984 0.01352 0.07551 0.00114 ( 1)
 186 L   0.87799 0.04493 0.07331 0.00377 ( 1)
 187 R   0.91000 0.01320 0.07568 0.00111 ( 1)
 188 T   0.91499 0.00832 0.07599 0.00070 ( 1)
 189 I   0.87270 0.05068 0.07237 0.00425 ( 1)
 190 P   0.91405 0.00924 0.07593 0.00078 ( 1)
 191 S   0.29717 0.62562 0.02469 0.05252 ( 2)
 192 D   0.91531 0.00803 0.07599 0.00067 ( 1)
 193 R   0.30666 0.61608 0.02554 0.05172 ( 2)
 194 H   0.06427 0.85832 0.00535 0.07206 ( 2)
 195 Q   0.88898 0.03400 0.07416 0.00285 ( 1)
 196 V   0.90765 0.01553 0.07552 0.00130 ( 1)
 197 E   0.90702 0.01613 0.07549 0.00135 ( 1)
 198 V   0.49659 0.42637 0.04124 0.03580 ( 1)
 199 M   0.84991 0.07336 0.07056 0.00616 ( 1)
 200 V   0.90765 0.01553 0.07552 0.00130 ( 1)
 201 L   0.60922 0.31359 0.05087 0.02633 ( 1)
 202 L   0.87799 0.04493 0.07331 0.00377 ( 1)
 203 L   0.87780 0.04512 0.07329 0.00379 ( 1)
 204 Q   0.01681 0.90575 0.00140 0.07604 ( 2)
 205 R   0.26531 0.65740 0.02210 0.05519 ( 2)
 206 F   0.91677 0.00659 0.07608 0.00055 ( 1)
 207 R   0.00042 0.92213 0.00003 0.07742 ( 2)
 208 W   0.88026 0.04267 0.07349 0.00358 ( 1)
 209 V   0.41979 0.50311 0.03486 0.04224 ( 2)
 210 W   0.88026 0.04267 0.07349 0.00358 ( 1)
 211 I   0.91801 0.00540 0.07613 0.00045 ( 1)
 212 S   0.86891 0.05393 0.07263 0.00453 ( 1)
 213 L   0.87799 0.04493 0.07331 0.00377 ( 1)
 214 V   0.25116 0.67148 0.02098 0.05637 ( 2)
 215 G   0.91296 0.01030 0.07587 0.00086 ( 1)
 216 S   0.91322 0.01006 0.07588 0.00084 ( 1)
 217 Y   0.00126 0.92129 0.00010 0.07735 ( 2)
 218 G   0.73533 0.18779 0.06111 0.01577 ( 1)
 219 D   0.91571 0.00762 0.07603 0.00064 ( 1)
 220 Y   0.88282 0.04000 0.07382 0.00336 ( 1)
 221 G   0.90360 0.01949 0.07527 0.00164 ( 1)
 222 Q   0.70127 0.22162 0.05850 0.01861 ( 1)
 223 Q   0.10843 0.81413 0.00909 0.06835 ( 2)
 224 G   0.72983 0.19316 0.06079 0.01622 ( 1)
 225 V   0.90534 0.01783 0.07533 0.00150 ( 1)
 226 Q   0.67266 0.25021 0.05612 0.02101 ( 1)
 227 A   0.59796 0.32470 0.05008 0.02726 ( 1)
 228 L   0.87976 0.04316 0.07345 0.00362 ( 1)
 229 E   0.34361 0.57917 0.02860 0.04862 ( 2)
 230 N   0.00857 0.91398 0.00071 0.07673 ( 2)
 231 Q   0.67134 0.25153 0.05601 0.02112 ( 1)
 232 A   0.91625 0.00710 0.07605 0.00060 ( 1)
 233 T   0.90225 0.02063 0.07539 0.00173 ( 1)
 234 D   0.00139 0.92115 0.00012 0.07734 ( 2)
 235 Q   0.65256 0.27031 0.05444 0.02269 ( 1)
 236 G   0.32822 0.59453 0.02734 0.04991 ( 2)
 237 I   0.87182 0.05155 0.07230 0.00433 ( 1)
 238 C   0.91049 0.01272 0.07572 0.00107 ( 1)
 239 I   0.88275 0.04019 0.07368 0.00337 ( 1)
 240 A   0.87426 0.04862 0.07303 0.00408 ( 1)
 241 F   0.91677 0.00659 0.07608 0.00055 ( 1)
 242 K   0.90430 0.01882 0.07530 0.00158 ( 1)
 243 D   0.84938 0.07390 0.07052 0.00620 ( 1)
 244 I   0.39447 0.52845 0.03271 0.04437 ( 2)
 245 V   0.78301 0.14007 0.06515 0.01176 ( 1)
 246 P   0.91179 0.01150 0.07575 0.00097 ( 1)
 247 L   0.85221 0.07110 0.07072 0.00597 ( 1)
 248 S   0.55455 0.36818 0.04635 0.03091 ( 1)
 249 A   0.91625 0.00710 0.07605 0.00060 ( 1)
 250 R   0.00021 0.92234 0.00002 0.07744 ( 2)
 251 V   0.90228 0.02043 0.07557 0.00172 ( 1)
 252 G   0.89262 0.03063 0.07418 0.00257 ( 1)
 253 D   0.88132 0.04159 0.07359 0.00349 ( 1)
 254 E   0.33749 0.58522 0.02816 0.04913 ( 2)
 255 R   0.72156 0.20142 0.06010 0.01691 ( 1)
 256 M   0.91588 0.00746 0.07604 0.00063 ( 1)
 257 Q   0.67337 0.24951 0.05618 0.02095 ( 1)
 258 G   0.00431 0.91824 0.00036 0.07709 ( 2)
 259 M   0.07320 0.84938 0.00611 0.07131 ( 2)
 260 M   0.91588 0.00746 0.07604 0.00063 ( 1)
 261 N   0.00062 0.92193 0.00005 0.07740 ( 2)
 262 R   0.07908 0.84353 0.00657 0.07082 ( 2)
 263 L   0.87799 0.04493 0.07331 0.00377 ( 1)
 264 A   0.85846 0.06484 0.07125 0.00544 ( 1)
 265 R   0.02226 0.90029 0.00186 0.07558 ( 2)
 266 A   0.91486 0.00850 0.07593 0.00071 ( 1)
 267 G   0.00431 0.91824 0.00036 0.07709 ( 2)
 268 T   0.84506 0.07824 0.07014 0.00657 ( 1)
 269 T   0.77200 0.15119 0.06412 0.01269 ( 1)
 270 V   0.91360 0.00930 0.07631 0.00078 ( 1)
 271 V   0.90765 0.01553 0.07552 0.00130 ( 1)
 272 V   0.30195 0.62086 0.02506 0.05213 ( 2)
 273 V   0.87536 0.04754 0.07312 0.00399 ( 1)
 274 F   0.90661 0.01633 0.07569 0.00137 ( 1)
 275 S   0.91253 0.01072 0.07585 0.00090 ( 1)
 276 S   0.00555 0.91700 0.00046 0.07699 ( 2)
 277 R   0.10664 0.81597 0.00889 0.06851 ( 2)
 278 R   0.00027 0.92227 0.00002 0.07743 ( 2)
 279 L   0.08247 0.84011 0.00689 0.07053 ( 2)
 280 A   0.91625 0.00710 0.07605 0.00060 ( 1)
 281 R   0.75355 0.16946 0.06277 0.01423 ( 1)
 282 V   0.90765 0.01553 0.07552 0.00130 ( 1)
 283 F   0.91170 0.01124 0.07612 0.00094 ( 1)
 284 F   0.91378 0.00958 0.07583 0.00080 ( 1)
 285 E   0.90702 0.01613 0.07549 0.00135 ( 1)
 286 S   0.90778 0.01547 0.07545 0.00130 ( 1)
 287 V   0.90765 0.01553 0.07552 0.00130 ( 1)
 288 V   0.90765 0.01553 0.07552 0.00130 ( 1)
 289 L   0.87731 0.04561 0.07325 0.00383 ( 1)
 290 A   0.85775 0.06555 0.07120 0.00550 ( 1)
 291 N   0.84456 0.07868 0.07016 0.00661 ( 1)
 292 L   0.61727 0.30554 0.05154 0.02565 ( 1)
 293 T   0.86831 0.05456 0.07255 0.00458 ( 1)
 294 G   0.91296 0.01030 0.07587 0.00086 ( 1)
 295 K   0.90430 0.01882 0.07530 0.00158 ( 1)
 296 V   0.90765 0.01553 0.07552 0.00130 ( 1)
 297 W   0.88026 0.04267 0.07349 0.00358 ( 1)
 298 I   0.43664 0.48630 0.03623 0.04083 ( 2)
 299 A   0.91625 0.00710 0.07605 0.00060 ( 1)
 300 S   0.80628 0.11638 0.06757 0.00977 ( 1)
 301 E   0.84797 0.07515 0.07057 0.00631 ( 1)
 302 D   0.46504 0.45792 0.03860 0.03844 ( 1)
 303 W   0.88026 0.04267 0.07349 0.00358 ( 1)
 304 A   0.84780 0.07550 0.07035 0.00634 ( 1)
 305 I   0.85027 0.07299 0.07062 0.00613 ( 1)
 306 S   0.91253 0.01072 0.07585 0.00090 ( 1)
 307 R   0.04276 0.87981 0.00356 0.07387 ( 2)
 308 H   0.82505 0.09815 0.06856 0.00824 ( 1)
 309 I   0.91801 0.00540 0.07613 0.00045 ( 1)
 310 T   0.59593 0.32683 0.04980 0.02744 ( 1)
 311 G   0.26460 0.65810 0.02204 0.05525 ( 2)
 312 V   0.90509 0.01809 0.07531 0.00152 ( 1)
 313 P   0.90460 0.01869 0.07515 0.00157 ( 1)
 314 G   0.90187 0.02122 0.07512 0.00178 ( 1)
 315 I   0.91801 0.00540 0.07613 0.00045 ( 1)
 316 Q   0.18248 0.74015 0.01522 0.06214 ( 2)
 317 G   0.39645 0.52638 0.03297 0.04419 ( 2)
 318 I   0.89484 0.02811 0.07469 0.00236 ( 1)
 319 G   0.90130 0.02179 0.07508 0.00183 ( 1)
 320 T   0.00026 0.92228 0.00002 0.07743 ( 2)
 321 V   0.90824 0.01494 0.07557 0.00125 ( 1)
 322 L   0.87799 0.04493 0.07331 0.00377 ( 1)
 323 G   0.88500 0.03824 0.07355 0.00321 ( 1)
 324 V   0.90731 0.01587 0.07549 0.00133 ( 1)
 325 A   0.91625 0.00710 0.07605 0.00060 ( 1)
 326 I   0.91801 0.00540 0.07613 0.00045 ( 1)
 327 Q   0.88898 0.03400 0.07416 0.00285 ( 1)
 328 L   0.02583 0.89674 0.00215 0.07529 ( 2)
 329 R   0.28823 0.63449 0.02401 0.05327 ( 2)
 330 L   0.00011 0.92244 0.00001 0.07744 ( 2)
 331 V   0.85481 0.06851 0.07094 0.00575 ( 1)
 332 P   0.87544 0.04742 0.07316 0.00398 ( 1)
 333 G   0.83190 0.09130 0.06913 0.00767 ( 1)
 334 L   0.87770 0.04522 0.07328 0.00380 ( 1)
 335 K   0.76833 0.15470 0.06398 0.01299 ( 1)
 336 E   0.74432 0.17836 0.06234 0.01497 ( 1)
 337 F   0.62513 0.29768 0.05219 0.02499 ( 1)
 338 E   0.83721 0.08555 0.07006 0.00718 ( 1)
 339 E   0.88682 0.03595 0.07421 0.00302 ( 1)
 340 A   0.91625 0.00710 0.07605 0.00060 ( 1)
 341 Y   0.85335 0.06946 0.07136 0.00583 ( 1)
 342 A   0.53068 0.03981 0.42617 0.00334 ( 1)
 343 Q   0.00081 0.92173 0.00007 0.07738 ( 2)
 344 A   0.48605 0.43659 0.04071 0.03665 ( 1)
 345 D   0.91571 0.00762 0.07603 0.00064 ( 1)
 346 K   0.90430 0.01882 0.07530 0.00158 ( 1)
 347 G   0.00372 0.91883 0.00031 0.07714 ( 2)
 348 A   0.84934 0.07395 0.07050 0.00621 ( 1)
 349 P   0.03592 0.88664 0.00300 0.07444 ( 2)
 350 L   0.13207 0.79056 0.01100 0.06637 ( 2)
 351 P   0.43365 0.48905 0.03624 0.04106 ( 2)
 352 C   0.90877 0.01444 0.07558 0.00121 ( 1)
 353 P   0.00787 0.91468 0.00065 0.07679 ( 2)
 354 T   0.02895 0.89362 0.00241 0.07502 ( 2)
 355 G   0.83120 0.09201 0.06906 0.00772 ( 1)
 356 A   0.81541 0.10777 0.06778 0.00905 ( 1)
 357 W   0.64811 0.27490 0.05390 0.02308 ( 1)
 358 C   0.91049 0.01272 0.07572 0.00107 ( 1)
 359 S   0.91377 0.00950 0.07593 0.00080 ( 1)
 360 S   0.91377 0.00950 0.07593 0.00080 ( 1)
 361 N   0.87258 0.05031 0.07289 0.00422 ( 1)
 362 Q   0.88898 0.03400 0.07416 0.00285 ( 1)
 363 L   0.43870 0.48424 0.03641 0.04065 ( 2)
 364 C   0.90877 0.01444 0.07558 0.00121 ( 1)
 365 R   0.83009 0.09263 0.06950 0.00778 ( 1)
 366 E   0.08059 0.84198 0.00674 0.07069 ( 2)
 367 C   0.90832 0.01454 0.07593 0.00122 ( 1)
 368 C   0.00020 0.92235 0.00002 0.07744 ( 2)
 369 A   0.62025 0.30254 0.05181 0.02540 ( 1)
 370 F   0.91677 0.00659 0.07608 0.00055 ( 1)
 371 T   0.00004 0.92251 0.00000 0.07745 ( 2)
 372 A   0.06230 0.86026 0.00522 0.07222 ( 2)
 373 H   0.91318 0.01010 0.07588 0.00085 ( 1)
 374 T   0.00002 0.92252 0.00000 0.07745 ( 2)
 375 T   0.85016 0.07312 0.07058 0.00614 ( 1)
 376 P   0.91356 0.00973 0.07589 0.00082 ( 1)
 377 T   0.02330 0.89926 0.00194 0.07550 ( 2)
 378 L   0.90695 0.01635 0.07532 0.00137 ( 1)
 379 G   0.00007 0.92247 0.00001 0.07745 ( 2)
 380 P   0.47569 0.44723 0.03953 0.03755 ( 1)
 381 F   0.85824 0.06507 0.07122 0.00546 ( 1)
 382 S   0.91253 0.01072 0.07585 0.00090 ( 1)
 383 M   0.91588 0.00746 0.07604 0.00063 ( 1)
 384 S   0.87117 0.05171 0.07278 0.00434 ( 1)
 385 S   0.55242 0.37031 0.04618 0.03109 ( 1)
 386 A   0.91625 0.00710 0.07605 0.00060 ( 1)
 387 Y   0.90937 0.01382 0.07565 0.00116 ( 1)
 388 N   0.91431 0.00898 0.07595 0.00075 ( 1)
 389 V   0.21750 0.70519 0.01810 0.05920 ( 2)
 390 Y   0.90351 0.01968 0.07516 0.00165 ( 1)
 391 Q   0.01787 0.90468 0.00149 0.07595 ( 2)
 392 A   0.86249 0.06039 0.07205 0.00507 ( 1)
 393 V   0.90765 0.01553 0.07552 0.00130 ( 1)
 394 Y   0.88379 0.03903 0.07390 0.00328 ( 1)
 395 T   0.01635 0.90620 0.00137 0.07608 ( 2)
 396 V   0.90765 0.01553 0.07552 0.00130 ( 1)
 397 A   0.91600 0.00736 0.07603 0.00062 ( 1)
 398 H   0.87321 0.04967 0.07295 0.00417 ( 1)
 399 G   0.91296 0.01030 0.07587 0.00086 ( 1)
 400 L   0.91451 0.00880 0.07595 0.00074 ( 1)
 401 H   0.91339 0.00988 0.07590 0.00083 ( 1)
 402 Q   0.88898 0.03400 0.07416 0.00285 ( 1)
 403 L   0.91451 0.00880 0.07595 0.00074 ( 1)
 404 L   0.87799 0.04493 0.07331 0.00377 ( 1)
 405 G   0.91296 0.01030 0.07587 0.00086 ( 1)
 406 C   0.88732 0.03553 0.07417 0.00298 ( 1)
 407 A   0.84048 0.08281 0.06976 0.00695 ( 1)
 408 S   0.87371 0.04913 0.07303 0.00412 ( 1)
 409 G   0.81104 0.11164 0.06795 0.00937 ( 1)
 410 A   0.76958 0.15327 0.06428 0.01287 ( 1)
 411 C   0.86072 0.06212 0.07195 0.00522 ( 1)
 412 S   0.91253 0.01072 0.07585 0.00090 ( 1)
 413 R   0.90222 0.02088 0.07515 0.00175 ( 1)
 414 S   0.43885 0.48404 0.03647 0.04064 ( 2)
 415 Q   0.00637 0.91618 0.00053 0.07692 ( 2)
 416 V   0.91635 0.00702 0.07604 0.00059 ( 1)
 417 Y   0.33335 0.58943 0.02773 0.04949 ( 2)
 418 P   0.91348 0.00981 0.07589 0.00082 ( 1)
 419 W   0.88026 0.04267 0.07349 0.00358 ( 1)
 420 Q   0.88898 0.03400 0.07416 0.00285 ( 1)
 421 L   0.86667 0.05620 0.07242 0.00472 ( 1)
 422 L   0.87425 0.04866 0.07300 0.00409 ( 1)
 423 E   0.78434 0.13873 0.06528 0.01165 ( 1)
 424 Q   0.88898 0.03400 0.07416 0.00285 ( 1)
 425 I   0.91801 0.00540 0.07613 0.00045 ( 1)
 426 H   0.00676 0.91579 0.00056 0.07689 ( 2)
 427 K   0.90373 0.01939 0.07525 0.00163 ( 1)
 428 A   0.79716 0.12594 0.06633 0.01057 ( 1)
 429 N   0.59085 0.33193 0.04935 0.02787 ( 1)
 430 F   0.91657 0.00679 0.07607 0.00057 ( 1)
 431 L   0.86667 0.05620 0.07242 0.00472 ( 1)
 432 L   0.78778 0.13486 0.06604 0.01132 ( 1)
 433 H   0.91110 0.01217 0.07571 0.00102 ( 1)
 434 E   0.00429 0.91826 0.00036 0.07709 ( 2)
 435 D   0.91571 0.00762 0.07603 0.00064 ( 1)
 436 T   0.87561 0.04725 0.07317 0.00397 ( 1)
 437 V   0.90765 0.01553 0.07552 0.00130 ( 1)
 438 T   0.00144 0.92110 0.00012 0.07733 ( 2)
 439 F   0.62224 0.30058 0.05195 0.02524 ( 1)
 440 N   0.14279 0.77981 0.01193 0.06547 ( 2)
 441 D   0.91571 0.00762 0.07603 0.00064 ( 1)
 442 N   0.88885 0.03404 0.07425 0.00286 ( 1)
 443 G   0.13455 0.78802 0.01127 0.06616 ( 2)
 444 D   0.29236 0.63044 0.02427 0.05293 ( 2)
 445 P   0.83438 0.08885 0.06932 0.00746 ( 1)
 446 L   0.37570 0.54716 0.03120 0.04594 ( 2)
 447 S   0.86997 0.05291 0.07268 0.00444 ( 1)
 448 G   0.82369 0.09951 0.06844 0.00835 ( 1)
 449 Y   0.85335 0.06946 0.07136 0.00583 ( 1)
 450 N   0.08026 0.84235 0.00667 0.07072 ( 2)
 451 I   0.88273 0.04019 0.07370 0.00337 ( 1)
 452 I   0.88275 0.04019 0.07368 0.00337 ( 1)
 453 A   0.85766 0.06565 0.07119 0.00551 ( 1)
 454 W   0.88026 0.04267 0.07349 0.00358 ( 1)
 455 D   0.91571 0.00762 0.07603 0.00064 ( 1)
 456 W   0.88026 0.04267 0.07349 0.00358 ( 1)
 457 I   0.01559 0.90696 0.00130 0.07614 ( 2)
 458 G   0.89946 0.02364 0.07492 0.00198 ( 1)
 459 F   0.45353 0.46930 0.03777 0.03940 ( 2)
 460 K   0.78395 0.13910 0.06528 0.01168 ( 1)
 461 W   0.88026 0.04267 0.07349 0.00358 ( 1)
 462 T   0.91499 0.00832 0.07599 0.00070 ( 1)
 463 F   0.91572 0.00765 0.07599 0.00064 ( 1)
 464 T   0.89427 0.02843 0.07491 0.00239 ( 1)
 465 V   0.36338 0.55950 0.03015 0.04697 ( 2)
 466 I   0.02188 0.90068 0.00182 0.07562 ( 2)
 467 G   0.90481 0.01805 0.07563 0.00152 ( 1)
 468 S   0.91194 0.01131 0.07580 0.00095 ( 1)
 469 S   0.91253 0.01072 0.07585 0.00090 ( 1)
 470 T   0.82879 0.09390 0.06942 0.00788 ( 1)
 471 A   0.14055 0.78205 0.01173 0.06566 ( 2)
 472 S   0.54048 0.38225 0.04518 0.03209 ( 1)
 473 P   0.80313 0.11955 0.06728 0.01004 ( 1)
 474 V   0.58288 0.33989 0.04869 0.02854 ( 1)
 475 R   0.00090 0.92165 0.00007 0.07738 ( 2)
 476 L   0.82147 0.10117 0.06886 0.00849 ( 1)
 477 D   0.83227 0.09099 0.06910 0.00764 ( 1)
 478 I   0.88090 0.04203 0.07354 0.00353 ( 1)
 479 N   0.87258 0.05031 0.07289 0.00422 ( 1)
 480 E   0.78448 0.13860 0.06529 0.01164 ( 1)
 481 T   0.91497 0.00834 0.07599 0.00070 ( 1)
 482 K   0.82815 0.09459 0.06932 0.00794 ( 1)
 483 I   0.91763 0.00578 0.07610 0.00049 ( 1)
 484 Q   0.88898 0.03400 0.07416 0.00285 ( 1)
 485 W   0.88026 0.04267 0.07349 0.00358 ( 1)
 486 H   0.80851 0.11435 0.06754 0.00960 ( 1)
 487 R   0.06180 0.86075 0.00518 0.07227 ( 2)
 488 K   0.90430 0.01882 0.07530 0.00158 ( 1)
 489 D   0.85401 0.06927 0.07090 0.00582 ( 1)
 490 N   0.91454 0.00876 0.07597 0.00074 ( 1)
 491 Q   0.88898 0.03400 0.07416 0.00285 ( 1)
 492 V   0.90731 0.01587 0.07549 0.00133 ( 1)
 493 P   0.87184 0.05102 0.07286 0.00428 ( 1)
 494 Q   0.28938 0.63335 0.02410 0.05317 ( 2)
 495 S   0.86044 0.06240 0.07192 0.00524 ( 1)
 496 V   0.90765 0.01553 0.07552 0.00130 ( 1)
 497 C   0.89591 0.02694 0.07489 0.00226 ( 1)
 498 S   0.91253 0.01072 0.07585 0.00090 ( 1)
 499 S   0.90164 0.02125 0.07533 0.00178 ( 1)
 500 D   0.91524 0.00810 0.07599 0.00068 ( 1)
 501 C   0.86553 0.05731 0.07235 0.00481 ( 1)
 502 L   0.86667 0.05620 0.07242 0.00472 ( 1)
 503 E   0.46144 0.46122 0.03861 0.03872 ( 1)
 504 G   0.89865 0.02444 0.07486 0.00205 ( 1)
 505 H   0.83316 0.09005 0.06923 0.00756 ( 1)
 506 Q   0.88898 0.03400 0.07416 0.00285 ( 1)
 507 R   0.04999 0.87256 0.00419 0.07326 ( 2)
 508 V   0.90765 0.01553 0.07552 0.00130 ( 1)
 509 V   0.87681 0.04608 0.07324 0.00387 ( 1)
 510 V   0.00029 0.92226 0.00002 0.07743 ( 2)
 511 G   0.54904 0.37370 0.04589 0.03137 ( 1)
 512 S   0.85974 0.06357 0.07135 0.00534 ( 1)
 513 H   0.16581 0.75680 0.01385 0.06354 ( 2)
 514 H   0.83543 0.08779 0.06940 0.00737 ( 1)
 515 C   0.86322 0.05962 0.07216 0.00501 ( 1)
 516 C   0.91049 0.01272 0.07572 0.00107 ( 1)
 517 F   0.88915 0.03378 0.07424 0.00284 ( 1)
 518 E   0.78663 0.13645 0.06547 0.01146 ( 1)
 519 C   0.86072 0.06212 0.07195 0.00522 ( 1)
 520 V   0.89850 0.02467 0.07476 0.00207 ( 1)
 521 P   0.91109 0.01220 0.07569 0.00102 ( 1)
 522 C   0.86150 0.06134 0.07201 0.00515 ( 1)
 523 E   0.25766 0.66504 0.02146 0.05583 ( 2)
 524 S   0.56310 0.35966 0.04704 0.03020 ( 1)
 525 G   0.90096 0.02213 0.07505 0.00186 ( 1)
 526 T   0.30151 0.62129 0.02504 0.05216 ( 2)
 527 F   0.52403 0.39899 0.04349 0.03350 ( 1)
 528 L   0.41141 0.51129 0.03438 0.04293 ( 2)
 529 N   0.47422 0.44872 0.03939 0.03767 ( 1)
 530 K   0.30392 0.61882 0.02531 0.05195 ( 2)
 531 S   0.86284 0.06003 0.07209 0.00504 ( 1)
 532 D   0.91311 0.01023 0.07581 0.00086 ( 1)
 533 L   0.81281 0.11042 0.06750 0.00927 ( 1)
 534 Y   0.77651 0.14659 0.06460 0.01231 ( 1)
 535 R   0.10223 0.82034 0.00856 0.06887 ( 2)
 536 C   0.90613 0.01708 0.07536 0.00143 ( 1)
 537 Q   0.88898 0.03400 0.07416 0.00285 ( 1)
 538 P   0.55584 0.36690 0.04645 0.03080 ( 1)
 539 C   0.86072 0.06212 0.07195 0.00522 ( 1)
 540 G   0.90187 0.02122 0.07512 0.00178 ( 1)
 541 K   0.83792 0.08482 0.07014 0.00712 ( 1)
 542 E   0.83721 0.08555 0.07006 0.00718 ( 1)
 543 E   0.90700 0.01616 0.07549 0.00136 ( 1)
 544 W   0.88026 0.04267 0.07349 0.00358 ( 1)
 545 A   0.80944 0.11326 0.06779 0.00951 ( 1)
 546 P   0.87593 0.04693 0.07320 0.00394 ( 1)
 547 E   0.04767 0.87491 0.00397 0.07345 ( 2)
 548 G   0.35745 0.56516 0.02995 0.04745 ( 2)
 549 S   0.91377 0.00950 0.07593 0.00080 ( 1)
 550 Q   0.88898 0.03400 0.07416 0.00285 ( 1)
 551 T   0.83681 0.08644 0.06950 0.00726 ( 1)
 552 C   0.91049 0.01272 0.07572 0.00107 ( 1)
 553 F   0.91600 0.00737 0.07602 0.00062 ( 1)
 554 P   0.47059 0.45225 0.03919 0.03797 ( 1)
 555 R   0.90299 0.02021 0.07510 0.00170 ( 1)
 556 T   0.87683 0.04604 0.07327 0.00387 ( 1)
 557 V   0.90513 0.01805 0.07531 0.00152 ( 1)
 558 V   0.79178 0.13132 0.06588 0.01103 ( 1)
 559 F   0.14728 0.77533 0.01230 0.06509 ( 2)
 560 L   0.87729 0.04562 0.07325 0.00383 ( 1)
 561 A   0.12650 0.79609 0.01057 0.06684 ( 2)
 562 W   0.15760 0.76500 0.01317 0.06423 ( 2)
 563 H   0.14678 0.77580 0.01229 0.06513 ( 2)
 564 E   0.90702 0.01613 0.07549 0.00135 ( 1)
 565 C   0.00788 0.91467 0.00065 0.07679 ( 2)
 566 I   0.85265 0.07061 0.07081 0.00593 ( 1)
 567 S   0.86044 0.06240 0.07192 0.00524 ( 1)
 568 W   0.88026 0.04267 0.07349 0.00358 ( 1)
 569 V   0.90765 0.01553 0.07552 0.00130 ( 1)
 570 L   0.87478 0.04814 0.07304 0.00404 ( 1)
 571 L   0.87765 0.04527 0.07328 0.00380 ( 1)
 572 A   0.38252 0.54010 0.03204 0.04534 ( 2)
 573 A   0.60739 0.31539 0.05074 0.02648 ( 1)
 574 N   0.90052 0.02277 0.07480 0.00191 ( 1)
 575 T   0.72199 0.20103 0.06011 0.01688 ( 1)
 576 L   0.15444 0.76817 0.01289 0.06449 ( 2)
 577 L   0.87638 0.04654 0.07317 0.00391 ( 1)
 578 L   0.87788 0.04504 0.07330 0.00378 ( 1)
 579 V   0.61732 0.30549 0.05154 0.02565 ( 1)
 580 V   0.61646 0.30634 0.05147 0.02572 ( 1)
 581 V   0.62768 0.29513 0.05241 0.02478 ( 1)
 582 V   0.12967 0.79293 0.01084 0.06657 ( 2)
 583 G   0.90281 0.02028 0.07520 0.00170 ( 1)
 584 T   0.56773 0.35502 0.04744 0.02981 ( 1)
 585 V   0.58458 0.33820 0.04883 0.02839 ( 1)
 586 G   0.91066 0.01261 0.07568 0.00106 ( 1)
 587 L   0.87799 0.04493 0.07331 0.00377 ( 1)
 588 F   0.87956 0.04336 0.07344 0.00364 ( 1)
 589 A   0.91581 0.00754 0.07601 0.00063 ( 1)
 590 W   0.88026 0.04267 0.07349 0.00358 ( 1)
 591 H   0.91342 0.00985 0.07590 0.00083 ( 1)
 592 Q   0.32412 0.59847 0.02717 0.05024 ( 2)
 593 D   0.91571 0.00762 0.07603 0.00064 ( 1)
 594 T   0.91417 0.00914 0.07592 0.00077 ( 1)
 595 P   0.86472 0.05813 0.07226 0.00488 ( 1)
 596 V   0.90765 0.01553 0.07552 0.00130 ( 1)
 597 V   0.90708 0.01610 0.07547 0.00135 ( 1)
 598 R   0.90222 0.02088 0.07515 0.00175 ( 1)
 599 S   0.78946 0.13320 0.06616 0.01118 ( 1)
 600 A   0.84893 0.07377 0.07110 0.00619 ( 1)
 601 G   0.90187 0.02122 0.07512 0.00178 ( 1)
 602 G   0.91296 0.01030 0.07587 0.00086 ( 1)
 603 W   0.00326 0.91929 0.00027 0.07718 ( 2)
 604 L   0.87799 0.04493 0.07331 0.00377 ( 1)
 605 C   0.91034 0.01287 0.07571 0.00108 ( 1)
 606 F   0.90661 0.01633 0.07569 0.00137 ( 1)
 607 L   0.90268 0.02020 0.07543 0.00170 ( 1)
 608 M   0.91588 0.00746 0.07604 0.00063 ( 1)
 609 L   0.87522 0.04770 0.07308 0.00400 ( 1)
 610 G   0.91186 0.01140 0.07578 0.00096 ( 1)
 611 S   0.91180 0.01145 0.07579 0.00096 ( 1)
 612 L   0.87799 0.04493 0.07331 0.00377 ( 1)
 613 A   0.82389 0.09881 0.06900 0.00830 ( 1)
 614 G   0.00894 0.91360 0.00075 0.07670 ( 2)
 615 A   0.52878 0.39395 0.04420 0.03307 ( 1)
 616 S   0.91104 0.01223 0.07570 0.00103 ( 1)
 617 C   0.00713 0.91542 0.00059 0.07686 ( 2)
 618 S   0.91377 0.00950 0.07593 0.00080 ( 1)
 619 L   0.83987 0.08337 0.06975 0.00700 ( 1)
 620 Y   0.85335 0.06946 0.07136 0.00583 ( 1)
 621 G   0.91270 0.01057 0.07585 0.00089 ( 1)
 622 F   0.91640 0.00696 0.07605 0.00058 ( 1)
 623 F   0.87956 0.04336 0.07344 0.00364 ( 1)
 624 G   0.89865 0.02444 0.07486 0.00205 ( 1)
 625 E   0.89784 0.02531 0.07472 0.00213 ( 1)
 626 P   0.91265 0.01064 0.07582 0.00089 ( 1)
 627 T   0.48014 0.44272 0.03998 0.03717 ( 1)
 628 L   0.12806 0.79456 0.01067 0.06671 ( 2)
 629 P   0.67358 0.24921 0.05629 0.02092 ( 1)
 630 A   0.44121 0.48142 0.03695 0.04042 ( 2)
 631 C   0.90877 0.01444 0.07558 0.00121 ( 1)
 632 L   0.86651 0.05641 0.07235 0.00474 ( 1)
 633 L   0.87774 0.04518 0.07329 0.00379 ( 1)
 634 R   0.90995 0.01307 0.07588 0.00110 ( 1)
 635 Q   0.88568 0.03730 0.07389 0.00313 ( 1)
 636 A   0.83661 0.08667 0.06944 0.00728 ( 1)
 637 I   0.83143 0.09181 0.06905 0.00771 ( 1)
 638 F   0.87956 0.04336 0.07344 0.00364 ( 1)
 639 A   0.91510 0.00825 0.07595 0.00069 ( 1)
 640 L   0.87367 0.04919 0.07300 0.00413 ( 1)
 641 G   0.86377 0.05908 0.07220 0.00496 ( 1)
 642 F   0.90984 0.01352 0.07551 0.00114 ( 1)
 643 T   0.82614 0.09710 0.06861 0.00815 ( 1)
 644 I   0.87304 0.05033 0.07240 0.00423 ( 1)
 645 F   0.91654 0.00683 0.07606 0.00057 ( 1)
 646 L   0.87775 0.04517 0.07329 0.00379 ( 1)
 647 S   0.91239 0.01086 0.07584 0.00091 ( 1)
 648 C   0.91049 0.01272 0.07572 0.00107 ( 1)
 649 L   0.61727 0.30554 0.05154 0.02565 ( 1)
 650 T   0.80809 0.11460 0.06769 0.00962 ( 1)
 651 V   0.87234 0.05055 0.07287 0.00424 ( 1)
 652 R   0.90978 0.01343 0.07566 0.00113 ( 1)
 653 S   0.90749 0.01556 0.07564 0.00131 ( 1)
 654 F   0.91677 0.00659 0.07608 0.00055 ( 1)
 655 Q   0.81992 0.10279 0.06866 0.00863 ( 1)
 656 L   0.84287 0.07977 0.07066 0.00670 ( 1)
 657 V   0.84565 0.07770 0.07013 0.00652 ( 1)
 658 I   0.91801 0.00540 0.07613 0.00045 ( 1)
 659 I   0.91734 0.00608 0.07607 0.00051 ( 1)
 660 F   0.91677 0.00659 0.07608 0.00055 ( 1)
 661 K   0.90430 0.01882 0.07530 0.00158 ( 1)
 662 F   0.87956 0.04336 0.07344 0.00364 ( 1)
 663 S   0.91176 0.01149 0.07579 0.00096 ( 1)
 664 T   0.49834 0.42463 0.04139 0.03565 ( 1)
 665 K   0.90291 0.02021 0.07518 0.00170 ( 1)
 666 V   0.07782 0.84475 0.00652 0.07092 ( 2)
 667 P   0.90054 0.02232 0.07526 0.00187 ( 1)
 668 T   0.11200 0.81064 0.00930 0.06806 ( 2)
 669 F   0.91677 0.00659 0.07608 0.00055 ( 1)
 670 Y   0.37462 0.54819 0.03116 0.04602 ( 2)
 671 H   0.14872 0.77394 0.01237 0.06498 ( 2)
 672 T   0.51999 0.40301 0.04316 0.03384 ( 1)
 673 W   0.88026 0.04267 0.07349 0.00358 ( 1)
 674 V   0.91528 0.00809 0.07595 0.00068 ( 1)
 675 Q   0.81555 0.10716 0.06829 0.00900 ( 1)
 676 N   0.91454 0.00876 0.07597 0.00074 ( 1)
 677 H   0.90904 0.01385 0.07594 0.00116 ( 1)
 678 G   0.86198 0.06087 0.07205 0.00511 ( 1)
 679 A   0.88199 0.04090 0.07368 0.00343 ( 1)
 680 A   0.05622 0.86637 0.00467 0.07274 ( 2)
 681 L   0.87799 0.04493 0.07331 0.00377 ( 1)
 682 F   0.87956 0.04336 0.07344 0.00364 ( 1)
 683 I   0.59649 0.32647 0.04963 0.02741 ( 1)
 684 M   0.34426 0.57858 0.02858 0.04858 ( 2)
 685 I   0.91766 0.00576 0.07610 0.00048 ( 1)
 686 S   0.83808 0.08514 0.06964 0.00715 ( 1)
 687 S   0.78946 0.13320 0.06616 0.01118 ( 1)
 688 M   0.00564 0.91691 0.00047 0.07698 ( 2)
 689 A   0.06371 0.85886 0.00532 0.07211 ( 2)
 690 Q   0.88898 0.03400 0.07416 0.00285 ( 1)
 691 L   0.87475 0.04817 0.07304 0.00404 ( 1)
 692 L   0.87070 0.05217 0.07275 0.00438 ( 1)
 693 I   0.91801 0.00540 0.07613 0.00045 ( 1)
 694 C   0.86131 0.06153 0.07200 0.00517 ( 1)
 695 L   0.78778 0.13486 0.06604 0.01132 ( 1)
 696 T   0.87648 0.04639 0.07324 0.00389 ( 1)
 697 W   0.88026 0.04267 0.07349 0.00358 ( 1)
 698 L   0.87161 0.05131 0.07277 0.00431 ( 1)
 699 A   0.29787 0.62489 0.02478 0.05246 ( 2)
 700 V   0.79214 0.13096 0.06591 0.01099 ( 1)
 701 W   0.88026 0.04267 0.07349 0.00358 ( 1)
 702 T   0.91237 0.01051 0.07624 0.00088 ( 1)
 703 P   0.80313 0.11955 0.06728 0.01004 ( 1)
 704 L   0.87799 0.04493 0.07331 0.00377 ( 1)
 705 P   0.91256 0.01073 0.07581 0.00090 ( 1)
 706 T   0.75735 0.16547 0.06328 0.01389 ( 1)
 707 R   0.88145 0.04163 0.07342 0.00350 ( 1)
 708 E   0.83721 0.08555 0.07006 0.00718 ( 1)
 709 Y   0.90759 0.01560 0.07550 0.00131 ( 1)
 710 Q   0.19381 0.72883 0.01617 0.06119 ( 2)
 711 R   0.91017 0.01304 0.07570 0.00109 ( 1)
 712 F   0.91600 0.00737 0.07602 0.00062 ( 1)
 713 P   0.91265 0.01064 0.07582 0.00089 ( 1)
 714 Q   0.64618 0.27661 0.05398 0.02322 ( 1)
 715 L   0.87799 0.04493 0.07331 0.00377 ( 1)
 716 V   0.90513 0.01805 0.07531 0.00152 ( 1)
 717 V   0.47167 0.45128 0.03916 0.03789 ( 1)
 718 L   0.86667 0.05620 0.07242 0.00472 ( 1)
 719 E   0.77087 0.15219 0.06416 0.01278 ( 1)
 720 C   0.91049 0.01272 0.07572 0.00107 ( 1)
 721 T   0.80546 0.11723 0.06747 0.00984 ( 1)
 722 E   0.90702 0.01613 0.07549 0.00135 ( 1)
 723 T   0.00063 0.92192 0.00005 0.07740 ( 2)
 724 N   0.80213 0.12107 0.06663 0.01016 ( 1)
 725 S   0.89050 0.03274 0.07402 0.00275 ( 1)
 726 L   0.87799 0.04493 0.07331 0.00377 ( 1)
 727 G   0.91296 0.01030 0.07587 0.00086 ( 1)
 728 F   0.91677 0.00659 0.07608 0.00055 ( 1)
 729 M   0.26066 0.66200 0.02176 0.05558 ( 2)
 730 L   0.87775 0.04517 0.07329 0.00379 ( 1)
 731 A   0.91625 0.00710 0.07605 0.00060 ( 1)
 732 F   0.91286 0.01008 0.07622 0.00085 ( 1)
 733 G   0.00078 0.92176 0.00007 0.07739 ( 2)
 734 Y   0.90937 0.01382 0.07565 0.00116 ( 1)
 735 N   0.87258 0.05031 0.07289 0.00422 ( 1)
 736 G   0.82029 0.10290 0.06817 0.00864 ( 1)
 737 L   0.91254 0.01034 0.07625 0.00087 ( 1)
 738 L   0.91368 0.00963 0.07588 0.00081 ( 1)
 739 S   0.90586 0.01739 0.07530 0.00146 ( 1)
 740 V   0.08519 0.83744 0.00706 0.07031 ( 2)
 741 S   0.90443 0.01846 0.07556 0.00155 ( 1)
 742 A   0.91540 0.00795 0.07598 0.00067 ( 1)
 743 F   0.87956 0.04336 0.07344 0.00364 ( 1)
 744 A   0.91462 0.00873 0.07592 0.00073 ( 1)
 745 C   0.90926 0.01395 0.07562 0.00117 ( 1)
 746 S   0.83760 0.08562 0.06960 0.00719 ( 1)
 747 Y   0.90937 0.01382 0.07565 0.00116 ( 1)
 748 L   0.61743 0.30538 0.05155 0.02564 ( 1)
 749 G   0.91263 0.01063 0.07584 0.00089 ( 1)
 750 K   0.90291 0.02021 0.07518 0.00170 ( 1)
 751 D   0.91571 0.00762 0.07603 0.00064 ( 1)
 752 L   0.87675 0.04617 0.07321 0.00388 ( 1)
 753 P   0.80313 0.11955 0.06728 0.01004 ( 1)
 754 E   0.90702 0.01613 0.07549 0.00135 ( 1)
 755 N   0.91454 0.00876 0.07597 0.00074 ( 1)
 756 Y   0.88962 0.03356 0.07400 0.00282 ( 1)
 757 N   0.83568 0.08755 0.06942 0.00735 ( 1)
 758 E   0.90702 0.01613 0.07549 0.00135 ( 1)
 759 A   0.91581 0.00754 0.07601 0.00063 ( 1)
 760 K   0.82815 0.09459 0.06932 0.00794 ( 1)
 761 C   0.86072 0.06212 0.07195 0.00522 ( 1)
 762 V   0.91635 0.00702 0.07604 0.00059 ( 1)
 763 T   0.91275 0.01056 0.07581 0.00089 ( 1)
 764 F   0.91378 0.00958 0.07583 0.00080 ( 1)
 765 G   0.44357 0.47933 0.03686 0.04024 ( 2)
 766 L   0.87781 0.04511 0.07329 0.00379 ( 1)
 767 L   0.91451 0.00880 0.07595 0.00074 ( 1)
 768 L   0.84146 0.08184 0.06983 0.00687 ( 1)
 769 N   0.82089 0.10233 0.06819 0.00859 ( 1)
 770 F   0.91600 0.00737 0.07602 0.00062 ( 1)
 771 V   0.36010 0.56276 0.02990 0.04725 ( 2)
 772 S   0.91253 0.01072 0.07585 0.00090 ( 1)
 773 W   0.88026 0.04267 0.07349 0.00358 ( 1)
 774 I   0.91801 0.00540 0.07613 0.00045 ( 1)
 775 A   0.50440 0.41859 0.04187 0.03514 ( 1)
 776 F   0.85930 0.06401 0.07131 0.00537 ( 1)
 777 F   0.91637 0.00700 0.07605 0.00059 ( 1)
 778 T   0.91477 0.00854 0.07597 0.00072 ( 1)
 779 V   0.03801 0.88456 0.00317 0.07426 ( 2)
 780 A   0.91502 0.00788 0.07644 0.00066 ( 1)
 781 S   0.82960 0.09360 0.06893 0.00786 ( 1)
 782 V   0.85864 0.06467 0.07125 0.00543 ( 1)
 783 Y   0.79598 0.12713 0.06621 0.01067 ( 1)
 784 Q   0.30807 0.61474 0.02558 0.05161 ( 2)
 785 G   0.82821 0.09499 0.06883 0.00798 ( 1)
 786 K   0.90430 0.01882 0.07530 0.00158 ( 1)
 787 Y   0.90698 0.01584 0.07584 0.00133 ( 1)
 788 L   0.61723 0.30558 0.05154 0.02565 ( 1)
 789 P   0.83113 0.09209 0.06905 0.00773 ( 1)
 790 A   0.75012 0.17293 0.06242 0.01452 ( 1)
 791 V   0.83760 0.08569 0.06951 0.00719 ( 1)
 792 N   0.90631 0.01698 0.07528 0.00143 ( 1)
 793 V   0.38661 0.53627 0.03210 0.04502 ( 2)
 794 L   0.65824 0.26458 0.05496 0.02221 ( 1)
 795 A   0.90440 0.01850 0.07555 0.00155 ( 1)
 796 V   0.00251 0.92004 0.00021 0.07724 ( 2)
 797 L   0.65395 0.26888 0.05460 0.02257 ( 1)
 798 S   0.91377 0.00950 0.07593 0.00080 ( 1)
 799 S   0.91377 0.00950 0.07593 0.00080 ( 1)
 800 L   0.87792 0.04500 0.07330 0.00378 ( 1)
 801 S   0.83835 0.08487 0.06966 0.00712 ( 1)
 802 S   0.91150 0.01177 0.07574 0.00099 ( 1)
 803 G   0.91296 0.01030 0.07587 0.00086 ( 1)
 804 F   0.91677 0.00659 0.07608 0.00055 ( 1)
 805 S   0.75870 0.16444 0.06305 0.01381 ( 1)
 806 G   0.90564 0.01746 0.07544 0.00147 ( 1)
 807 Y   0.85335 0.06946 0.07136 0.00583 ( 1)
 808 F   0.90661 0.01633 0.07569 0.00137 ( 1)
 809 L   0.90393 0.01901 0.07547 0.00160 ( 1)
 810 P   0.91293 0.01036 0.07584 0.00087 ( 1)
 811 K   0.90239 0.02073 0.07514 0.00174 ( 1)
 812 C   0.91049 0.01272 0.07572 0.00107 ( 1)
 813 Y   0.87736 0.04581 0.07298 0.00385 ( 1)
 814 V   0.90313 0.02004 0.07515 0.00168 ( 1)
 815 I   0.91801 0.00540 0.07613 0.00045 ( 1)
 816 V   0.82678 0.09646 0.06866 0.00810 ( 1)
 817 C   0.81308 0.11006 0.06762 0.00924 ( 1)
 818 R   0.90718 0.01603 0.07545 0.00135 ( 1)
 819 P   0.42138 0.50124 0.03530 0.04208 ( 2)
 820 D   0.90430 0.01903 0.07508 0.00160 ( 1)
 821 L   0.90893 0.01438 0.07549 0.00121 ( 1)
 822 N   0.91359 0.00970 0.07589 0.00081 ( 1)
 823 S   0.83808 0.08513 0.06964 0.00715 ( 1)
 824 T   0.81963 0.10306 0.06866 0.00865 ( 1)
 825 E   0.90702 0.01613 0.07549 0.00135 ( 1)
 826 H   0.91342 0.00985 0.07590 0.00083 ( 1)
 827 F   0.91572 0.00765 0.07599 0.00064 ( 1)
 828 Q   0.88898 0.03400 0.07416 0.00285 ( 1)
 829 A   0.91616 0.00720 0.07604 0.00060 ( 1)
 830 S   0.91253 0.01072 0.07585 0.00090 ( 1)
 831 I   0.90866 0.01429 0.07585 0.00120 ( 1)
 832 Q   0.88898 0.03400 0.07416 0.00285 ( 1)
 833 D   0.85232 0.07096 0.07076 0.00596 ( 1)
 834 Y   0.90937 0.01382 0.07565 0.00116 ( 1)
 835 T   0.90302 0.02011 0.07518 0.00169 ( 1)
 836 R   0.90222 0.02088 0.07515 0.00175 ( 1)
 837 R   0.81126 0.11193 0.06741 0.00940 ( 1)
 838 W   0.01650 0.90606 0.00137 0.07607 ( 2)
 839 G   0.05022 0.87237 0.00417 0.07324 ( 2)
 840 S   0.79425 0.12891 0.06602 0.01082 ( 1)
 841 T   0.91079 0.01252 0.07564 0.00105 ( 1)


lnL = -10656.939126

Bayes Empirical Bayes (BEB) probabilities for 4 classes (class)
(amino acids refer to 1st sequence: 1.Tarsier)

   1 M   0.86662 0.00653 0.12588 0.00097 ( 1)
   2 F   0.68199 0.18943 0.10017 0.02841 ( 1)
   3 H   0.59583 0.27691 0.08615 0.04112 ( 1)
   4 H   0.00286 0.86891 0.00041 0.12782 ( 2)
   5 V   0.00011 0.87026 0.00002 0.12961 ( 2)
   6 A   0.65410 0.21717 0.09615 0.03258 ( 1)
   7 H   0.02950 0.84229 0.00422 0.12398 ( 2)
   8 L   0.83707 0.03445 0.12330 0.00518 ( 1)
   9 V   0.56267 0.31022 0.08113 0.04598 ( 1)
  10 G   0.81595 0.05687 0.11870 0.00848 ( 1)
  11 L   0.83233 0.03919 0.12259 0.00589 ( 1)
  12 Q   0.83502 0.03674 0.12273 0.00551 ( 1)
  13 L   0.82782 0.04347 0.12217 0.00654 ( 1)
  14 S   0.14880 0.72340 0.02128 0.10652 ( 2)
