Supplemental results for CODEML (seqf: Human_TAS1R3_orthologues_DNA_aligned.txt  treef: TAS1R3_revised_tree_following_error_message.txt)


MLEs of dN/dS (w) for site classes (K=4)

site class             0        1       2a       2b
proportion       0.79625  0.15515  0.04068  0.00793
background w     0.10115  1.00000  0.10115  1.00000
foreground w     0.10115  1.00000  1.00000  1.00000

Naive Empirical Bayes (NEB) probabilities for 4 classes
(amino acids refer to 1st sequence: 1.Bushbaby)

   1 -   0.80719 0.14420 0.04124 0.00737 ( 1)
   2 -   0.80441 0.14699 0.04110 0.00751 ( 1)
   3 -   0.80744 0.14395 0.04125 0.00735 ( 1)
   4 -   0.80679 0.14460 0.04122 0.00739 ( 1)
   5 -   0.80461 0.14679 0.04111 0.00750 ( 1)
   6 -   0.79765 0.15374 0.04075 0.00785 ( 1)
   7 -   0.80764 0.14376 0.04126 0.00734 ( 1)
   8 -   0.80634 0.14506 0.04119 0.00741 ( 1)
   9 -   0.80077 0.15063 0.04091 0.00770 ( 1)
  10 -   0.33924 0.61215 0.01733 0.03127 ( 2)
  11 -   0.80580 0.14560 0.04117 0.00744 ( 1)
  12 -   0.80298 0.14841 0.04102 0.00758 ( 1)
  13 -   0.80298 0.14841 0.04102 0.00758 ( 1)
  14 -   0.79828 0.15312 0.04078 0.00782 ( 1)
  15 -   0.80633 0.14506 0.04119 0.00741 ( 1)
  16 -   0.80764 0.14376 0.04126 0.00734 ( 1)
  17 -   0.79787 0.15352 0.04076 0.00784 ( 1)
  18 -   0.80764 0.14376 0.04126 0.00734 ( 1)
  19 M   0.95317 0.00017 0.04666 0.00001 ( 1)
  20 P   0.85325 0.09921 0.04247 0.00507 ( 1)
  21 G   0.09558 0.85598 0.00471 0.04373 ( 2)
  22 P   0.25174 0.69974 0.01277 0.03575 ( 2)
  23 A   0.61707 0.33455 0.03130 0.01709 ( 1)
  24 V   0.95302 0.00033 0.04663 0.00002 ( 1)
  25 L   0.94897 0.00362 0.04723 0.00018 ( 1)
  26 G   0.95272 0.00045 0.04681 0.00002 ( 1)
  27 F   0.64147 0.04189 0.31450 0.00214 ( 1)
  28 S   0.95282 0.00032 0.04685 0.00002 ( 1)
  29 L   0.95294 0.00037 0.04667 0.00002 ( 1)
  30 A   0.66573 0.28648 0.03316 0.01464 ( 1)
  31 T   0.18454 0.76692 0.00936 0.03918 ( 2)
  32 L   0.65108 0.30163 0.03188 0.01541 ( 1)
  33 L   0.94734 0.00524 0.04715 0.00027 ( 1)
  34 G   0.07465 0.87689 0.00366 0.04480 ( 2)
  35 F   0.00198 0.94942 0.00010 0.04850 ( 2)
  36 G   0.84422 0.10856 0.04168 0.00555 ( 1)
  37 T   0.30828 0.64319 0.01568 0.03286 ( 2)
  38 G   0.95213 0.00082 0.04700 0.00004 ( 1)
  39 A   0.92725 0.02611 0.04530 0.00133 ( 1)
  40 P   0.91633 0.03530 0.04657 0.00180 ( 1)
  41 L   0.89307 0.05907 0.04484 0.00302 ( 1)
  42 C   0.95271 0.00037 0.04690 0.00002 ( 1)
  43 L   0.94926 0.00332 0.04725 0.00017 ( 1)
  44 S   0.88423 0.06734 0.04498 0.00344 ( 1)
  45 Q   0.59646 0.35577 0.02959 0.01818 ( 1)
  46 Q   0.93809 0.01361 0.04760 0.00070 ( 1)
  47 L   0.94385 0.00786 0.04789 0.00040 ( 1)
  48 R   0.82907 0.12358 0.04104 0.00631 ( 1)
  49 M   0.95317 0.00017 0.04666 0.00001 ( 1)
  50 P   0.02528 0.92612 0.00128 0.04731 ( 2)
  51 G   0.95213 0.00082 0.04700 0.00004 ( 1)
  52 N   0.95046 0.00284 0.04656 0.00014 ( 1)
  53 Y   0.95130 0.00167 0.04694 0.00009 ( 1)
  54 V   0.09341 0.85815 0.00459 0.04384 ( 2)
  55 L   0.94835 0.00424 0.04720 0.00022 ( 1)
  56 G   0.95074 0.00221 0.04693 0.00011 ( 1)
  57 G   0.95213 0.00082 0.04700 0.00004 ( 1)
  58 L   0.94991 0.00165 0.04836 0.00008 ( 1)
  59 F   0.95331 0.00012 0.04656 0.00001 ( 1)
  60 P   0.95317 0.00022 0.04660 0.00001 ( 1)
  61 L   0.93207 0.01949 0.04745 0.00100 ( 1)
  62 G   0.92336 0.02832 0.04688 0.00145 ( 1)
  63 A   0.66319 0.28936 0.03266 0.01478 ( 1)
  64 A   0.95314 0.00029 0.04656 0.00001 ( 1)
  65 E   0.88391 0.06903 0.04354 0.00353 ( 1)
  66 E   0.94713 0.00592 0.04665 0.00030 ( 1)
  67 A   0.88872 0.06298 0.04507 0.00322 ( 1)
  68 G   0.86434 0.08866 0.04247 0.00453 ( 1)
  69 L   0.91567 0.03757 0.04484 0.00192 ( 1)
  70 R   0.81610 0.13681 0.04010 0.00699 ( 1)
  71 T   0.88108 0.07193 0.04332 0.00367 ( 1)
  72 R   0.95149 0.00137 0.04707 0.00007 ( 1)
  73 T   0.63585 0.31569 0.03233 0.01613 ( 1)
  74 Q   0.81666 0.13599 0.04040 0.00695 ( 1)
  75 P   0.95318 0.00021 0.04660 0.00001 ( 1)
  76 S   0.89507 0.05797 0.04401 0.00296 ( 1)
  77 S   0.94996 0.00317 0.04671 0.00016 ( 1)
  78 P   0.91458 0.03873 0.04471 0.00198 ( 1)
  79 V   0.94650 0.00662 0.04655 0.00034 ( 1)
  80 C   0.95271 0.00037 0.04690 0.00002 ( 1)
  81 N   0.91089 0.04221 0.04474 0.00216 ( 1)
  82 -   0.79625 0.15515 0.04068 0.00793 ( 1)
  83 -   0.79625 0.15515 0.04068 0.00793 ( 1)
  84 -   0.79625 0.15515 0.04068 0.00793 ( 1)
  85 -   0.79625 0.15515 0.04068 0.00793 ( 1)
  86 -   0.79625 0.15515 0.04068 0.00793 ( 1)
  87 -   0.79625 0.15515 0.04068 0.00793 ( 1)
  88 -   0.79625 0.15515 0.04068 0.00793 ( 1)
  89 -   0.79625 0.15515 0.04068 0.00793 ( 1)
  90 -   0.79625 0.15515 0.04068 0.00793 ( 1)
  91 -   0.79625 0.15515 0.04068 0.00793 ( 1)
  92 R   0.95190 0.00094 0.04712 0.00005 ( 1)
  93 F   0.95323 0.00020 0.04655 0.00001 ( 1)
  94 S   0.95018 0.00295 0.04672 0.00015 ( 1)
  95 P   0.48341 0.46873 0.02391 0.02395 ( 1)
  96 L   0.17284 0.77861 0.00877 0.03978 ( 2)
  97 G   0.95270 0.00046 0.04681 0.00002 ( 1)
  98 L   0.94926 0.00332 0.04725 0.00017 ( 1)
  99 L   0.95216 0.00043 0.04739 0.00002 ( 1)
 100 W   0.95015 0.00240 0.04732 0.00012 ( 1)
 101 A   0.94473 0.00690 0.04801 0.00035 ( 1)
 102 L   0.94926 0.00332 0.04725 0.00017 ( 1)
 103 A   0.89202 0.06127 0.04358 0.00313 ( 1)
 104 M   0.95006 0.00327 0.04650 0.00017 ( 1)
 105 K   0.93944 0.01339 0.04649 0.00068 ( 1)
 106 M   0.95317 0.00017 0.04666 0.00001 ( 1)
 107 A   0.95288 0.00054 0.04655 0.00003 ( 1)
 108 V   0.95241 0.00072 0.04684 0.00004 ( 1)
 109 E   0.95253 0.00052 0.04692 0.00003 ( 1)
 110 E   0.95248 0.00058 0.04691 0.00003 ( 1)
 111 I   0.95335 0.00012 0.04652 0.00001 ( 1)
 112 N   0.95272 0.00037 0.04690 0.00002 ( 1)
 113 N   0.95252 0.00057 0.04689 0.00003 ( 1)
 114 G   0.03866 0.91279 0.00191 0.04663 ( 2)
 115 S   0.93776 0.01446 0.04704 0.00074 ( 1)
 116 T   0.56132 0.39120 0.02750 0.01999 ( 1)
 117 L   0.94926 0.00332 0.04725 0.00017 ( 1)
 118 L   0.94926 0.00332 0.04725 0.00017 ( 1)
 119 P   0.95254 0.00061 0.04681 0.00003 ( 1)
 120 G   0.95219 0.00076 0.04701 0.00004 ( 1)
 121 L   0.94926 0.00332 0.04725 0.00017 ( 1)
 122 Q   0.47299 0.47926 0.02326 0.02448 ( 2)
 123 L   0.94396 0.00759 0.04805 0.00039 ( 1)
 124 G   0.95272 0.00045 0.04681 0.00002 ( 1)
 125 Y   0.94489 0.00836 0.04632 0.00043 ( 1)
 126 D   0.95265 0.00065 0.04667 0.00003 ( 1)
 127 L   0.95294 0.00037 0.04667 0.00002 ( 1)
 128 F   0.94795 0.00547 0.04630 0.00028 ( 1)
 129 D   0.94995 0.00187 0.04809 0.00010 ( 1)
 130 T   0.95242 0.00055 0.04700 0.00003 ( 1)
 131 C   0.95271 0.00037 0.04690 0.00002 ( 1)
 132 S   0.94987 0.00300 0.04698 0.00015 ( 1)
 133 E   0.95253 0.00052 0.04692 0.00003 ( 1)
 134 P   0.61573 0.33588 0.03123 0.01716 ( 1)
 135 V   0.89199 0.06102 0.04387 0.00312 ( 1)
 136 V   0.95259 0.00054 0.04685 0.00003 ( 1)
 137 A   0.95084 0.00258 0.04645 0.00013 ( 1)
 138 M   0.95317 0.00017 0.04666 0.00001 ( 1)
 139 K   0.95192 0.00092 0.04710 0.00005 ( 1)
 140 P   0.95318 0.00021 0.04660 0.00001 ( 1)
 141 S   0.95073 0.00101 0.04820 0.00005 ( 1)
 142 L   0.95258 0.00073 0.04665 0.00004 ( 1)
 143 M   0.95164 0.00169 0.04658 0.00009 ( 1)
 144 F   0.95323 0.00020 0.04655 0.00001 ( 1)
 145 L   0.94926 0.00332 0.04725 0.00017 ( 1)
 146 A   0.95322 0.00020 0.04657 0.00001 ( 1)
 147 K   0.86571 0.08700 0.04284 0.00444 ( 1)
 148 A   0.00099 0.95040 0.00005 0.04855 ( 2)
 149 G   0.58721 0.36536 0.02877 0.01867 ( 1)
 150 S   0.95282 0.00032 0.04685 0.00002 ( 1)
 151 C   0.12846 0.82317 0.00632 0.04205 ( 2)
 152 S   0.24723 0.70466 0.01211 0.03600 ( 2)
 153 I   0.94811 0.00370 0.04800 0.00019 ( 1)
 154 A   0.95291 0.00051 0.04655 0.00003 ( 1)
 155 A   0.95324 0.00019 0.04657 0.00001 ( 1)
 156 Y   0.95238 0.00060 0.04699 0.00003 ( 1)
 157 C   0.95251 0.00057 0.04689 0.00003 ( 1)
 158 D   0.94898 0.00410 0.04671 0.00021 ( 1)
 159 Y   0.95214 0.00083 0.04698 0.00004 ( 1)
 160 A   0.93890 0.01405 0.04633 0.00072 ( 1)
 161 R   0.73751 0.21492 0.03659 0.01098 ( 1)
 162 Y   0.95243 0.00055 0.04700 0.00003 ( 1)
 163 Q   0.93122 0.02148 0.04620 0.00110 ( 1)
 164 P   0.95223 0.00116 0.04655 0.00006 ( 1)
 165 R   0.94583 0.00728 0.04651 0.00037 ( 1)
 166 V   0.95253 0.00060 0.04684 0.00003 ( 1)
 167 L   0.94872 0.00386 0.04722 0.00020 ( 1)
 168 A   0.94508 0.00833 0.04617 0.00043 ( 1)
 169 V   0.95302 0.00033 0.04663 0.00002 ( 1)
 170 I   0.95335 0.00012 0.04652 0.00001 ( 1)
 171 G   0.95205 0.00090 0.04700 0.00005 ( 1)
 172 P   0.95318 0.00021 0.04660 0.00001 ( 1)
 173 H   0.95300 0.00027 0.04672 0.00001 ( 1)
 174 S   0.95165 0.00122 0.04707 0.00006 ( 1)
 175 S   0.93912 0.01246 0.04778 0.00064 ( 1)
 176 E   0.95253 0.00052 0.04692 0.00003 ( 1)
 177 L   0.95281 0.00050 0.04666 0.00003 ( 1)
 178 A   0.95324 0.00019 0.04657 0.00001 ( 1)
 179 L   0.72978 0.22294 0.03589 0.01139 ( 1)
 180 I   0.95052 0.00283 0.04651 0.00014 ( 1)
 181 T   0.95270 0.00048 0.04679 0.00002 ( 1)
 182 G   0.95250 0.00066 0.04680 0.00003 ( 1)
 183 K   0.95192 0.00092 0.04710 0.00005 ( 1)
 184 F   0.95331 0.00012 0.04656 0.00001 ( 1)
 185 F   0.95320 0.00024 0.04655 0.00001 ( 1)
 186 G   0.83500 0.11795 0.04103 0.00603 ( 1)
 187 F   0.95331 0.00012 0.04656 0.00001 ( 1)
 188 F   0.95331 0.00012 0.04656 0.00001 ( 1)
 189 L   0.95294 0.00037 0.04667 0.00002 ( 1)
 190 M   0.95159 0.00175 0.04658 0.00009 ( 1)
 191 P   0.95298 0.00040 0.04659 0.00002 ( 1)
 192 Q   0.95123 0.00150 0.04719 0.00008 ( 1)
 193 V   0.95302 0.00033 0.04663 0.00002 ( 1)
 194 S   0.95282 0.00032 0.04685 0.00002 ( 1)
 195 Y   0.93222 0.01943 0.04736 0.00099 ( 1)
 196 G   0.94743 0.00573 0.04655 0.00029 ( 1)
 197 A   0.94556 0.00617 0.04796 0.00032 ( 1)
 198 S   0.94984 0.00314 0.04686 0.00016 ( 1)
 199 M   0.95317 0.00017 0.04666 0.00001 ( 1)
 200 D   0.94730 0.00574 0.04666 0.00029 ( 1)
 201 G   0.67211 0.28013 0.03345 0.01431 ( 1)
 202 L   0.95115 0.00143 0.04734 0.00007 ( 1)
 203 S   0.95249 0.00065 0.04683 0.00003 ( 1)
 204 I   0.92294 0.03042 0.04509 0.00155 ( 1)
 205 R   0.95165 0.00121 0.04708 0.00006 ( 1)
 206 E   0.95253 0.00052 0.04692 0.00003 ( 1)
 207 T   0.95291 0.00027 0.04680 0.00001 ( 1)
 208 F   0.95331 0.00012 0.04656 0.00001 ( 1)
 209 P   0.95318 0.00021 0.04660 0.00001 ( 1)
 210 S   0.95282 0.00031 0.04685 0.00002 ( 1)
 211 F   0.95331 0.00012 0.04656 0.00001 ( 1)
 212 F   0.95331 0.00012 0.04656 0.00001 ( 1)
 213 R   0.95264 0.00049 0.04685 0.00003 ( 1)
 214 T   0.94327 0.00834 0.04796 0.00043 ( 1)
 215 V   0.95177 0.00061 0.04759 0.00003 ( 1)
 216 P   0.95318 0.00021 0.04660 0.00001 ( 1)
 217 S   0.95106 0.00207 0.04676 0.00011 ( 1)
 218 D   0.95306 0.00024 0.04669 0.00001 ( 1)
 219 R   0.94575 0.00592 0.04802 0.00030 ( 1)
 220 T   0.86890 0.08407 0.04273 0.00429 ( 1)
 221 Q   0.95123 0.00150 0.04719 0.00008 ( 1)
 222 L   0.94926 0.00332 0.04725 0.00017 ( 1)
 223 L   0.00047 0.95093 0.00002 0.04858 ( 2)
 224 A   0.95279 0.00063 0.04655 0.00003 ( 1)
 225 V   0.04528 0.90621 0.00221 0.04630 ( 2)
 226 M   0.51190 0.44046 0.02514 0.02250 ( 1)
 227 K   0.93811 0.01492 0.04621 0.00076 ( 1)
 228 L   0.94926 0.00332 0.04725 0.00017 ( 1)
 229 L   0.94835 0.00424 0.04720 0.00022 ( 1)
 230 Q   0.93010 0.02260 0.04614 0.00115 ( 1)
 231 E   0.46054 0.49166 0.02268 0.02512 ( 2)
 232 F   0.95061 0.00201 0.04728 0.00010 ( 1)
 233 S   0.90153 0.05154 0.04430 0.00263 ( 1)
 234 W   0.95015 0.00240 0.04732 0.00012 ( 1)
 235 N   0.95272 0.00037 0.04690 0.00002 ( 1)
 236 W   0.95015 0.00240 0.04732 0.00012 ( 1)
 237 V   0.95253 0.00060 0.04684 0.00003 ( 1)
 238 A   0.95314 0.00028 0.04656 0.00001 ( 1)
 239 A   0.95320 0.00023 0.04657 0.00001 ( 1)
 240 L   0.94919 0.00334 0.04730 0.00017 ( 1)
 241 G   0.95272 0.00045 0.04681 0.00002 ( 1)
 242 S   0.94672 0.00503 0.04800 0.00026 ( 1)
 243 D   0.95268 0.00062 0.04667 0.00003 ( 1)
 244 D   0.95261 0.00069 0.04666 0.00004 ( 1)
 245 E   0.95248 0.00058 0.04691 0.00003 ( 1)
 246 Y   0.92392 0.02900 0.04559 0.00148 ( 1)
 247 G   0.95272 0.00045 0.04681 0.00002 ( 1)
 248 R   0.95152 0.00161 0.04679 0.00008 ( 1)
 249 Q   0.95100 0.00173 0.04718 0.00009 ( 1)
 250 G   0.95272 0.00045 0.04681 0.00002 ( 1)
 251 L   0.94707 0.00552 0.04714 0.00028 ( 1)
 252 S   0.94963 0.00350 0.04669 0.00018 ( 1)
 253 I   0.67332 0.00082 0.32582 0.00004 ( 1)
 254 F   0.95331 0.00012 0.04656 0.00001 ( 1)
 255 S   0.95062 0.00225 0.04702 0.00011 ( 1)
 256 S   0.13108 0.82059 0.00640 0.04192 ( 2)
 257 M   0.92081 0.03174 0.04583 0.00162 ( 1)
 258 A   0.95301 0.00041 0.04656 0.00002 ( 1)
 259 S   0.47503 0.47726 0.02333 0.02438 ( 2)
 260 T   0.38080 0.57118 0.01884 0.02918 ( 2)
 261 Q   0.78119 0.17163 0.03841 0.00877 ( 1)
 262 G   0.89065 0.06240 0.04376 0.00319 ( 1)
 263 I   0.95335 0.00012 0.04652 0.00001 ( 1)
 264 C   0.95233 0.00076 0.04688 0.00004 ( 1)
 265 I   0.95326 0.00021 0.04652 0.00001 ( 1)
 266 A   0.93333 0.01830 0.04743 0.00094 ( 1)
 267 H   0.95287 0.00040 0.04671 0.00002 ( 1)
 268 E   0.95253 0.00052 0.04692 0.00003 ( 1)
 269 G   0.95272 0.00045 0.04681 0.00002 ( 1)
 270 L   0.94907 0.00351 0.04724 0.00018 ( 1)
 271 V   0.95253 0.00060 0.04684 0.00003 ( 1)
 272 P   0.95023 0.00141 0.04829 0.00007 ( 1)
 273 L   0.94870 0.00389 0.04722 0.00020 ( 1)
 274 S   0.91532 0.03798 0.04475 0.00194 ( 1)
 275 S   0.04392 0.90749 0.00223 0.04636 ( 2)
 276 A   0.95145 0.00197 0.04648 0.00010 ( 1)
 277 N   0.46699 0.48524 0.02299 0.02479 ( 2)
 278 D   0.00089 0.95051 0.00004 0.04856 ( 2)
 279 L   0.00008 0.95132 0.00000 0.04860 ( 2)
 280 V   0.00292 0.94848 0.00015 0.04846 ( 2)
 281 M   0.21244 0.73922 0.01057 0.03776 ( 2)
 282 R   0.94573 0.00721 0.04669 0.00037 ( 1)
 283 K   0.95200 0.00085 0.04711 0.00004 ( 1)
 284 V   0.95253 0.00060 0.04684 0.00003 ( 1)
 285 Q   0.95123 0.00150 0.04719 0.00008 ( 1)
 286 A   0.63156 0.32094 0.03111 0.01640 ( 1)
 287 L   0.14609 0.80557 0.00718 0.04115 ( 2)
 288 L   0.94926 0.00332 0.04725 0.00017 ( 1)
 289 H   0.94902 0.00424 0.04652 0.00022 ( 1)
 290 Q   0.95123 0.00150 0.04719 0.00008 ( 1)
 291 I   0.91294 0.04011 0.04490 0.00205 ( 1)
 292 N   0.95272 0.00037 0.04690 0.00002 ( 1)
 293 Q   0.95111 0.00162 0.04719 0.00008 ( 1)
 294 S   0.94968 0.00345 0.04669 0.00018 ( 1)
 295 N   0.91455 0.03852 0.04496 0.00197 ( 1)
 296 V   0.91370 0.03936 0.04493 0.00201 ( 1)
 297 Q   0.95123 0.00150 0.04719 0.00008 ( 1)
 298 V   0.95253 0.00060 0.04684 0.00003 ( 1)
 299 V   0.95253 0.00060 0.04684 0.00003 ( 1)
 300 V   0.93223 0.02034 0.04640 0.00104 ( 1)
 301 L   0.94833 0.00425 0.04720 0.00022 ( 1)
 302 F   0.95319 0.00025 0.04655 0.00001 ( 1)
 303 A   0.95316 0.00026 0.04656 0.00001 ( 1)
 304 S   0.95170 0.00070 0.04756 0.00004 ( 1)
 305 A   0.90588 0.04722 0.04449 0.00241 ( 1)
 306 H   0.43465 0.51754 0.02137 0.02644 ( 2)
 307 A   0.95238 0.00105 0.04653 0.00005 ( 1)
 308 A   0.95324 0.00019 0.04657 0.00001 ( 1)
 309 H   0.45220 0.49939 0.02290 0.02551 ( 2)
 310 L   0.00019 0.95121 0.00001 0.04860 ( 2)
 311 L   0.94908 0.00423 0.04648 0.00022 ( 1)
 312 F   0.95331 0.00012 0.04656 0.00001 ( 1)
 313 S   0.11448 0.83713 0.00563 0.04277 ( 2)
 314 Y   0.93369 0.01925 0.04607 0.00098 ( 1)
 315 S   0.94987 0.00327 0.04670 0.00017 ( 1)
 316 I   0.95335 0.00012 0.04652 0.00001 ( 1)
 317 R   0.88433 0.06868 0.04348 0.00351 ( 1)
 318 F   0.01154 0.93987 0.00057 0.04802 ( 2)
 319 N   0.40568 0.54633 0.02007 0.02791 ( 2)
 320 L   0.95294 0.00037 0.04667 0.00002 ( 1)
 321 S   0.60792 0.34442 0.03007 0.01760 ( 1)
 322 P   0.92925 0.02384 0.04570 0.00122 ( 1)
 323 K   0.95200 0.00085 0.04711 0.00004 ( 1)
 324 V   0.95253 0.00060 0.04684 0.00003 ( 1)
 325 W   0.95015 0.00240 0.04732 0.00012 ( 1)
 326 V   0.95239 0.00074 0.04684 0.00004 ( 1)
 327 A   0.95324 0.00019 0.04657 0.00001 ( 1)
 328 S   0.95260 0.00054 0.04684 0.00003 ( 1)
 329 E   0.95253 0.00052 0.04692 0.00003 ( 1)
 330 A   0.95324 0.00019 0.04657 0.00001 ( 1)
 331 W   0.95015 0.00240 0.04732 0.00012 ( 1)
 332 L   0.94897 0.00362 0.04723 0.00018 ( 1)
 333 T   0.95290 0.00028 0.04680 0.00001 ( 1)
 334 S   0.90163 0.05141 0.04433 0.00263 ( 1)
 335 D   0.91431 0.03891 0.04479 0.00199 ( 1)
 336 L   0.58990 0.36224 0.02936 0.01851 ( 1)
 337 V   0.94956 0.00379 0.04646 0.00019 ( 1)
 338 M   0.95317 0.00017 0.04666 0.00001 ( 1)
 339 E   0.86033 0.09247 0.04247 0.00472 ( 1)
 340 L   0.94924 0.00334 0.04724 0.00017 ( 1)
 341 P   0.95110 0.00228 0.04650 0.00012 ( 1)
 342 G   0.95272 0.00045 0.04681 0.00002 ( 1)
 343 M   0.95167 0.00167 0.04658 0.00009 ( 1)
 344 T   0.95150 0.00192 0.04648 0.00010 ( 1)
 345 Q   0.93925 0.01346 0.04660 0.00069 ( 1)
 346 M   0.89527 0.05775 0.04403 0.00295 ( 1)
 347 G   0.95256 0.00060 0.04681 0.00003 ( 1)
 348 T   0.95243 0.00054 0.04700 0.00003 ( 1)
 349 V   0.95253 0.00060 0.04684 0.00003 ( 1)
 350 L   0.93057 0.02114 0.04721 0.00108 ( 1)
 351 G   0.95272 0.00045 0.04681 0.00002 ( 1)
 352 F   0.95102 0.00079 0.04815 0.00004 ( 1)
 353 L   0.93866 0.01462 0.04597 0.00075 ( 1)
 354 H   0.93919 0.01352 0.04660 0.00069 ( 1)
 355 Q   0.80799 0.14463 0.03999 0.00739 ( 1)
 356 G   0.78543 0.16621 0.03987 0.00849 ( 1)
 357 D   0.03602 0.91545 0.00176 0.04677 ( 2)
 358 L   0.03500 0.91645 0.00174 0.04682 ( 2)
 359 L   0.94908 0.00350 0.04724 0.00018 ( 1)
 360 P   0.91396 0.03578 0.04842 0.00183 ( 1)
 361 N   0.00792 0.94349 0.00039 0.04820 ( 2)
 362 F   0.95331 0.00012 0.04656 0.00001 ( 1)
 363 S   0.59548 0.35700 0.02928 0.01824 ( 1)
 364 Q   0.33519 0.61667 0.01663 0.03150 ( 2)
 365 Y   0.95001 0.00165 0.04826 0.00008 ( 1)
 366 V   0.95253 0.00060 0.04684 0.00003 ( 1)
 367 K   0.94393 0.00891 0.04671 0.00045 ( 1)
 368 N   0.94616 0.00701 0.04647 0.00036 ( 1)
 369 R   0.58496 0.36751 0.02876 0.01877 ( 1)
 370 L   0.92098 0.03157 0.04584 0.00161 ( 1)
 371 H   0.13716 0.81453 0.00670 0.04161 ( 2)
 372 L   0.94926 0.00332 0.04725 0.00017 ( 1)
 373 A   0.95314 0.00028 0.04656 0.00001 ( 1)
 374 A   0.94871 0.00471 0.04635 0.00024 ( 1)
 375 N   0.92547 0.02777 0.04534 0.00142 ( 1)
 376 P   0.94191 0.00973 0.04787 0.00050 ( 1)
 377 A   0.30085 0.65086 0.01504 0.03325 ( 2)
 378 F   0.95331 0.00012 0.04656 0.00001 ( 1)
 379 C   0.95060 0.00248 0.04679 0.00013 ( 1)
 380 A   0.93227 0.02110 0.04554 0.00108 ( 1)
 381 S   0.09653 0.85508 0.00472 0.04368 ( 2)
 382 L   0.94926 0.00332 0.04725 0.00017 ( 1)
 383 K   0.13880 0.81285 0.00682 0.04153 ( 2)
 384 A   0.01005 0.94137 0.00049 0.04809 ( 2)
 385 E   0.44519 0.50687 0.02204 0.02589 ( 2)
 386 Q   0.94327 0.00977 0.04646 0.00050 ( 1)
 387 P   0.88893 0.06371 0.04410 0.00325 ( 1)
 388 G   0.91656 0.03512 0.04653 0.00179 ( 1)
 389 L   0.94870 0.00389 0.04722 0.00020 ( 1)
 390 E   0.95253 0.00052 0.04692 0.00003 ( 1)
 391 E   0.95249 0.00057 0.04691 0.00003 ( 1)
 392 H   0.94865 0.00464 0.04647 0.00024 ( 1)
 393 V   0.95253 0.00060 0.04684 0.00003 ( 1)
 394 V   0.95239 0.00074 0.04684 0.00004 ( 1)
 395 G   0.95261 0.00055 0.04681 0.00003 ( 1)
 396 P   0.86263 0.09009 0.04267 0.00460 ( 1)
 397 R   0.95264 0.00049 0.04685 0.00003 ( 1)
 398 C   0.95271 0.00037 0.04690 0.00002 ( 1)
 399 P   0.95161 0.00154 0.04677 0.00008 ( 1)
 400 Q   0.95123 0.00150 0.04719 0.00008 ( 1)
 401 C   0.91628 0.03543 0.04648 0.00181 ( 1)
 402 D   0.95306 0.00024 0.04669 0.00001 ( 1)
 403 H   0.00041 0.95099 0.00002 0.04858 ( 2)
 404 I   0.94052 0.01292 0.04590 0.00066 ( 1)
 405 T   0.93403 0.01891 0.04609 0.00097 ( 1)
 406 L   0.94907 0.00351 0.04724 0.00018 ( 1)
 407 Q   0.95023 0.00250 0.04714 0.00013 ( 1)
 408 N   0.95252 0.00057 0.04689 0.00003 ( 1)
 409 V   0.94471 0.00840 0.04646 0.00043 ( 1)
 410 S   0.38067 0.57086 0.01930 0.02916 ( 2)
 411 A   0.90300 0.05031 0.04411 0.00257 ( 1)
 412 G   0.51027 0.44196 0.02519 0.02258 ( 1)
 413 L   0.92747 0.02409 0.04722 0.00123 ( 1)
 414 L   0.00000 0.95139 0.00000 0.04860 ( 2)
 415 H   0.89340 0.05975 0.04380 0.00305 ( 1)
 416 H   0.95040 0.00287 0.04659 0.00015 ( 1)
 417 R   0.80246 0.15006 0.03981 0.00767 ( 1)
 418 P   0.48751 0.46470 0.02406 0.02374 ( 1)
 419 F   0.95323 0.00020 0.04655 0.00001 ( 1)
 420 A   0.27666 0.67482 0.01405 0.03447 ( 2)
 421 A   0.95044 0.00291 0.04650 0.00015 ( 1)
 422 Y   0.95214 0.00083 0.04698 0.00004 ( 1)
 423 A   0.71544 0.23614 0.03636 0.01206 ( 1)
 424 A   0.94294 0.00878 0.04782 0.00045 ( 1)
 425 V   0.95253 0.00060 0.04684 0.00003 ( 1)
 426 Y   0.94995 0.00170 0.04826 0.00009 ( 1)
 427 S   0.94777 0.00532 0.04664 0.00027 ( 1)
 428 V   0.95253 0.00060 0.04684 0.00003 ( 1)
 429 A   0.95319 0.00023 0.04657 0.00001 ( 1)
 430 Q   0.95103 0.00170 0.04718 0.00009 ( 1)
 431 A   0.95324 0.00019 0.04657 0.00001 ( 1)
 432 L   0.94858 0.00401 0.04721 0.00020 ( 1)
 433 H   0.95300 0.00027 0.04672 0.00001 ( 1)
 434 N   0.95269 0.00040 0.04689 0.00002 ( 1)
 435 T   0.92507 0.02663 0.04695 0.00136 ( 1)
 436 L   0.94834 0.00425 0.04720 0.00022 ( 1)
 437 Q   0.03170 0.90646 0.01552 0.04631 ( 2)
 438 C   0.95271 0.00037 0.04690 0.00002 ( 1)
 439 S   0.67726 0.27531 0.03337 0.01406 ( 1)
 440 S   0.91786 0.03549 0.04484 0.00181 ( 1)
 441 S   0.94646 0.00513 0.04815 0.00026 ( 1)
 442 G   0.95272 0.00045 0.04681 0.00002 ( 1)
 443 C   0.95271 0.00037 0.04690 0.00002 ( 1)
 444 P   0.95303 0.00036 0.04659 0.00002 ( 1)
 445 A   0.00129 0.95011 0.00006 0.04854 ( 2)
 446 R   0.10199 0.84955 0.00506 0.04340 ( 2)
 447 E   0.92034 0.03290 0.04508 0.00168 ( 1)
 448 P   0.95315 0.00024 0.04660 0.00001 ( 1)
 449 V   0.95253 0.00060 0.04684 0.00003 ( 1)
 450 R   0.35377 0.59817 0.01751 0.03056 ( 2)
 451 -   0.79625 0.15515 0.04068 0.00793 ( 1)
 452 -   0.79625 0.15515 0.04068 0.00793 ( 1)
 453 -   0.79625 0.15515 0.04068 0.00793 ( 1)
 454 -   0.79625 0.15515 0.04068 0.00793 ( 1)
 455 -   0.79625 0.15515 0.04068 0.00793 ( 1)
 456 -   0.79625 0.15515 0.04068 0.00793 ( 1)
 457 P   0.94909 0.00429 0.04640 0.00022 ( 1)
 458 W   0.95015 0.00240 0.04732 0.00012 ( 1)
 459 Q   0.79208 0.16042 0.03930 0.00820 ( 1)
 460 L   0.49887 0.45353 0.02443 0.02317 ( 1)
 461 L   0.92020 0.03235 0.04580 0.00165 ( 1)
 462 E   0.07342 0.87810 0.00362 0.04486 ( 2)
 463 N   0.94442 0.00865 0.04649 0.00044 ( 1)
 464 M   0.73439 0.21850 0.03595 0.01116 ( 1)
 465 Y   0.84562 0.10717 0.04173 0.00548 ( 1)
 466 N   0.94842 0.00465 0.04668 0.00024 ( 1)
 467 M   0.94657 0.00602 0.04711 0.00031 ( 1)
 468 S   0.94937 0.00381 0.04663 0.00019 ( 1)
 469 F   0.95331 0.00012 0.04656 0.00001 ( 1)
 470 -   0.79625 0.15515 0.04068 0.00793 ( 1)
 471 R   0.05788 0.89363 0.00284 0.04565 ( 2)
 472 A   0.00019 0.95121 0.00001 0.04859 ( 2)
 473 G   0.04933 0.90216 0.00242 0.04609 ( 2)
 474 G   0.94502 0.00792 0.04665 0.00040 ( 1)
 475 L   0.90840 0.04414 0.04521 0.00225 ( 1)
 476 E   0.00066 0.95074 0.00003 0.04857 ( 2)
 477 L   0.88129 0.07025 0.04486 0.00359 ( 1)
 478 R   0.92410 0.02898 0.04544 0.00148 ( 1)
 479 F   0.94609 0.00733 0.04621 0.00037 ( 1)
 480 D   0.91298 0.04003 0.04494 0.00205 ( 1)
 481 A   0.01662 0.93480 0.00082 0.04776 ( 2)
 482 G   0.48949 0.46278 0.02409 0.02364 ( 1)
 483 G   0.95163 0.00133 0.04698 0.00007 ( 1)
 484 N   0.95252 0.00057 0.04689 0.00003 ( 1)
 485 V   0.95247 0.00065 0.04684 0.00003 ( 1)
 486 N   0.95076 0.00253 0.04657 0.00013 ( 1)
 487 L   0.67831 0.27447 0.03320 0.01402 ( 1)
 488 K   0.94586 0.00718 0.04659 0.00037 ( 1)
 489 Y   0.06055 0.89094 0.00299 0.04552 ( 2)
 490 D   0.91470 0.03852 0.04481 0.00197 ( 1)
 491 L   0.92272 0.02983 0.04592 0.00152 ( 1)
 492 K   0.94311 0.00972 0.04667 0.00050 ( 1)
 493 L   0.66490 0.28733 0.03309 0.01468 ( 1)
 494 W   0.70358 0.24868 0.03504 0.01270 ( 1)
 495 V   0.94605 0.00706 0.04652 0.00036 ( 1)
 496 W   0.95015 0.00240 0.04732 0.00012 ( 1)
 497 R   0.00946 0.94195 0.00047 0.04812 ( 2)
 498 D   0.09882 0.85276 0.00486 0.04357 ( 2)
 499 P   0.00165 0.94974 0.00008 0.04852 ( 2)
 500 T   0.67774 0.27489 0.03333 0.01404 ( 1)
 501 P   0.95301 0.00038 0.04659 0.00002 ( 1)
 502 E   0.00312 0.94828 0.00015 0.04845 ( 2)
 503 L   0.95267 0.00064 0.04665 0.00003 ( 1)
 504 R   0.60904 0.34356 0.02986 0.01755 ( 1)
 505 T   0.00076 0.95064 0.00004 0.04857 ( 2)
 506 V   0.95253 0.00060 0.04684 0.00003 ( 1)
 507 G   0.95272 0.00045 0.04681 0.00002 ( 1)
 508 T   0.00422 0.94718 0.00021 0.04839 ( 2)
 509 F   0.95331 0.00012 0.04656 0.00001 ( 1)
 510 N   0.94623 0.00684 0.04658 0.00035 ( 1)
 511 G   0.85743 0.09556 0.04213 0.00488 ( 1)
 512 S   0.11834 0.83327 0.00582 0.04257 ( 2)
 513 L   0.94957 0.00374 0.04650 0.00019 ( 1)
 514 W   0.02505 0.92638 0.00125 0.04733 ( 2)
 515 -   0.79625 0.15515 0.04068 0.00793 ( 1)
 516 L   0.00970 0.94170 0.00049 0.04811 ( 2)
 517 Q   0.87324 0.07990 0.04278 0.00408 ( 1)
 518 R   0.88393 0.06909 0.04346 0.00353 ( 1)
 519 S   0.00088 0.95052 0.00004 0.04856 ( 2)
 520 K   0.94358 0.00925 0.04669 0.00047 ( 1)
 521 I   0.95219 0.00128 0.04647 0.00007 ( 1)
 522 C   0.00090 0.95050 0.00004 0.04856 ( 2)
 523 W   0.95015 0.00240 0.04732 0.00012 ( 1)
 524 H   0.95264 0.00062 0.04670 0.00003 ( 1)
 525 T   0.93397 0.01897 0.04609 0.00097 ( 1)
 526 H   0.02287 0.92857 0.00112 0.04744 ( 2)
 527 S   0.00592 0.94548 0.00029 0.04830 ( 2)
 528 N   0.95217 0.00092 0.04687 0.00005 ( 1)
 529 R   0.79885 0.15367 0.03963 0.00785 ( 1)
 530 V   0.00002 0.95137 0.00000 0.04860 ( 2)
 531 P   0.95173 0.00165 0.04653 0.00008 ( 1)
 532 V   0.89057 0.06244 0.04380 0.00319 ( 1)
 533 S   0.94875 0.00437 0.04665 0.00022 ( 1)
 534 Q   0.73487 0.21756 0.03646 0.01111 ( 1)
 535 C   0.95271 0.00037 0.04690 0.00002 ( 1)
 536 S   0.94328 0.00957 0.04665 0.00049 ( 1)
 537 Q   0.36073 0.59122 0.01785 0.03020 ( 2)
 538 Q   0.78661 0.16589 0.03903 0.00848 ( 1)
 539 C   0.95224 0.00085 0.04687 0.00004 ( 1)
 540 Q   0.37531 0.57661 0.01862 0.02946 ( 2)
 541 E   0.93636 0.01667 0.04612 0.00085 ( 1)
 542 G   0.95221 0.00095 0.04679 0.00005 ( 1)
 543 Q   0.94990 0.00283 0.04713 0.00014 ( 1)
 544 V   0.95191 0.00122 0.04681 0.00006 ( 1)
 545 R   0.95209 0.00104 0.04682 0.00005 ( 1)
 546 R   0.94444 0.00841 0.04672 0.00043 ( 1)
 547 V   0.95254 0.00081 0.04660 0.00004 ( 1)
 548 K   0.94443 0.00841 0.04673 0.00043 ( 1)
 549 G   0.95187 0.00109 0.04699 0.00006 ( 1)
 550 F   0.95215 0.00129 0.04650 0.00007 ( 1)
 551 H   0.90328 0.04989 0.04428 0.00255 ( 1)
 552 S   0.94934 0.00379 0.04668 0.00019 ( 1)
 553 C   0.88697 0.06600 0.04366 0.00337 ( 1)
 554 C   0.88697 0.06600 0.04366 0.00337 ( 1)
 555 Y   0.94563 0.00733 0.04666 0.00037 ( 1)
 556 D   0.95306 0.00024 0.04669 0.00001 ( 1)
 557 C   0.95012 0.00296 0.04677 0.00015 ( 1)
 558 V   0.95172 0.00140 0.04680 0.00007 ( 1)
 559 D   0.95306 0.00024 0.04669 0.00001 ( 1)
 560 C   0.95267 0.00041 0.04689 0.00002 ( 1)
 561 K   0.48229 0.46984 0.02387 0.02400 ( 1)
 562 P   0.85068 0.10163 0.04250 0.00519 ( 1)
 563 G   0.95272 0.00045 0.04681 0.00002 ( 1)
 564 S   0.95265 0.00049 0.04684 0.00003 ( 1)
 565 Y   0.95243 0.00055 0.04700 0.00003 ( 1)
 566 Q   0.71829 0.23421 0.03553 0.01197 ( 1)
 567 -   0.79625 0.15515 0.04068 0.00793 ( 1)
 568 H   0.00721 0.94420 0.00036 0.04824 ( 2)
 569 S   0.58972 0.36276 0.02899 0.01853 ( 1)
 570 P   0.10920 0.84223 0.00555 0.04303 ( 2)
 571 -   0.79625 0.15515 0.04068 0.00793 ( 1)
 572 -   0.79625 0.15515 0.04068 0.00793 ( 1)
 573 E   0.16563 0.78584 0.00839 0.04015 ( 2)
 574 D   0.94887 0.00443 0.04648 0.00023 ( 1)
 575 P   0.00017 0.95123 0.00001 0.04860 ( 2)
 576 T   0.00204 0.94936 0.00010 0.04850 ( 2)
 577 C   0.90300 0.04999 0.04445 0.00255 ( 1)
 578 T   0.68027 0.27241 0.03341 0.01392 ( 1)
 579 P   0.00000 0.95139 0.00000 0.04860 ( 2)
 580 C   0.76005 0.19270 0.03741 0.00984 ( 1)
 581 R   0.00000 0.95139 0.00000 0.04860 ( 2)
 582 K   0.00716 0.94424 0.00036 0.04824 ( 2)
 583 D   0.50816 0.44343 0.02576 0.02265 ( 1)
 584 Q   0.47307 0.47915 0.02330 0.02448 ( 2)
 585 W   0.89025 0.06224 0.04434 0.00318 ( 1)
 586 S   0.95279 0.00034 0.04685 0.00002 ( 1)
 587 P   0.95268 0.00048 0.04682 0.00002 ( 1)
 588 Q   0.52540 0.42691 0.02588 0.02181 ( 1)
 589 R   0.95157 0.00129 0.04707 0.00007 ( 1)
 590 S   0.95282 0.00032 0.04685 0.00002 ( 1)
 591 R   0.30838 0.64309 0.01568 0.03285 ( 2)
 592 K   0.50783 0.44449 0.02497 0.02271 ( 1)
 593 C   0.95271 0.00037 0.04690 0.00002 ( 1)
 594 F   0.95331 0.00012 0.04656 0.00001 ( 1)
 595 S   0.01249 0.93893 0.00061 0.04797 ( 2)
 596 R   0.95216 0.00097 0.04682 0.00005 ( 1)
 597 R   0.93841 0.01441 0.04645 0.00074 ( 1)
 598 H   0.00761 0.94379 0.00039 0.04822 ( 2)
 599 T   0.64879 0.30360 0.03210 0.01551 ( 1)
 600 F   0.95185 0.00158 0.04649 0.00008 ( 1)
 601 L   0.90636 0.04519 0.04614 0.00231 ( 1)
 602 A   0.16806 0.78366 0.00825 0.04004 ( 2)
 603 W   0.51072 0.44130 0.02544 0.02254 ( 1)
 604 G   0.94672 0.00644 0.04652 0.00033 ( 1)
 605 D   0.38496 0.56711 0.01896 0.02897 ( 2)
 606 P   0.88146 0.07157 0.04332 0.00366 ( 1)
 607 T   0.78100 0.17067 0.03961 0.00872 ( 1)
 608 V   0.94571 0.00741 0.04651 0.00038 ( 1)
 609 L   0.94848 0.00371 0.04762 0.00019 ( 1)
 610 V   0.00222 0.94918 0.00011 0.04849 ( 2)
 611 L   0.69418 0.25808 0.03455 0.01318 ( 1)
 612 L   0.90831 0.04491 0.04448 0.00229 ( 1)
 613 L   0.78744 0.16494 0.03919 0.00843 ( 1)
 614 L   0.87416 0.07833 0.04351 0.00400 ( 1)
 615 L   0.90455 0.04878 0.04418 0.00249 ( 1)
 616 G   0.32298 0.62902 0.01587 0.03213 ( 2)
 617 L   0.94709 0.00549 0.04714 0.00028 ( 1)
 618 V   0.92549 0.02765 0.04545 0.00141 ( 1)
 619 L   0.94926 0.00332 0.04725 0.00017 ( 1)
 620 A   0.94608 0.00707 0.04649 0.00036 ( 1)
 621 L   0.94182 0.01147 0.04612 0.00059 ( 1)
 622 V   0.95253 0.00060 0.04684 0.00003 ( 1)
 623 L   0.87416 0.07833 0.04351 0.00400 ( 1)
 624 A   0.92532 0.02805 0.04520 0.00143 ( 1)
 625 A   0.31302 0.63848 0.01588 0.03262 ( 2)
 626 L   0.90159 0.05056 0.04527 0.00258 ( 1)
 627 G   0.95195 0.00100 0.04699 0.00005 ( 1)
 628 L   0.62612 0.32606 0.03116 0.01666 ( 1)
 629 F   0.93176 0.02162 0.04551 0.00110 ( 1)
 630 V   0.00127 0.95013 0.00006 0.04854 ( 2)
 631 H   0.52922 0.42314 0.02602 0.02162 ( 1)
 632 H   0.94462 0.00719 0.04783 0.00037 ( 1)
 633 R   0.12085 0.83058 0.00614 0.04243 ( 2)
 634 N   0.64022 0.31245 0.03136 0.01596 ( 1)
 635 S   0.90315 0.04989 0.04440 0.00255 ( 1)
 636 P   0.92768 0.02395 0.04715 0.00122 ( 1)
 637 L   0.83394 0.11850 0.04151 0.00605 ( 1)
 638 V   0.46851 0.48304 0.02377 0.02468 ( 2)
 639 Q   0.77424 0.17825 0.03841 0.00911 ( 1)
 640 A   0.95324 0.00019 0.04657 0.00001 ( 1)
 641 S   0.90313 0.04966 0.04467 0.00254 ( 1)
 642 G   0.69967 0.25302 0.03438 0.01293 ( 1)
 643 G   0.82203 0.13071 0.04058 0.00668 ( 1)
 644 L   0.00575 0.94566 0.00028 0.04831 ( 2)
 645 L   0.87416 0.07833 0.04351 0.00400 ( 1)
 646 A   0.94462 0.00878 0.04615 0.00045 ( 1)
 647 C   0.88443 0.06854 0.04354 0.00350 ( 1)
 648 F   0.54076 0.41180 0.02641 0.02104 ( 1)
 649 G   0.50947 0.44287 0.02503 0.02263 ( 1)
 650 L   0.81750 0.13492 0.04069 0.00689 ( 1)
 651 A   0.53543 0.41694 0.02633 0.02130 ( 1)
 652 C   0.94287 0.01019 0.04641 0.00052 ( 1)
 653 L   0.88498 0.06715 0.04443 0.00343 ( 1)
 654 G   0.87702 0.07601 0.04309 0.00388 ( 1)
 655 L   0.92655 0.02600 0.04611 0.00133 ( 1)
 656 V   0.94856 0.00479 0.04641 0.00024 ( 1)
 657 C   0.95271 0.00037 0.04690 0.00002 ( 1)
 658 L   0.89509 0.05670 0.04532 0.00290 ( 1)
 659 S   0.84834 0.10398 0.04236 0.00531 ( 1)
 660 G   0.54741 0.40511 0.02678 0.02070 ( 1)
 661 L   0.90190 0.05131 0.04417 0.00262 ( 1)
 662 L   0.82979 0.12265 0.04130 0.00627 ( 1)
 663 F   0.93892 0.01449 0.04586 0.00074 ( 1)
 664 P   0.84480 0.10688 0.04285 0.00546 ( 1)
 665 G   0.95252 0.00064 0.04680 0.00003 ( 1)
 666 R   0.70401 0.24838 0.03493 0.01269 ( 1)
 667 P   0.95232 0.00106 0.04656 0.00005 ( 1)
 668 S   0.90545 0.04760 0.04452 0.00243 ( 1)
 669 P   0.94681 0.00491 0.04803 0.00025 ( 1)
 670 A   0.89301 0.06029 0.04363 0.00308 ( 1)
 671 S   0.44401 0.50820 0.02183 0.02596 ( 2)
 672 C   0.95257 0.00052 0.04689 0.00003 ( 1)
 673 L   0.63824 0.31395 0.03177 0.01604 ( 1)
 674 A   0.95169 0.00173 0.04649 0.00009 ( 1)
 675 Q   0.93144 0.02126 0.04621 0.00109 ( 1)
 676 Q   0.93524 0.01747 0.04640 0.00089 ( 1)
 677 P   0.94562 0.00776 0.04623 0.00040 ( 1)
 678 L   0.30423 0.64764 0.01505 0.03309 ( 2)
 679 C   0.81777 0.13512 0.04021 0.00690 ( 1)
 680 H   0.63441 0.31823 0.03110 0.01626 ( 1)
 681 L   0.95252 0.00079 0.04665 0.00004 ( 1)
 682 P   0.94221 0.01093 0.04631 0.00056 ( 1)
 683 L   0.95241 0.00090 0.04664 0.00005 ( 1)
 684 T   0.95080 0.00238 0.04670 0.00012 ( 1)
 685 G   0.95221 0.00095 0.04679 0.00005 ( 1)
 686 C   0.95224 0.00085 0.04687 0.00004 ( 1)
 687 L   0.94709 0.00549 0.04714 0.00028 ( 1)
 688 S   0.95240 0.00073 0.04683 0.00004 ( 1)
 689 T   0.88007 0.07153 0.04475 0.00365 ( 1)
 690 L   0.93898 0.01443 0.04586 0.00074 ( 1)
 691 F   0.91737 0.03602 0.04477 0.00184 ( 1)
 692 L   0.94709 0.00549 0.04714 0.00028 ( 1)
 693 Q   0.94992 0.00281 0.04713 0.00014 ( 1)
 694 A   0.94844 0.00320 0.04820 0.00016 ( 1)
 695 A   0.95290 0.00053 0.04655 0.00003 ( 1)
 696 E   0.94050 0.01254 0.04632 0.00064 ( 1)
 697 T   0.78619 0.16692 0.03837 0.00853 ( 1)
 698 F   0.95293 0.00050 0.04654 0.00003 ( 1)
 699 V   0.61652 0.08002 0.29937 0.00409 ( 1)
 700 E   0.95183 0.00123 0.04688 0.00006 ( 1)
 701 S   0.93470 0.01689 0.04755 0.00086 ( 1)
 702 E   0.94796 0.00379 0.04806 0.00019 ( 1)
 703 L   0.94461 0.00796 0.04701 0.00041 ( 1)
 704 P   0.94313 0.00860 0.04784 0.00044 ( 1)
 705 P   0.00888 0.94252 0.00044 0.04815 ( 2)
 706 S   0.90810 0.04496 0.04465 0.00230 ( 1)
 707 W   0.92484 0.02769 0.04606 0.00141 ( 1)
 708 A   0.28855 0.66292 0.01466 0.03387 ( 2)
 709 D   0.92493 0.02831 0.04531 0.00145 ( 1)
 710 R   0.90519 0.04760 0.04478 0.00243 ( 1)
 711 L   0.92055 0.03200 0.04582 0.00163 ( 1)
 712 H   0.10664 0.84479 0.00541 0.04316 ( 2)
 713 S   0.94887 0.00428 0.04663 0.00022 ( 1)
 714 R   0.90058 0.05241 0.04433 0.00268 ( 1)
 715 L   0.94926 0.00332 0.04725 0.00017 ( 1)
 716 R   0.93007 0.02276 0.04601 0.00116 ( 1)
 717 G   0.95187 0.00109 0.04699 0.00006 ( 1)
 718 P   0.95121 0.00217 0.04650 0.00011 ( 1)
 719 C   0.73772 0.21457 0.03674 0.01096 ( 1)
 720 A   0.95324 0.00019 0.04657 0.00001 ( 1)
 721 W   0.95015 0.00240 0.04732 0.00012 ( 1)
 722 M   0.91650 0.03605 0.04561 0.00184 ( 1)
 723 V   0.57246 0.37998 0.02815 0.01941 ( 1)
 724 V   0.95253 0.00060 0.04684 0.00003 ( 1)
 725 V   0.91925 0.03330 0.04575 0.00170 ( 1)
 726 L   0.94833 0.00425 0.04720 0.00022 ( 1)
 727 A   0.95139 0.00203 0.04648 0.00010 ( 1)
 728 L   0.22517 0.72669 0.01102 0.03712 ( 2)
 729 L   0.94926 0.00332 0.04725 0.00017 ( 1)
 730 V   0.95236 0.00077 0.04683 0.00004 ( 1)
 731 E   0.95253 0.00052 0.04692 0.00003 ( 1)
 732 A   0.94698 0.00643 0.04626 0.00033 ( 1)
 733 A   0.94034 0.01130 0.04778 0.00058 ( 1)
 734 L   0.94926 0.00332 0.04725 0.00017 ( 1)
 735 C   0.95201 0.00108 0.04686 0.00005 ( 1)
 736 A   0.56320 0.38939 0.02751 0.01989 ( 1)
 737 W   0.95015 0.00240 0.04732 0.00012 ( 1)
 738 Y   0.95243 0.00055 0.04700 0.00003 ( 1)
 739 L   0.94926 0.00332 0.04725 0.00017 ( 1)
 740 I   0.00530 0.94610 0.00026 0.04833 ( 2)
 741 A   0.95314 0.00028 0.04656 0.00001 ( 1)
 742 F   0.95330 0.00014 0.04656 0.00001 ( 1)
 743 R   0.94078 0.01235 0.04624 0.00063 ( 1)
 744 P   0.94001 0.01163 0.04777 0.00059 ( 1)
 745 E   0.95253 0.00052 0.04692 0.00003 ( 1)
 746 V   0.95230 0.00083 0.04683 0.00004 ( 1)
 747 V   0.95253 0.00060 0.04684 0.00003 ( 1)
 748 M   0.48366 0.46857 0.02383 0.02394 ( 1)
 749 D   0.95306 0.00024 0.04669 0.00001 ( 1)
 750 W   0.95015 0.00240 0.04732 0.00012 ( 1)
 751 H   0.52089 0.43145 0.02561 0.02204 ( 1)
 752 V   0.88047 0.07272 0.04310 0.00372 ( 1)
 753 L   0.94883 0.00353 0.04745 0.00018 ( 1)
 754 P   0.95318 0.00021 0.04660 0.00001 ( 1)
 755 T   0.90928 0.04232 0.04624 0.00216 ( 1)
 756 K   0.94755 0.00550 0.04667 0.00028 ( 1)
 757 A   0.94682 0.00636 0.04650 0.00032 ( 1)
 758 L   0.94907 0.00351 0.04724 0.00018 ( 1)
 759 V   0.66439 0.01237 0.32261 0.00063 ( 1)
 760 H   0.95300 0.00027 0.04672 0.00001 ( 1)
 761 C   0.95226 0.00082 0.04687 0.00004 ( 1)
 762 R   0.94803 0.00509 0.04662 0.00026 ( 1)
 763 V   0.00042 0.95098 0.00002 0.04858 ( 2)
 764 H   0.94334 0.00977 0.04639 0.00050 ( 1)
 765 S   0.95282 0.00031 0.04685 0.00002 ( 1)
 766 W   0.95015 0.00240 0.04732 0.00012 ( 1)
 767 A   0.94890 0.00444 0.04643 0.00023 ( 1)
 768 G   0.92085 0.03222 0.04527 0.00165 ( 1)
 769 L   0.93939 0.01241 0.04756 0.00063 ( 1)
 770 G   0.95272 0.00045 0.04681 0.00002 ( 1)
 771 L   0.94981 0.00350 0.04651 0.00018 ( 1)
 772 V   0.94431 0.00880 0.04644 0.00045 ( 1)
 773 H   0.95266 0.00061 0.04670 0.00003 ( 1)
 774 T   0.93345 0.01993 0.04560 0.00102 ( 1)
 775 L   0.67938 0.27329 0.03337 0.01396 ( 1)
 776 N   0.94864 0.00444 0.04670 0.00023 ( 1)
 777 A   0.95319 0.00024 0.04656 0.00001 ( 1)
 778 I   0.04571 0.90576 0.00226 0.04627 ( 2)
 779 L   0.94926 0.00332 0.04725 0.00017 ( 1)
 780 A   0.95259 0.00083 0.04654 0.00004 ( 1)
 781 S   0.95084 0.00259 0.04644 0.00013 ( 1)
 782 L   0.95044 0.00127 0.04822 0.00007 ( 1)
 783 C   0.94892 0.00416 0.04671 0.00021 ( 1)
 784 F   0.95328 0.00015 0.04656 0.00001 ( 1)
 785 L   0.94785 0.00434 0.04759 0.00022 ( 1)
 786 G   0.95252 0.00064 0.04680 0.00003 ( 1)
 787 T   0.95285 0.00033 0.04680 0.00002 ( 1)
 788 F   0.95331 0.00012 0.04656 0.00001 ( 1)
 789 L   0.94926 0.00332 0.04725 0.00017 ( 1)
 790 V   0.95230 0.00083 0.04683 0.00004 ( 1)
 791 R   0.73585 0.21657 0.03651 0.01106 ( 1)
 792 S   0.95282 0.00032 0.04685 0.00002 ( 1)
 793 Q   0.18685 0.76483 0.00924 0.03907 ( 2)
 794 P   0.95174 0.00141 0.04677 0.00007 ( 1)
 795 G   0.87329 0.07973 0.04291 0.00407 ( 1)
 796 R   0.94819 0.00493 0.04663 0.00025 ( 1)
 797 Y   0.95243 0.00055 0.04700 0.00003 ( 1)
 798 S   0.94894 0.00414 0.04671 0.00021 ( 1)
 799 R   0.75287 0.19875 0.03823 0.01015 ( 1)
 800 A   0.95324 0.00019 0.04657 0.00001 ( 1)
 801 R   0.92925 0.02242 0.04718 0.00115 ( 1)
 802 G   0.95272 0.00045 0.04681 0.00002 ( 1)
 803 L   0.94798 0.00532 0.04642 0.00027 ( 1)
 804 T   0.95291 0.00027 0.04680 0.00001 ( 1)
 805 F   0.93509 0.01671 0.04734 0.00085 ( 1)
 806 A   0.95323 0.00019 0.04657 0.00001 ( 1)
 807 T   0.56362 0.38892 0.02759 0.01987 ( 1)
 808 L   0.94926 0.00332 0.04725 0.00017 ( 1)
 809 A   0.95314 0.00028 0.04656 0.00001 ( 1)
 810 Y   0.95181 0.00116 0.04697 0.00006 ( 1)
 811 L   0.95082 0.00261 0.04644 0.00013 ( 1)
 812 I   0.95335 0.00012 0.04652 0.00001 ( 1)
 813 T   0.95022 0.00296 0.04667 0.00015 ( 1)
 814 W   0.95015 0.00240 0.04732 0.00012 ( 1)
 815 V   0.95302 0.00033 0.04663 0.00002 ( 1)
 816 S   0.95282 0.00031 0.04685 0.00002 ( 1)
 817 F   0.95322 0.00022 0.04655 0.00001 ( 1)
 818 V   0.95253 0.00060 0.04684 0.00003 ( 1)
 819 P   0.95294 0.00045 0.04659 0.00002 ( 1)
 820 L   0.95294 0.00037 0.04667 0.00002 ( 1)
 821 L   0.94926 0.00332 0.04725 0.00017 ( 1)
 822 A   0.95324 0.00019 0.04657 0.00001 ( 1)
 823 N   0.94568 0.00605 0.04796 0.00031 ( 1)
 824 V   0.93281 0.01882 0.04741 0.00096 ( 1)
 825 Q   0.93798 0.01473 0.04654 0.00075 ( 1)
 826 V   0.95253 0.00060 0.04684 0.00003 ( 1)
 827 A   0.94926 0.00409 0.04644 0.00021 ( 1)
 828 H   0.49974 0.45266 0.02447 0.02313 ( 1)
 829 Q   0.92771 0.02509 0.04592 0.00128 ( 1)
 830 P   0.95177 0.00079 0.04740 0.00004 ( 1)
 831 A   0.95317 0.00025 0.04656 0.00001 ( 1)
 832 V   0.89277 0.06025 0.04390 0.00308 ( 1)
 833 Q   0.95123 0.00150 0.04719 0.00008 ( 1)
 834 M   0.95317 0.00017 0.04666 0.00001 ( 1)
 835 G   0.94894 0.00274 0.04817 0.00014 ( 1)
 836 A   0.95322 0.00020 0.04657 0.00001 ( 1)
 837 V   0.89371 0.05949 0.04377 0.00304 ( 1)
 838 L   0.95053 0.00205 0.04731 0.00010 ( 1)
 839 F   0.94584 0.00746 0.04632 0.00038 ( 1)
 840 C   0.91477 0.03825 0.04503 0.00195 ( 1)
 841 A   0.90541 0.04785 0.04430 0.00244 ( 1)
 842 L   0.94926 0.00332 0.04725 0.00017 ( 1)
 843 G   0.95272 0.00045 0.04681 0.00002 ( 1)
 844 I   0.95306 0.00041 0.04651 0.00002 ( 1)
 845 L   0.94926 0.00332 0.04725 0.00017 ( 1)
 846 V   0.93290 0.01883 0.04732 0.00096 ( 1)
 847 A   0.95324 0.00019 0.04657 0.00001 ( 1)
 848 F   0.92977 0.02361 0.04541 0.00121 ( 1)
 849 H   0.95300 0.00027 0.04672 0.00001 ( 1)
 850 L   0.94894 0.00364 0.04723 0.00019 ( 1)
 851 P   0.95312 0.00027 0.04660 0.00001 ( 1)
 852 K   0.93723 0.01558 0.04639 0.00080 ( 1)
 853 C   0.94479 0.00693 0.04792 0.00035 ( 1)
 854 Y   0.95243 0.00055 0.04700 0.00003 ( 1)
 855 L   0.94897 0.00362 0.04723 0.00018 ( 1)
 856 L   0.95219 0.00113 0.04663 0.00006 ( 1)
 857 V   0.03844 0.91302 0.00189 0.04664 ( 2)
 858 R   0.26599 0.68582 0.01316 0.03504 ( 2)
