Supplemental results for CODEML (seqf: Human_TAS1R1_breaks2_2nd_attempt.txt  treef: TAS1R1_revised_tree_following_error_message.txt)


MLEs of dN/dS (w) for site classes (K=4)

site class             0        1       2a       2b
proportion       0.64227  0.20278  0.11777  0.03718
background w     0.10127  1.00000  0.10127  1.00000
foreground w     0.10127  1.00000  1.00000  1.00000

Naive Empirical Bayes (NEB) probabilities for 4 classes
(amino acids refer to 1st sequence: 1.Tarsier)

   1 M   0.84373 0.00689 0.14811 0.00126 ( 1)
   2 F   0.56675 0.28017 0.10170 0.05137 ( 1)
   3 H   0.39782 0.44978 0.06993 0.08247 ( 2)
   4 H   0.00033 0.84472 0.00006 0.15489 ( 2)
   5 V   0.00001 0.84504 0.00000 0.15495 ( 2)
   6 A   0.52980 0.31684 0.09526 0.05810 ( 1)
   7 H   0.00533 0.83975 0.00094 0.15398 ( 2)
   8 L   0.80790 0.03982 0.14498 0.00730 ( 1)
   9 V   0.36005 0.48748 0.06309 0.08939 ( 2)
  10 G   0.76270 0.08697 0.13439 0.01595 ( 1)
  11 L   0.80209 0.04561 0.14393 0.00836 ( 1)
  12 Q   0.80544 0.04266 0.14407 0.00782 ( 1)
  13 L   0.79649 0.05083 0.14336 0.00932 ( 1)
  14 S   0.04388 0.80145 0.00771 0.14696 ( 2)
  15 I   0.50116 0.34563 0.08983 0.06338 ( 1)
  16 S   0.34795 0.04065 0.60395 0.00745 ( 3)
  17 C   0.74114 0.10807 0.13098 0.01982 ( 1)
  18 C   0.83747 0.01228 0.14800 0.00225 ( 1)
  19 W   0.57423 0.27275 0.10301 0.05001 ( 1)
  20 A   0.83438 0.01631 0.14632 0.00299 ( 1)
  21 F   0.67172 0.17556 0.12053 0.03219 ( 1)
  22 S   0.39524 0.45248 0.06931 0.08297 ( 2)
  23 C   0.83773 0.01202 0.14805 0.00220 ( 1)
  24 H   0.83304 0.01449 0.14981 0.00266 ( 1)
  25 N   0.06787 0.77759 0.01195 0.14258 ( 2)
  26 T   0.01288 0.83223 0.00229 0.15260 ( 2)
  27 E   0.70419 0.14452 0.12479 0.02650 ( 1)
  28 F   0.03034 0.81479 0.00547 0.14940 ( 2)
  29 S   0.78952 0.05760 0.14231 0.01056 ( 1)
  30 P   0.80959 0.03770 0.14579 0.00691 ( 1)
  31 D   0.34978 0.02933 0.61551 0.00538 ( 3)
  32 F   0.84462 0.00622 0.14802 0.00114 ( 1)
  33 S   0.76524 0.08472 0.13450 0.01554 ( 1)
  34 L   0.84112 0.00932 0.14785 0.00171 ( 1)
  35 P   0.66589 0.18209 0.11863 0.03339 ( 1)
  36 G   0.82163 0.02442 0.14947 0.00448 ( 1)
  37 N   0.58488 0.26206 0.10501 0.04805 ( 1)
  38 Y   0.83686 0.01277 0.14803 0.00234 ( 1)
  39 L   0.84093 0.00951 0.14781 0.00174 ( 1)
  40 L   0.80617 0.04155 0.14466 0.00762 ( 1)
  41 A   0.34662 0.49893 0.06296 0.09149 ( 2)
  42 G   0.83960 0.01054 0.14793 0.00193 ( 1)
  43 F   0.15948 0.68610 0.02862 0.12581 ( 2)
  44 F   0.84457 0.00628 0.14801 0.00115 ( 1)
  45 P   0.50600 0.34045 0.09112 0.06243 ( 1)
  46 L   0.84198 0.00847 0.14800 0.00155 ( 1)
  47 H   0.80469 0.04275 0.14471 0.00784 ( 1)
  48 G   0.10778 0.73755 0.01943 0.13524 ( 2)
  49 D   0.23692 0.60956 0.04175 0.11177 ( 2)
  50 C   0.09156 0.62921 0.16386 0.11537 ( 2)
  51 L   0.56123 0.28568 0.10071 0.05238 ( 1)
  52 Q   0.81673 0.03142 0.14609 0.00576 ( 1)
  53 V   0.83592 0.01360 0.14800 0.00249 ( 1)
  54 R   0.81011 0.03875 0.14404 0.00710 ( 1)
  55 H   0.38570 0.46171 0.06793 0.08466 ( 2)
  56 R   0.75109 0.09519 0.13627 0.01745 ( 1)
  57 P   0.83518 0.01509 0.14696 0.00277 ( 1)
  58 E   0.83369 0.01570 0.14774 0.00288 ( 1)
  59 V   0.83516 0.01435 0.14786 0.00263 ( 1)
  60 T   0.69949 0.15005 0.12295 0.02751 ( 1)
  61 L   0.81466 0.03309 0.14619 0.00607 ( 1)
  62 C   0.78294 0.06418 0.14112 0.01177 ( 1)
  63 D   0.84115 0.00946 0.14766 0.00173 ( 1)
  64 R   0.82112 0.02778 0.14600 0.00509 ( 1)
  65 T   0.00034 0.84471 0.00006 0.15489 ( 2)
  66 C   0.03308 0.81205 0.00597 0.14890 ( 2)
  67 G   0.05429 0.79109 0.00956 0.14506 ( 2)
  68 F   0.84254 0.00829 0.14765 0.00152 ( 1)
  69 N   0.80993 0.03759 0.14560 0.00689 ( 1)
  70 G   0.23640 0.60988 0.04189 0.11183 ( 2)
  71 H   0.82998 0.01754 0.14926 0.00322 ( 1)
  72 G   0.71664 0.13275 0.12627 0.02434 ( 1)
  73 Y   0.33296 0.51391 0.05889 0.09423 ( 2)
  74 H   0.30641 0.54052 0.05397 0.09911 ( 2)
  75 L   0.75514 0.09475 0.13273 0.01737 ( 1)
  76 F   0.78824 0.06222 0.13814 0.01141 ( 1)
  77 Q   0.17657 0.66914 0.03158 0.12270 ( 2)
  78 A   0.27670 0.56918 0.04975 0.10437 ( 2)
  79 M   0.34039 0.50690 0.05975 0.09295 ( 2)
  80 R   0.62726 0.22033 0.11201 0.04040 ( 1)
  81 L   0.57461 0.27207 0.10343 0.04989 ( 1)
  82 S   0.00042 0.84463 0.00007 0.15487 ( 2)
  83 I   0.15039 0.69512 0.02703 0.12746 ( 2)
  84 E   0.15507 0.69079 0.02748 0.12667 ( 2)
  85 A   0.65033 0.19810 0.11525 0.03632 ( 1)
  86 I   0.80528 0.04248 0.14445 0.00779 ( 1)
  87 N   0.83961 0.01074 0.14768 0.00197 ( 1)
  88 N   0.83961 0.01074 0.14768 0.00197 ( 1)
  89 S   0.83709 0.01293 0.14761 0.00237 ( 1)
  90 T   0.82519 0.02397 0.14645 0.00439 ( 1)
  91 V   0.39957 0.44818 0.07007 0.08218 ( 2)
  92 L   0.79990 0.04779 0.14354 0.00876 ( 1)
  93 L   0.79968 0.04801 0.14350 0.00880 ( 1)
  94 P   0.84079 0.00952 0.14795 0.00175 ( 1)
  95 N   0.66699 0.18227 0.11732 0.03342 ( 1)
  96 V   0.08567 0.75957 0.01548 0.13928 ( 2)
  97 T   0.77407 0.07595 0.13605 0.01393 ( 1)
  98 L   0.44998 0.39655 0.08075 0.07271 ( 1)
  99 G   0.83073 0.01822 0.14771 0.00334 ( 1)
 100 Y   0.15667 0.68923 0.02771 0.12638 ( 2)
 101 E   0.00292 0.84214 0.00052 0.15442 ( 2)
 102 L   0.80621 0.04150 0.14467 0.00761 ( 1)
 103 Y   0.06938 0.77584 0.01252 0.14226 ( 2)
 104 D   0.81283 0.03485 0.14593 0.00639 ( 1)
 105 V   0.83136 0.01813 0.14719 0.00332 ( 1)
 106 C   0.83237 0.01733 0.14713 0.00318 ( 1)
 107 S   0.80359 0.04357 0.14485 0.00799 ( 1)
 108 E   0.72514 0.12470 0.12729 0.02287 ( 1)
 109 S   0.78680 0.06032 0.14182 0.01106 ( 1)
 110 A   0.84185 0.00889 0.14763 0.00163 ( 1)
 111 N   0.80548 0.04202 0.14480 0.00770 ( 1)
 112 V   0.83136 0.01813 0.14719 0.00332 ( 1)
 113 Y   0.78449 0.06246 0.14160 0.01145 ( 1)
 114 A   0.84081 0.00993 0.14744 0.00182 ( 1)
 115 T   0.82536 0.02381 0.14647 0.00437 ( 1)
 116 L   0.79990 0.04779 0.14354 0.00876 ( 1)
 117 S   0.07341 0.77175 0.01332 0.14151 ( 2)
 118 V   0.69855 0.15023 0.12367 0.02755 ( 1)
 119 L   0.83965 0.01078 0.14759 0.00198 ( 1)
 120 S   0.83633 0.01369 0.14747 0.00251 ( 1)
 121 L   0.11624 0.72919 0.02086 0.13371 ( 2)
 122 P   0.35599 0.48953 0.06471 0.08976 ( 2)
 123 G   0.82851 0.02043 0.14731 0.00375 ( 1)
 124 T   0.06322 0.78190 0.01150 0.14337 ( 2)
 125 R   0.00001 0.84504 0.00000 0.15495 ( 2)
 126 H   0.83821 0.01197 0.14763 0.00219 ( 1)
 127 I   0.80279 0.04497 0.14400 0.00825 ( 1)
 128 D   0.25913 0.58726 0.04592 0.10768 ( 2)
 129 I   0.76262 0.08732 0.13405 0.01601 ( 1)
 130 Q   0.77402 0.07223 0.14050 0.01324 ( 1)
 131 G   0.37701 0.46850 0.06859 0.08591 ( 2)
 132 D   0.72461 0.12523 0.12720 0.02296 ( 1)
 133 F   0.10281 0.74253 0.01850 0.13615 ( 2)
 134 L   0.83965 0.01078 0.14759 0.00198 ( 1)
 135 H   0.00425 0.84083 0.00075 0.15418 ( 2)
 136 Y   0.78363 0.06331 0.14144 0.01161 ( 1)
 137 S   0.03004 0.81519 0.00530 0.14948 ( 2)
 138 P   0.82408 0.02325 0.14840 0.00426 ( 1)
 139 K   0.66908 0.17916 0.11891 0.03285 ( 1)
 140 I   0.59829 0.24995 0.10592 0.04583 ( 1)
 141 V   0.62331 0.22381 0.11185 0.04104 ( 1)
 142 A   0.81856 0.02767 0.14869 0.00507 ( 1)
 143 V   0.83151 0.01798 0.14722 0.00330 ( 1)
 144 I   0.44966 0.39695 0.08060 0.07279 ( 1)
 145 G   0.68888 0.15941 0.12249 0.02923 ( 1)
 146 P   0.54027 0.30628 0.09729 0.05616 ( 1)
 147 D   0.38060 0.46696 0.06681 0.08562 ( 2)
 148 S   0.00025 0.84480 0.00004 0.15491 ( 2)
 149 T   0.76340 0.08655 0.13418 0.01587 ( 1)
 150 D   0.07659 0.76894 0.01347 0.14100 ( 2)
 151 H   0.00011 0.84494 0.00002 0.15493 ( 2)
 152 A   0.53232 0.31433 0.09572 0.05764 ( 1)
 153 A   0.63358 0.21576 0.11110 0.03956 ( 1)
 154 T   0.54017 0.30834 0.09494 0.05654 ( 1)
 155 T   0.06842 0.77672 0.01243 0.14242 ( 2)
 156 A   0.82465 0.02597 0.14461 0.00476 ( 1)
 157 A   0.75170 0.09843 0.13182 0.01805 ( 1)
 158 L   0.79631 0.05126 0.14303 0.00940 ( 1)
 159 L   0.80364 0.04407 0.14421 0.00808 ( 1)
 160 S   0.74565 0.10399 0.13130 0.01907 ( 1)
 161 P   0.78683 0.06040 0.14169 0.01108 ( 1)
 162 F   0.32974 0.51757 0.05779 0.09490 ( 2)
 163 L   0.79769 0.05000 0.14314 0.00917 ( 1)
 164 V   0.29836 0.54828 0.05282 0.10053 ( 2)
 165 P   0.84052 0.00979 0.14790 0.00179 ( 1)
 166 L   0.13836 0.70750 0.02442 0.12973 ( 2)
 167 I   0.84519 0.00599 0.14772 0.00110 ( 1)
 168 S   0.84145 0.00878 0.14816 0.00161 ( 1)
 169 Y   0.81015 0.03687 0.14623 0.00676 ( 1)
 170 E   0.00299 0.84206 0.00054 0.15440 ( 2)
 171 A   0.84420 0.00656 0.14804 0.00120 ( 1)
 172 S   0.84145 0.00878 0.14816 0.00161 ( 1)
 173 S   0.84084 0.00938 0.14806 0.00172 ( 1)
 174 T   0.00029 0.84476 0.00005 0.15490 ( 2)
 175 T   0.02009 0.82506 0.00356 0.15129 ( 2)
 176 L   0.83788 0.01255 0.14728 0.00230 ( 1)
 177 S   0.38716 0.46027 0.06817 0.08440 ( 2)
 178 V   0.00044 0.84461 0.00008 0.15487 ( 2)
 179 K   0.83174 0.01738 0.14769 0.00319 ( 1)
 180 R   0.18969 0.65613 0.03387 0.12031 ( 2)
 181 Q   0.56576 0.28144 0.10120 0.05161 ( 1)
 182 Y   0.79043 0.05654 0.14267 0.01037 ( 1)
 183 P   0.84177 0.00854 0.14812 0.00157 ( 1)
 184 S   0.79688 0.05027 0.14364 0.00922 ( 1)
 185 F   0.83827 0.01252 0.14691 0.00230 ( 1)
 186 L   0.80621 0.04150 0.14467 0.00761 ( 1)
 187 R   0.83627 0.01216 0.14934 0.00223 ( 1)
 188 T   0.84277 0.00769 0.14813 0.00141 ( 1)
 189 I   0.80316 0.04772 0.14037 0.00875 ( 1)
 190 P   0.84177 0.00854 0.14812 0.00157 ( 1)
 191 S   0.26404 0.58268 0.04644 0.10684 ( 2)
 192 D   0.84320 0.00742 0.14802 0.00136 ( 1)
 193 R   0.27286 0.57353 0.04845 0.10516 ( 2)
 194 H   0.05543 0.78992 0.00980 0.14484 ( 2)
 195 Q   0.81673 0.03142 0.14609 0.00576 ( 1)
 196 V   0.83516 0.01435 0.14786 0.00263 ( 1)
 197 E   0.83448 0.01491 0.14788 0.00273 ( 1)
 198 V   0.44700 0.40092 0.07857 0.07351 ( 1)
 199 M   0.78116 0.06904 0.13713 0.01266 ( 1)
 200 V   0.83516 0.01435 0.14786 0.00263 ( 1)
 201 L   0.55405 0.29283 0.09942 0.05369 ( 1)
 202 L   0.80621 0.04150 0.14467 0.00761 ( 1)
 203 L   0.80604 0.04168 0.14464 0.00764 ( 1)
 204 Q   0.01440 0.83070 0.00258 0.15232 ( 2)
 205 R   0.23544 0.61075 0.04181 0.11199 ( 2)
 206 F   0.84475 0.00609 0.14804 0.00112 ( 1)
 207 R   0.00034 0.84425 0.00060 0.15481 ( 2)
 208 W   0.80835 0.03941 0.14501 0.00723 ( 1)
 209 V   0.37605 0.47141 0.06610 0.08644 ( 2)
 210 W   0.80835 0.03941 0.14501 0.00723 ( 1)
 211 I   0.84620 0.00499 0.14789 0.00092 ( 1)
 212 S   0.79738 0.04976 0.14373 0.00912 ( 1)
 213 L   0.80621 0.04150 0.14467 0.00761 ( 1)
 214 V   0.22292 0.62281 0.04007 0.11420 ( 2)
 215 G   0.84062 0.00952 0.14811 0.00175 ( 1)
 216 S   0.84093 0.00930 0.14807 0.00170 ( 1)
 217 Y   0.00105 0.84400 0.00019 0.15476 ( 2)
 218 G   0.67291 0.17657 0.11814 0.03238 ( 1)
 219 D   0.84358 0.00704 0.14808 0.00129 ( 1)
 220 Y   0.81015 0.03687 0.14623 0.00676 ( 1)
 221 G   0.83095 0.01800 0.14775 0.00330 ( 1)
 222 Q   0.64001 0.20747 0.11448 0.03804 ( 1)
 223 Q   0.09538 0.74975 0.01739 0.13748 ( 2)
 224 G   0.66709 0.18109 0.11861 0.03321 ( 1)
 225 V   0.83301 0.01648 0.14748 0.00302 ( 1)
 226 Q   0.61325 0.23413 0.10969 0.04293 ( 1)
 227 A   0.54345 0.30238 0.09872 0.05545 ( 1)
 228 L   0.80786 0.03986 0.14497 0.00731 ( 1)
 229 E   0.30640 0.54024 0.05430 0.09906 ( 2)
 230 N   0.00721 0.83788 0.00127 0.15364 ( 2)
 231 Q   0.61201 0.23536 0.10947 0.04316 ( 1)
 232 A   0.84420 0.00656 0.14804 0.00120 ( 1)
 233 T   0.82842 0.01899 0.14911 0.00348 ( 1)
 234 D   0.00117 0.84388 0.00021 0.15474 ( 2)
 235 Q   0.59446 0.25284 0.10633 0.04636 ( 1)
 236 G   0.29247 0.55396 0.05200 0.10158 ( 2)
 237 I   0.80233 0.04855 0.14023 0.00890 ( 1)
 238 C   0.83800 0.01175 0.14810 0.00215 ( 1)
 239 I   0.81075 0.03712 0.14533 0.00681 ( 1)
 240 A   0.80257 0.04489 0.14431 0.00823 ( 1)
 241 F   0.84475 0.00609 0.14804 0.00112 ( 1)
 242 K   0.83174 0.01738 0.14769 0.00319 ( 1)
 243 D   0.78065 0.06956 0.13704 0.01275 ( 1)
 244 I   0.35317 0.49444 0.06173 0.09066 ( 2)
 245 V   0.71794 0.13183 0.12605 0.02417 ( 1)
 246 P   0.83966 0.01063 0.14775 0.00195 ( 1)
 247 L   0.78348 0.06694 0.13730 0.01227 ( 1)
 248 S   0.50331 0.34306 0.09072 0.06290 ( 1)
 249 A   0.84420 0.00656 0.14804 0.00120 ( 1)
 250 R   0.00017 0.84488 0.00003 0.15492 ( 2)
 251 V   0.83057 0.01891 0.14705 0.00347 ( 1)
 252 G   0.82164 0.02839 0.14477 0.00520 ( 1)
 253 D   0.80926 0.03840 0.14529 0.00704 ( 1)
 254 E   0.30081 0.54581 0.05331 0.10008 ( 2)
 255 R   0.65931 0.18883 0.11723 0.03463 ( 1)
 256 M   0.84373 0.00689 0.14811 0.00126 ( 1)
 257 Q   0.61390 0.23348 0.10981 0.04281 ( 1)
 258 G   0.00361 0.84145 0.00064 0.15429 ( 2)
 259 M   0.06312 0.78233 0.01110 0.14345 ( 2)
 260 M   0.84373 0.00689 0.14811 0.00126 ( 1)
 261 N   0.00051 0.84454 0.00009 0.15486 ( 2)
 262 R   0.06828 0.77718 0.01203 0.14251 ( 2)
 263 L   0.80621 0.04150 0.14467 0.00761 ( 1)
 264 A   0.78936 0.06102 0.13842 0.01119 ( 1)
 265 R   0.01910 0.82602 0.00342 0.15146 ( 2)
 266 A   0.84289 0.00786 0.14781 0.00144 ( 1)
 267 G   0.00363 0.84143 0.00065 0.15429 ( 2)
 268 T   0.77666 0.07364 0.13620 0.01350 ( 1)
 269 T   0.70740 0.14219 0.12434 0.02607 ( 1)
 270 V   0.84222 0.00861 0.14758 0.00158 ( 1)
 271 V   0.83516 0.01435 0.14786 0.00263 ( 1)
 272 V   0.26921 0.57767 0.04721 0.10592 ( 2)
 273 V   0.80362 0.04388 0.14445 0.00805 ( 1)
 274 F   0.83278 0.01503 0.14943 0.00276 ( 1)
 275 S   0.84013 0.00991 0.14814 0.00182 ( 1)
 276 S   0.00466 0.84042 0.00082 0.15410 ( 2)
 277 R   0.09357 0.75186 0.01671 0.13786 ( 2)
 278 R   0.00022 0.84482 0.00004 0.15491 ( 2)
 279 L   0.07224 0.77304 0.01297 0.14175 ( 2)
 280 A   0.84420 0.00656 0.14804 0.00120 ( 1)
 281 R   0.68936 0.15893 0.12257 0.02914 ( 1)
 282 V   0.83516 0.01435 0.14786 0.00263 ( 1)
 283 F   0.83750 0.01034 0.15027 0.00190 ( 1)
 284 F   0.84196 0.00887 0.14755 0.00163 ( 1)
 285 E   0.83448 0.01491 0.14788 0.00273 ( 1)
 286 S   0.83571 0.01431 0.14736 0.00262 ( 1)
 287 V   0.83516 0.01435 0.14786 0.00263 ( 1)
 288 V   0.83516 0.01435 0.14786 0.00263 ( 1)
 289 L   0.80558 0.04213 0.14456 0.00773 ( 1)
 290 A   0.78789 0.06149 0.13934 0.01128 ( 1)
 291 N   0.77594 0.07401 0.13648 0.01357 ( 1)
 292 L   0.56154 0.28536 0.10077 0.05233 ( 1)
 293 T   0.79695 0.05037 0.14345 0.00924 ( 1)
 294 G   0.84062 0.00952 0.14811 0.00175 ( 1)
 295 K   0.83174 0.01738 0.14769 0.00319 ( 1)
 296 V   0.83516 0.01435 0.14786 0.00263 ( 1)
 297 W   0.80835 0.03941 0.14501 0.00723 ( 1)
 298 I   0.39139 0.45635 0.06858 0.08368 ( 2)
 299 A   0.84420 0.00656 0.14804 0.00120 ( 1)
 300 S   0.73854 0.10733 0.13445 0.01968 ( 1)
 301 E   0.77732 0.06929 0.14069 0.01271 ( 1)
 302 D   0.41774 0.43013 0.07326 0.07887 ( 2)
 303 W   0.80835 0.03941 0.14501 0.00723 ( 1)
 304 A   0.77923 0.07108 0.13665 0.01303 ( 1)
 305 I   0.78140 0.06866 0.13735 0.01259 ( 1)
 306 S   0.84013 0.00991 0.14814 0.00182 ( 1)
 307 R   0.03729 0.80794 0.00663 0.14815 ( 2)
 308 H   0.75737 0.09231 0.13339 0.01693 ( 1)
 309 I   0.84620 0.00499 0.14789 0.00092 ( 1)
 310 T   0.54174 0.30485 0.09751 0.05590 ( 1)
 311 G   0.23483 0.61132 0.04175 0.11209 ( 2)
 312 V   0.83278 0.01672 0.14744 0.00307 ( 1)
 313 P   0.83239 0.01728 0.14717 0.00317 ( 1)
 314 G   0.82934 0.01960 0.14746 0.00359 ( 1)
 315 I   0.84620 0.00499 0.14789 0.00092 ( 1)
 316 Q   0.16109 0.68457 0.02881 0.12553 ( 2)
 317 G   0.35468 0.49235 0.06268 0.09028 ( 2)
 318 I   0.82198 0.02592 0.14734 0.00475 ( 1)
 319 G   0.82881 0.02013 0.14737 0.00369 ( 1)
 320 T   0.00022 0.84483 0.00004 0.15491 ( 2)
 321 V   0.83571 0.01380 0.14796 0.00253 ( 1)
 322 L   0.80621 0.04150 0.14467 0.00761 ( 1)
 323 G   0.81451 0.03547 0.14351 0.00650 ( 1)
 324 V   0.83485 0.01466 0.14781 0.00269 ( 1)
 325 A   0.84420 0.00656 0.14804 0.00120 ( 1)
 326 I   0.84620 0.00499 0.14789 0.00092 ( 1)
 327 Q   0.81673 0.03142 0.14609 0.00576 ( 1)
 328 L   0.02215 0.82301 0.00393 0.15091 ( 2)
 329 R   0.25619 0.59007 0.04555 0.10820 ( 2)
 330 L   0.00009 0.84496 0.00002 0.15494 ( 2)
 331 V   0.78597 0.06448 0.13773 0.01182 ( 1)
 332 P   0.80353 0.04375 0.14470 0.00802 ( 1)
 333 G   0.76382 0.08585 0.13458 0.01574 ( 1)
 334 L   0.80594 0.04177 0.14462 0.00766 ( 1)
 335 K   0.70333 0.14516 0.12489 0.02662 ( 1)
 336 E   0.68108 0.16754 0.12065 0.03072 ( 1)
 337 F   0.56892 0.27802 0.10208 0.05098 ( 1)
 338 E   0.76761 0.07898 0.13893 0.01448 ( 1)
 339 E   0.81357 0.03311 0.14725 0.00607 ( 1)
 340 A   0.84420 0.00656 0.14804 0.00120 ( 1)
 341 Y   0.78282 0.06412 0.14130 0.01176 ( 1)
 342 A   0.78976 0.06063 0.13849 0.01112 ( 1)
 343 Q   0.00068 0.84437 0.00012 0.15483 ( 2)
 344 A   0.44000 0.40569 0.07993 0.07439 ( 1)
 345 D   0.84358 0.00704 0.14808 0.00129 ( 1)
 346 K   0.83174 0.01738 0.14769 0.00319 ( 1)
 347 G   0.00313 0.84193 0.00056 0.15438 ( 2)
 348 A   0.78072 0.06960 0.13691 0.01276 ( 1)
 349 P   0.03094 0.81420 0.00557 0.14929 ( 2)
 350 L   0.11607 0.72952 0.02064 0.13377 ( 2)
 351 P   0.39188 0.45425 0.07057 0.08329 ( 2)
 352 C   0.83640 0.01334 0.14781 0.00245 ( 1)
 353 P   0.00662 0.83846 0.00117 0.15374 ( 2)
 354 T   0.02485 0.82032 0.00441 0.15042 ( 2)
 355 G   0.76316 0.08651 0.13447 0.01586 ( 1)
 356 A   0.74818 0.10132 0.13193 0.01858 ( 1)
 357 W   0.59021 0.25682 0.10588 0.04709 ( 1)
 358 C   0.83800 0.01175 0.14810 0.00215 ( 1)
 359 S   0.84145 0.00878 0.14816 0.00161 ( 1)
 360 S   0.84145 0.00878 0.14816 0.00161 ( 1)
 361 N   0.80103 0.04646 0.14400 0.00852 ( 1)
 362 Q   0.81673 0.03142 0.14609 0.00576 ( 1)
 363 L   0.39344 0.45414 0.06916 0.08327 ( 2)
 364 C   0.83640 0.01334 0.14781 0.00245 ( 1)
 365 R   0.76083 0.08546 0.13804 0.01567 ( 1)
 366 E   0.07067 0.77452 0.01279 0.14202 ( 2)
 367 C   0.83629 0.01345 0.14779 0.00247 ( 1)
 368 C   0.00017 0.84488 0.00003 0.15492 ( 2)
 369 A   0.56436 0.28239 0.10148 0.05178 ( 1)
 370 F   0.84475 0.00609 0.14804 0.00112 ( 1)
 371 T   0.00003 0.84502 0.00001 0.15495 ( 2)
 372 A   0.05457 0.79056 0.00991 0.14496 ( 2)
 373 H   0.84086 0.00933 0.14810 0.00171 ( 1)
 374 T   0.00002 0.84500 0.00003 0.15494 ( 2)
 375 T   0.78139 0.06882 0.13717 0.01262 ( 1)
 376 P   0.84132 0.00899 0.14804 0.00165 ( 1)
 377 T   0.01998 0.82517 0.00355 0.15131 ( 2)
 378 L   0.83526 0.01514 0.14682 0.00278 ( 1)
 379 G   0.00006 0.84499 0.00001 0.15494 ( 2)
 380 P   0.42758 0.42036 0.07498 0.07708 ( 1)
 381 F   0.78920 0.06126 0.13830 0.01123 ( 1)
 382 S   0.84013 0.00991 0.14814 0.00182 ( 1)
 383 M   0.84373 0.00689 0.14811 0.00126 ( 1)
 384 S   0.79966 0.04774 0.14384 0.00875 ( 1)
 385 S   0.50134 0.34502 0.09037 0.06327 ( 1)
 386 A   0.84420 0.00656 0.14804 0.00120 ( 1)
 387 Y   0.83686 0.01277 0.14803 0.00234 ( 1)
 388 N   0.84207 0.00830 0.14811 0.00152 ( 1)
 389 V   0.19236 0.65370 0.03408 0.11987 ( 2)
 390 Y   0.83141 0.01820 0.14706 0.00334 ( 1)
 391 Q   0.01531 0.82980 0.00274 0.15215 ( 2)
 392 A   0.79165 0.05578 0.14235 0.01023 ( 1)
 393 V   0.83516 0.01435 0.14786 0.00263 ( 1)
 394 Y   0.81104 0.03597 0.14639 0.00660 ( 1)
 395 T   0.01404 0.83102 0.00255 0.15238 ( 2)
 396 V   0.83516 0.01435 0.14786 0.00263 ( 1)
 397 A   0.84396 0.00680 0.14800 0.00125 ( 1)
 398 H   0.80157 0.04586 0.14415 0.00841 ( 1)
 399 G   0.84062 0.00952 0.14811 0.00175 ( 1)
 400 L   0.84232 0.00813 0.14806 0.00149 ( 1)
 401 H   0.84106 0.00914 0.14813 0.00168 ( 1)
 402 Q   0.81673 0.03142 0.14609 0.00576 ( 1)
 403 L   0.84232 0.00813 0.14806 0.00149 ( 1)
 404 L   0.80621 0.04150 0.14467 0.00761 ( 1)
 405 G   0.84062 0.00952 0.14811 0.00175 ( 1)
 406 C   0.81444 0.03275 0.14680 0.00601 ( 1)
 407 A   0.77231 0.07796 0.13543 0.01429 ( 1)
 408 S   0.80184 0.04532 0.14453 0.00831 ( 1)
 409 G   0.74299 0.10296 0.13517 0.01888 ( 1)
 410 A   0.70380 0.14337 0.12655 0.02629 ( 1)
 411 C   0.78977 0.05736 0.14235 0.01052 ( 1)
 412 S   0.84013 0.00991 0.14814 0.00182 ( 1)
 413 R   0.82967 0.01928 0.14752 0.00354 ( 1)
 414 S   0.39363 0.45380 0.06936 0.08321 ( 2)
 415 Q   0.00545 0.83960 0.00099 0.15395 ( 2)
 416 V   0.84436 0.00649 0.14796 0.00119 ( 1)
 417 Y   0.29703 0.54965 0.05254 0.10079 ( 2)
 418 P   0.84124 0.00907 0.14803 0.00166 ( 1)
 419 W   0.80835 0.03941 0.14501 0.00723 ( 1)
 420 Q   0.81673 0.03142 0.14609 0.00576 ( 1)
 421 L   0.79543 0.05189 0.14317 0.00951 ( 1)
 422 L   0.80272 0.04496 0.14408 0.00824 ( 1)
 423 E   0.71852 0.13027 0.12733 0.02389 ( 1)
 424 Q   0.81673 0.03142 0.14609 0.00576 ( 1)
 425 I   0.84620 0.00499 0.14789 0.00092 ( 1)
 426 H   0.00569 0.83940 0.00100 0.15392 ( 2)
 427 K   0.83120 0.01792 0.14760 0.00329 ( 1)
 428 A   0.73069 0.11826 0.12937 0.02169 ( 1)
 429 N   0.53696 0.30967 0.09659 0.05678 ( 1)
 430 F   0.84457 0.00628 0.14801 0.00115 ( 1)
 431 L   0.79543 0.05189 0.14317 0.00951 ( 1)
 432 L   0.72132 0.12438 0.13149 0.02281 ( 1)
 433 H   0.83893 0.01125 0.14775 0.00206 ( 1)
 434 E   0.00361 0.84146 0.00064 0.15429 ( 2)
 435 D   0.84358 0.00704 0.14808 0.00129 ( 1)
 436 T   0.80374 0.04360 0.14467 0.00800 ( 1)
 437 V   0.83516 0.01435 0.14786 0.00263 ( 1)
 438 T   0.00121 0.84384 0.00022 0.15473 ( 2)
 439 F   0.56620 0.28073 0.10159 0.05148 ( 1)
 440 N   0.12577 0.71966 0.02261 0.13196 ( 2)
 441 D   0.84358 0.00704 0.14808 0.00129 ( 1)
 442 N   0.81860 0.03161 0.14399 0.00580 ( 1)
 443 G   0.11857 0.72668 0.02151 0.13325 ( 2)
 444 D   0.26012 0.58577 0.04670 0.10741 ( 2)
 445 P   0.76628 0.08356 0.13484 0.01532 ( 1)
 446 L   0.33557 0.51164 0.05898 0.09382 ( 2)
 447 S   0.79854 0.04885 0.14364 0.00896 ( 1)
 448 G   0.75610 0.09360 0.13314 0.01716 ( 1)
 449 Y   0.78282 0.06412 0.14130 0.01176 ( 1)
 450 N   0.06931 0.77618 0.01219 0.14232 ( 2)
 451 I   0.81069 0.03710 0.14542 0.00680 ( 1)
 452 I   0.81075 0.03712 0.14533 0.00681 ( 1)
 453 A   0.78860 0.06178 0.13829 0.01133 ( 1)
 454 W   0.80835 0.03941 0.14501 0.00723 ( 1)
 455 D   0.84358 0.00704 0.14808 0.00129 ( 1)
 456 W   0.80835 0.03941 0.14501 0.00723 ( 1)
 457 I   0.01336 0.83172 0.00240 0.15251 ( 2)
 458 G   0.82438 0.02168 0.14996 0.00398 ( 1)
 459 F   0.40715 0.44044 0.07164 0.08076 ( 2)
 460 K   0.71802 0.13054 0.12750 0.02394 ( 1)
 461 W   0.80835 0.03941 0.14501 0.00723 ( 1)
 462 T   0.84277 0.00769 0.14813 0.00141 ( 1)
 463 F   0.84377 0.00707 0.14787 0.00130 ( 1)
 464 T   0.82283 0.02631 0.14603 0.00482 ( 1)
 465 V   0.32439 0.52288 0.05684 0.09588 ( 2)
 466 I   0.01868 0.82649 0.00328 0.15155 ( 2)
 467 G   0.83067 0.01661 0.14968 0.00305 ( 1)
 468 S   0.83959 0.01045 0.14805 0.00192 ( 1)
 469 S   0.84013 0.00991 0.14814 0.00182 ( 1)
 470 T   0.75950 0.08659 0.13803 0.01588 ( 1)
 471 A   0.12371 0.72175 0.02219 0.13234 ( 2)
 472 S   0.49029 0.35605 0.08837 0.06529 ( 1)
 473 P   0.73572 0.11031 0.13374 0.02023 ( 1)
 474 V   0.52961 0.31705 0.09520 0.05814 ( 1)
 475 R   0.00075 0.84430 0.00013 0.15481 ( 2)
 476 L   0.75247 0.09326 0.13717 0.01710 ( 1)
 477 D   0.76426 0.08560 0.13444 0.01570 ( 1)
 478 I   0.80898 0.03880 0.14511 0.00711 ( 1)
 479 N   0.80103 0.04646 0.14400 0.00852 ( 1)
 480 E   0.71864 0.13015 0.12735 0.02386 ( 1)
 481 T   0.84276 0.00770 0.14813 0.00141 ( 1)
 482 K   0.75911 0.08731 0.13757 0.01601 ( 1)
 483 I   0.84584 0.00534 0.14783 0.00098 ( 1)
 484 Q   0.81673 0.03142 0.14609 0.00576 ( 1)
 485 W   0.80835 0.03941 0.14501 0.00723 ( 1)
 486 H   0.74195 0.10764 0.13067 0.01974 ( 1)
 487 R   0.05414 0.79097 0.00985 0.14504 ( 2)
 488 K   0.83174 0.01738 0.14769 0.00319 ( 1)
 489 D   0.78505 0.06519 0.13781 0.01195 ( 1)
 490 N   0.84228 0.00809 0.14815 0.00148 ( 1)
 491 Q   0.81673 0.03142 0.14609 0.00576 ( 1)
 492 V   0.83485 0.01466 0.14781 0.00269 ( 1)
 493 P   0.80018 0.04708 0.14410 0.00863 ( 1)
 494 Q   0.25718 0.58913 0.04567 0.10802 ( 2)
 495 S   0.78952 0.05760 0.14231 0.01056 ( 1)
 496 V   0.83516 0.01435 0.14786 0.00263 ( 1)
 497 C   0.82241 0.02481 0.14824 0.00455 ( 1)
 498 S   0.84013 0.00991 0.14814 0.00182 ( 1)
 499 S   0.83046 0.01969 0.14623 0.00361 ( 1)
 500 D   0.84314 0.00748 0.14801 0.00137 ( 1)
 501 C   0.79424 0.05290 0.14316 0.00970 ( 1)
 502 L   0.79543 0.05189 0.14317 0.00951 ( 1)
 503 E   0.41728 0.42861 0.07552 0.07859 ( 2)
 504 G   0.82634 0.02259 0.14693 0.00414 ( 1)
 505 H   0.76503 0.08470 0.13474 0.01553 ( 1)
 506 Q   0.81673 0.03142 0.14609 0.00576 ( 1)
 507 R   0.04374 0.80134 0.00798 0.14694 ( 2)
 508 V   0.83516 0.01435 0.14786 0.00263 ( 1)
 509 V   0.80497 0.04254 0.14469 0.00780 ( 1)
 510 V   0.00024 0.84480 0.00005 0.15491 ( 2)
 511 G   0.49820 0.34819 0.08977 0.06385 ( 1)
 512 S   0.79063 0.05985 0.13856 0.01097 ( 1)
 513 H   0.14631 0.69917 0.02631 0.12820 ( 2)
 514 H   0.76717 0.08258 0.13512 0.01514 ( 1)
 515 C   0.79210 0.05504 0.14277 0.01009 ( 1)
 516 C   0.83800 0.01175 0.14810 0.00215 ( 1)
 517 F   0.81660 0.03117 0.14652 0.00571 ( 1)
 518 E   0.72067 0.12813 0.12771 0.02349 ( 1)
 519 C   0.78977 0.05736 0.14235 0.01052 ( 1)
 520 V   0.82664 0.02283 0.14635 0.00419 ( 1)
 521 P   0.83901 0.01128 0.14764 0.00207 ( 1)
 522 C   0.79050 0.05664 0.14248 0.01039 ( 1)
 523 E   0.22847 0.61765 0.04062 0.11326 ( 2)
 524 S   0.51125 0.33533 0.09193 0.06149 ( 1)
 525 G   0.82849 0.02045 0.14731 0.00375 ( 1)
 526 T   0.26801 0.57875 0.04711 0.10612 ( 2)
 527 F   0.47240 0.37589 0.08279 0.06893 ( 1)
 528 L   0.36830 0.47911 0.06474 0.08785 ( 2)
 529 N   0.42621 0.42153 0.07497 0.07729 ( 1)
 530 K   0.27038 0.57599 0.04801 0.10562 ( 2)
 531 S   0.79192 0.05546 0.14245 0.01017 ( 1)
 532 D   0.84115 0.00946 0.14766 0.00173 ( 1)
 533 L   0.74593 0.10390 0.13112 0.01905 ( 1)
 534 Y   0.71125 0.13769 0.12581 0.02525 ( 1)
 535 R   0.08987 0.75532 0.01631 0.13850 ( 2)
 536 C   0.83393 0.01580 0.14738 0.00290 ( 1)
 537 Q   0.81673 0.03142 0.14609 0.00576 ( 1)
 538 P   0.50451 0.34193 0.09085 0.06270 ( 1)
 539 C   0.78977 0.05736 0.14235 0.01052 ( 1)
 540 G   0.82934 0.01960 0.14746 0.00359 ( 1)
 541 K   0.76817 0.07826 0.13921 0.01435 ( 1)
 542 E   0.76761 0.07898 0.13893 0.01448 ( 1)
 543 E   0.83446 0.01493 0.14787 0.00274 ( 1)
 544 W   0.80835 0.03941 0.14501 0.00723 ( 1)
 545 A   0.74162 0.10450 0.13471 0.01916 ( 1)
 546 P   0.80397 0.04331 0.14478 0.00794 ( 1)
 547 E   0.04104 0.80423 0.00727 0.14747 ( 2)
 548 G   0.32200 0.52344 0.05858 0.09598 ( 2)
 549 S   0.84145 0.00878 0.14816 0.00161 ( 1)
 550 Q   0.81673 0.03142 0.14609 0.00576 ( 1)
 551 T   0.76867 0.08132 0.13510 0.01491 ( 1)
 552 C   0.83800 0.01175 0.14810 0.00215 ( 1)
 553 F   0.84403 0.00681 0.14791 0.00125 ( 1)
 554 P   0.42480 0.42144 0.07648 0.07728 ( 1)
 555 R   0.83100 0.01870 0.14687 0.00343 ( 1)
 556 T   0.80486 0.04248 0.14487 0.00779 ( 1)
 557 V   0.83281 0.01668 0.14745 0.00306 ( 1)
 558 V   0.72560 0.12332 0.12847 0.02261 ( 1)
 559 F   0.12974 0.71574 0.02328 0.13124 ( 2)
 560 L   0.80554 0.04215 0.14459 0.00773 ( 1)
 561 A   0.11130 0.73409 0.02001 0.13461 ( 2)
 562 W   0.13899 0.70641 0.02507 0.12953 ( 2)
 563 H   0.12930 0.71613 0.02325 0.13131 ( 2)
 564 E   0.83448 0.01491 0.14788 0.00273 ( 1)
 565 C   0.00663 0.83846 0.00117 0.15374 ( 2)
 566 I   0.78249 0.06618 0.13919 0.01214 ( 1)
 567 S   0.78952 0.05760 0.14231 0.01056 ( 1)
 568 W   0.80835 0.03941 0.14501 0.00723 ( 1)
 569 V   0.83516 0.01435 0.14786 0.00263 ( 1)
 570 L   0.80324 0.04447 0.14414 0.00815 ( 1)
 571 L   0.80590 0.04182 0.14462 0.00767 ( 1)
 572 A   0.34491 0.50063 0.06265 0.09180 ( 2)
 573 A   0.55238 0.29433 0.09932 0.05397 ( 1)
 574 N   0.82919 0.02110 0.14584 0.00387 ( 1)
 575 T   0.65983 0.18851 0.11710 0.03457 ( 1)
 576 L   0.13611 0.70939 0.02442 0.13008 ( 2)
 577 L   0.80472 0.04299 0.14441 0.00788 ( 1)
 578 L   0.80611 0.04161 0.14465 0.00763 ( 1)
 579 V   0.56159 0.28531 0.10078 0.05232 ( 1)
 580 V   0.56079 0.28611 0.10063 0.05246 ( 1)
 581 V   0.57124 0.27570 0.10251 0.05055 ( 1)
 582 V   0.11412 0.73125 0.02054 0.13408 ( 2)
 583 G   0.83022 0.01873 0.14762 0.00343 ( 1)
 584 T   0.51555 0.33096 0.09280 0.06069 ( 1)
 585 V   0.53119 0.31545 0.09551 0.05784 ( 1)
 586 G   0.83847 0.01166 0.14774 0.00214 ( 1)
 587 L   0.80621 0.04150 0.14467 0.00761 ( 1)
 588 F   0.80769 0.04004 0.14492 0.00734 ( 1)
 589 A   0.84378 0.00697 0.14797 0.00128 ( 1)
 590 W   0.80835 0.03941 0.14501 0.00723 ( 1)
 591 H   0.84109 0.00910 0.14814 0.00167 ( 1)
 592 Q   0.29158 0.55373 0.05315 0.10153 ( 2)
 593 D   0.84358 0.00704 0.14808 0.00129 ( 1)
 594 T   0.84201 0.00845 0.14800 0.00155 ( 1)
 595 P   0.79358 0.05367 0.14291 0.00984 ( 1)
 596 V   0.83516 0.01435 0.14786 0.00263 ( 1)
 597 V   0.83463 0.01487 0.14777 0.00273 ( 1)
 598 R   0.82967 0.01928 0.14752 0.00354 ( 1)
 599 S   0.72297 0.12288 0.13162 0.02253 ( 1)
 600 A   0.77818 0.06799 0.14136 0.01247 ( 1)
 601 G   0.82934 0.01960 0.14746 0.00359 ( 1)
 602 G   0.84062 0.00952 0.14811 0.00175 ( 1)
 603 W   0.00274 0.84233 0.00048 0.15445 ( 2)
 604 L   0.80621 0.04150 0.14467 0.00761 ( 1)
 605 C   0.83662 0.01185 0.14936 0.00217 ( 1)
 606 F   0.83278 0.01503 0.14943 0.00276 ( 1)
 607 L   0.82882 0.01859 0.14918 0.00341 ( 1)
 608 M   0.84373 0.00689 0.14811 0.00126 ( 1)
 609 L   0.80364 0.04406 0.14421 0.00808 ( 1)
 610 G   0.83960 0.01054 0.14793 0.00193 ( 1)
 611 S   0.83945 0.01058 0.14802 0.00194 ( 1)
 612 L   0.80621 0.04150 0.14467 0.00761 ( 1)
 613 A   0.75500 0.09114 0.13715 0.01671 ( 1)
 614 G   0.00766 0.83740 0.00139 0.15355 ( 2)
 615 A   0.47944 0.36689 0.08639 0.06728 ( 1)
 616 S   0.83627 0.01124 0.15043 0.00206 ( 1)
 617 C   0.00600 0.83909 0.00106 0.15386 ( 2)
 618 S   0.84145 0.00878 0.14816 0.00161 ( 1)
 619 L   0.77155 0.07844 0.13562 0.01438 ( 1)
 620 Y   0.78282 0.06412 0.14130 0.01176 ( 1)
 621 G   0.84037 0.00977 0.14807 0.00179 ( 1)
 622 F   0.84440 0.00644 0.14798 0.00118 ( 1)
 623 F   0.80769 0.04004 0.14492 0.00734 ( 1)
 624 G   0.82634 0.02259 0.14693 0.00414 ( 1)
 625 E   0.82343 0.02327 0.14903 0.00427 ( 1)
 626 P   0.84047 0.00983 0.14789 0.00180 ( 1)
 627 T   0.43457 0.41108 0.07898 0.07538 ( 1)
 628 L   0.11253 0.73304 0.02001 0.13441 ( 2)
 629 P   0.61398 0.23277 0.11057 0.04268 ( 1)
 630 A   0.39876 0.44686 0.07244 0.08194 ( 2)
 631 C   0.83640 0.01334 0.14781 0.00245 ( 1)
 632 L   0.79552 0.05213 0.14279 0.00956 ( 1)
 633 L   0.80598 0.04173 0.14463 0.00765 ( 1)
 634 R   0.83766 0.01208 0.14804 0.00222 ( 1)
 635 Q   0.81366 0.03448 0.14554 0.00632 ( 1)
 636 A   0.76866 0.08159 0.13479 0.01496 ( 1)
 637 I   0.76355 0.08640 0.13421 0.01584 ( 1)
 638 F   0.80769 0.04004 0.14492 0.00734 ( 1)
 639 A   0.84312 0.00763 0.14785 0.00140 ( 1)
 640 L   0.80193 0.04540 0.14434 0.00832 ( 1)
 641 G   0.79264 0.05454 0.14282 0.01000 ( 1)
 642 F   0.83827 0.01252 0.14691 0.00230 ( 1)
 643 T   0.75856 0.09136 0.13333 0.01675 ( 1)
 644 I   0.35713 0.02109 0.61792 0.00387 ( 3)
 645 F   0.84453 0.00631 0.14800 0.00116 ( 1)
 646 L   0.80599 0.04172 0.14463 0.00765 ( 1)
 647 S   0.84000 0.01004 0.14812 0.00184 ( 1)
 648 C   0.83800 0.01175 0.14810 0.00215 ( 1)
 649 L   0.56154 0.28536 0.10077 0.05233 ( 1)
 650 T   0.74033 0.10573 0.13455 0.01939 ( 1)
 651 V   0.80083 0.04667 0.14394 0.00856 ( 1)
 652 R   0.83733 0.01241 0.14798 0.00228 ( 1)
 653 S   0.83173 0.01425 0.15141 0.00261 ( 1)
 654 F   0.84475 0.00609 0.14804 0.00112 ( 1)
 655 Q   0.75135 0.09487 0.13639 0.01740 ( 1)
 656 L   0.77226 0.07349 0.14077 0.01348 ( 1)
 657 V   0.77745 0.07324 0.13588 0.01343 ( 1)
 658 I   0.84620 0.00499 0.14789 0.00092 ( 1)
 659 I   0.84557 0.00562 0.14778 0.00103 ( 1)
 660 F   0.84475 0.00609 0.14804 0.00112 ( 1)
 661 K   0.83174 0.01738 0.14769 0.00319 ( 1)
 662 F   0.80769 0.04004 0.14492 0.00734 ( 1)
 663 S   0.83942 0.01061 0.14802 0.00195 ( 1)
 664 T   0.26416 0.23549 0.45716 0.04318 ( 3)
 665 K   0.83044 0.01868 0.14746 0.00342 ( 1)
 666 V   0.06826 0.77689 0.01240 0.14245 ( 2)
 667 P   0.82679 0.02055 0.14889 0.00377 ( 1)
 668 T   0.09843 0.74693 0.01768 0.13696 ( 2)
 669 F   0.84475 0.00609 0.14804 0.00112 ( 1)
 670 Y   0.33471 0.51217 0.05920 0.09391 ( 2)
 671 H   0.13046 0.71514 0.02326 0.13113 ( 2)
 672 T   0.46872 0.37950 0.08220 0.06959 ( 1)
 673 W   0.80835 0.03941 0.14501 0.00723 ( 1)
 674 V   0.84336 0.00748 0.14778 0.00137 ( 1)
 675 Q   0.74730 0.09891 0.13565 0.01814 ( 1)
 676 N   0.84228 0.00809 0.14815 0.00148 ( 1)
 677 H   0.83734 0.01283 0.14748 0.00235 ( 1)
 678 G   0.79098 0.05620 0.14252 0.01030 ( 1)
 679 A   0.80975 0.03773 0.14560 0.00692 ( 1)
 680 A   0.04841 0.79693 0.00853 0.14613 ( 2)
 681 L   0.80621 0.04150 0.14467 0.00761 ( 1)
 682 F   0.80769 0.04004 0.14492 0.00734 ( 1)
 683 I   0.54224 0.30570 0.09600 0.05605 ( 1)
 684 M   0.20774 0.36591 0.35926 0.06709 ( 2)
 685 I   0.84587 0.00532 0.14784 0.00098 ( 1)
 686 S   0.76971 0.08007 0.13553 0.01468 ( 1)
 687 S   0.72297 0.12288 0.13162 0.02253 ( 1)
 688 M   0.00474 0.84033 0.00084 0.15409 ( 2)
 689 A   0.05486 0.79056 0.00962 0.14496 ( 2)
 690 Q   0.81673 0.03142 0.14609 0.00576 ( 1)
 691 L   0.80320 0.04451 0.14413 0.00816 ( 1)
 692 L   0.79917 0.04816 0.14384 0.00883 ( 1)
 693 I   0.84620 0.00499 0.14789 0.00092 ( 1)
 694 C   0.79032 0.05681 0.14245 0.01042 ( 1)
 695 L   0.72132 0.12438 0.13149 0.02281 ( 1)
 696 T   0.80453 0.04281 0.14481 0.00785 ( 1)
 697 W   0.80835 0.03941 0.14501 0.00723 ( 1)
 698 L   0.80029 0.04741 0.14361 0.00869 ( 1)
 699 A   0.26486 0.58160 0.04689 0.10665 ( 2)
 700 V   0.72594 0.12298 0.12853 0.02255 ( 1)
 701 W   0.80835 0.03941 0.14501 0.00723 ( 1)
 702 T   0.84072 0.00973 0.14777 0.00178 ( 1)
 703 P   0.73572 0.11031 0.13374 0.02023 ( 1)
 704 L   0.80621 0.04150 0.14467 0.00761 ( 1)
 705 P   0.84039 0.00992 0.14788 0.00182 ( 1)
 706 T   0.69229 0.15473 0.12461 0.02837 ( 1)
 707 R   0.81032 0.03853 0.14408 0.00707 ( 1)
 708 E   0.76761 0.07898 0.13893 0.01448 ( 1)
 709 Y   0.83521 0.01441 0.14773 0.00264 ( 1)
 710 Q   0.17120 0.67450 0.03062 0.12368 ( 2)
 711 R   0.83769 0.01205 0.14805 0.00221 ( 1)
 712 F   0.84403 0.00681 0.14791 0.00125 ( 1)
 713 P   0.84047 0.00983 0.14789 0.00180 ( 1)
 714 Q   0.58838 0.25842 0.10581 0.04739 ( 1)
 715 L   0.80621 0.04150 0.14467 0.00761 ( 1)
 716 V   0.83281 0.01668 0.14745 0.00306 ( 1)
 717 V   0.42389 0.42395 0.07441 0.07774 ( 2)
 718 L   0.79543 0.05189 0.14317 0.00951 ( 1)
 719 E   0.70582 0.14290 0.12508 0.02620 ( 1)
 720 C   0.83800 0.01175 0.14810 0.00215 ( 1)
 721 T   0.73790 0.10816 0.13410 0.01983 ( 1)
 722 E   0.83448 0.01491 0.14788 0.00273 ( 1)
 723 T   0.00052 0.84453 0.00009 0.15486 ( 2)
 724 N   0.73580 0.11390 0.12942 0.02089 ( 1)
 725 S   0.81958 0.03034 0.14452 0.00556 ( 1)
 726 L   0.80621 0.04150 0.14467 0.00761 ( 1)
 727 G   0.84062 0.00952 0.14811 0.00175 ( 1)
 728 F   0.84475 0.00609 0.14804 0.00112 ( 1)
 729 M   0.23149 0.61434 0.04152 0.11265 ( 2)
 730 L   0.80599 0.04173 0.14463 0.00765 ( 1)
 731 A   0.84420 0.00656 0.14804 0.00120 ( 1)
 732 F   0.84148 0.00934 0.14747 0.00171 ( 1)
 733 G   0.00064 0.84441 0.00011 0.15483 ( 2)
 734 Y   0.83686 0.01277 0.14803 0.00234 ( 1)
 735 N   0.80103 0.04646 0.14400 0.00852 ( 1)
 736 G   0.75284 0.09677 0.13265 0.01774 ( 1)
 737 L   0.84087 0.00957 0.14780 0.00176 ( 1)
 738 L   0.84154 0.00890 0.14792 0.00163 ( 1)
 739 S   0.83392 0.01609 0.14705 0.00295 ( 1)
 740 V   0.07348 0.77210 0.01284 0.14158 ( 2)
 741 S   0.83050 0.01700 0.14939 0.00312 ( 1)
 742 A   0.84340 0.00735 0.14790 0.00135 ( 1)
 743 F   0.80769 0.04004 0.14492 0.00734 ( 1)
 744 A   0.84268 0.00807 0.14777 0.00148 ( 1)
 745 C   0.83686 0.01289 0.14789 0.00236 ( 1)
 746 S   0.76926 0.08052 0.13545 0.01476 ( 1)
 747 Y   0.83686 0.01277 0.14803 0.00234 ( 1)
 748 L   0.56169 0.28522 0.10079 0.05230 ( 1)
 749 G   0.84031 0.00983 0.14806 0.00180 ( 1)
 750 K   0.83044 0.01868 0.14746 0.00342 ( 1)
 751 D   0.84358 0.00704 0.14808 0.00129 ( 1)
 752 L   0.80503 0.04265 0.14450 0.00782 ( 1)
 753 P   0.73572 0.11031 0.13374 0.02023 ( 1)
 754 E   0.83448 0.01491 0.14788 0.00273 ( 1)
 755 N   0.84228 0.00809 0.14815 0.00148 ( 1)
 756 Y   0.81844 0.03109 0.14477 0.00570 ( 1)
 757 N   0.76753 0.08237 0.13500 0.01510 ( 1)
 758 E   0.83448 0.01491 0.14788 0.00273 ( 1)
 759 A   0.84378 0.00697 0.14797 0.00128 ( 1)
 760 K   0.75911 0.08731 0.13757 0.01601 ( 1)
 761 C   0.78977 0.05736 0.14235 0.01052 ( 1)
 762 V   0.84436 0.00649 0.14796 0.00119 ( 1)
 763 T   0.84069 0.00976 0.14776 0.00179 ( 1)
 764 F   0.84196 0.00887 0.14755 0.00163 ( 1)
 765 G   0.39794 0.44955 0.07007 0.08243 ( 2)
 766 L   0.80605 0.04167 0.14464 0.00764 ( 1)
 767 L   0.84232 0.00813 0.14806 0.00149 ( 1)
 768 L   0.77329 0.07706 0.13552 0.01413 ( 1)
 769 N   0.75352 0.09628 0.13254 0.01766 ( 1)
 770 F   0.84403 0.00681 0.14791 0.00125 ( 1)
 771 V   0.32150 0.52526 0.05692 0.09631 ( 2)
 772 S   0.84013 0.00991 0.14814 0.00182 ( 1)
 773 W   0.80835 0.03941 0.14501 0.00723 ( 1)
 774 I   0.84620 0.00499 0.14789 0.00092 ( 1)
 775 A   0.45423 0.39389 0.07966 0.07222 ( 1)
 776 F   0.79020 0.06026 0.13848 0.01105 ( 1)
 777 F   0.84437 0.00647 0.14797 0.00119 ( 1)
 778 T   0.84257 0.00789 0.14809 0.00145 ( 1)
 779 V   0.03268 0.81253 0.00580 0.14899 ( 2)
 780 A   0.84346 0.00729 0.14791 0.00134 ( 1)
 781 S   0.76170 0.08804 0.13412 0.01614 ( 1)
 782 V   0.78960 0.06088 0.13836 0.01116 ( 1)
 783 Y   0.72962 0.11943 0.12906 0.02190 ( 1)
 784 Q   0.27389 0.57297 0.04808 0.10506 ( 2)
 785 G   0.76033 0.08932 0.13397 0.01638 ( 1)
 786 K   0.83174 0.01738 0.14769 0.00319 ( 1)
 787 Y   0.83497 0.01466 0.14769 0.00269 ( 1)
 788 L   0.56151 0.28540 0.10076 0.05233 ( 1)
 789 P   0.76114 0.08604 0.13705 0.01578 ( 1)
 790 A   0.68636 0.16229 0.12159 0.02976 ( 1)
 791 V   0.76700 0.08015 0.13815 0.01470 ( 1)
 792 N   0.83460 0.01572 0.14680 0.00288 ( 1)
 793 V   0.34556 0.50177 0.06066 0.09201 ( 2)
 794 L   0.60046 0.24856 0.10541 0.04558 ( 1)
 795 A   0.83052 0.01703 0.14933 0.00312 ( 1)
 796 V   0.00210 0.84296 0.00037 0.15457 ( 2)
 797 L   0.59571 0.25130 0.10690 0.04608 ( 1)
 798 S   0.84145 0.00878 0.14816 0.00161 ( 1)
 799 S   0.84145 0.00878 0.14816 0.00161 ( 1)
 800 L   0.80614 0.04157 0.14466 0.00762 ( 1)
 801 S   0.34940 0.03625 0.60770 0.00665 ( 3)
 802 S   0.83933 0.01088 0.14779 0.00200 ( 1)
 803 G   0.84062 0.00952 0.14811 0.00175 ( 1)
 804 F   0.84475 0.00609 0.14804 0.00112 ( 1)
 805 S   0.69470 0.15455 0.12240 0.02834 ( 1)
 806 G   0.83285 0.01611 0.14808 0.00295 ( 1)
 807 Y   0.78282 0.06412 0.14130 0.01176 ( 1)
 808 F   0.83278 0.01503 0.14943 0.00276 ( 1)
 809 L   0.83029 0.01751 0.14899 0.00321 ( 1)
 810 P   0.83788 0.00951 0.15087 0.00174 ( 1)
 811 K   0.82996 0.01915 0.14737 0.00351 ( 1)
 812 C   0.83800 0.01175 0.14810 0.00215 ( 1)
 813 Y   0.80700 0.04247 0.14274 0.00779 ( 1)
 814 V   0.83096 0.01853 0.14712 0.00340 ( 1)
 815 I   0.84620 0.00499 0.14789 0.00092 ( 1)
 816 V   0.75915 0.09077 0.13344 0.01664 ( 1)
 817 C   0.74581 0.10342 0.13180 0.01896 ( 1)
 818 R   0.83491 0.01482 0.14756 0.00272 ( 1)
 819 P   0.38056 0.46499 0.06918 0.08526 ( 2)
 820 D   0.83292 0.01764 0.14621 0.00323 ( 1)
 821 L   0.83711 0.01331 0.14714 0.00244 ( 1)
 822 N   0.84140 0.00897 0.14799 0.00164 ( 1)
 823 S   0.76972 0.08007 0.13553 0.01468 ( 1)
 824 T   0.75103 0.09505 0.13649 0.01743 ( 1)
 825 E   0.83448 0.01491 0.14788 0.00273 ( 1)
 826 H   0.84109 0.00910 0.14814 0.00167 ( 1)
 827 F   0.84377 0.00707 0.14787 0.00130 ( 1)
 828 Q   0.81673 0.03142 0.14609 0.00576 ( 1)
 829 A   0.84411 0.00665 0.14802 0.00122 ( 1)
 830 S   0.84013 0.00991 0.14814 0.00182 ( 1)
 831 I   0.83479 0.01316 0.14964 0.00241 ( 1)
 832 Q   0.81673 0.03142 0.14609 0.00576 ( 1)
 833 D   0.78344 0.06679 0.13753 0.01225 ( 1)
 834 Y   0.83686 0.01277 0.14803 0.00234 ( 1)
 835 T   0.83060 0.01858 0.14741 0.00341 ( 1)
 836 R   0.82967 0.01928 0.14752 0.00354 ( 1)
 837 R   0.74406 0.10516 0.13150 0.01928 ( 1)
 838 W   0.01411 0.83101 0.00249 0.15238 ( 2)
 839 G   0.04322 0.80209 0.00761 0.14708 ( 2)
 840 S   0.72820 0.12118 0.12841 0.02222 ( 1)
 841 T   0.83885 0.01158 0.14744 0.00212 ( 1)


lnL = -10656.137391

Bayes Empirical Bayes (BEB) probabilities for 4 classes (class)
(amino acids refer to 1st sequence: 1.Tarsier)

   1 M   0.90370 0.00682 0.08879 0.00069 ( 1)
   2 F   0.70889 0.19743 0.07298 0.02069 ( 1)
   3 H   0.61979 0.28949 0.06108 0.02964 ( 1)
   4 H   0.00297 0.90366 0.00030 0.09307 ( 2)
   5 V   0.00012 0.90356 0.00001 0.09631 ( 2)
   6 A   0.67980 0.22616 0.07028 0.02376 ( 1)
   7 H   0.03065 0.87605 0.00304 0.09026 ( 2)
   8 L   0.87076 0.03586 0.08963 0.00375 ( 1)
   9 V   0.58531 0.32427 0.05731 0.03310 ( 1)
  10 G   0.85015 0.05955 0.08420 0.00610 ( 1)
  11 L   0.86582 0.04079 0.08912 0.00427 ( 1)
  12 Q   0.86892 0.03827 0.08882 0.00399 ( 1)
  13 L   0.86087 0.04521 0.08918 0.00475 ( 1)
  14 S   0.15455 0.75310 0.01519 0.07716 ( 2)
