Supplemental results for CODEML (seqf: Human_TAS1R1_breaks2_2nd_attempt.txt  treef: TAS1R1_revised_tree_following_error_message.txt)


MLEs of dN/dS (w) for site classes (K=4)

site class             0        1       2a       2b
proportion       0.65393  0.20179  0.11025  0.03402
background w     0.09886  1.00000  0.09886  1.00000
foreground w     0.09886  1.00000  1.00000  1.00000

Naive Empirical Bayes (NEB) probabilities for 4 classes
(amino acids refer to 1st sequence: 1.Tarsier)

   1 M   0.87004 0.00680 0.12202 0.00115 ( 1)
   2 F   0.57932 0.28365 0.08920 0.04782 ( 1)
   3 H   0.40436 0.46083 0.05711 0.07770 ( 2)
   4 H   0.00031 0.85542 0.00005 0.14423 ( 2)
   5 V   0.00001 0.85572 0.00000 0.14428 ( 2)
   6 A   0.54102 0.32095 0.08392 0.05411 ( 1)
   7 H   0.00508 0.85076 0.00072 0.14344 ( 2)
   8 L   0.82676 0.03938 0.12721 0.00664 ( 1)
   9 V   0.36635 0.49379 0.05660 0.08325 ( 2)
  10 G   0.78525 0.08800 0.11191 0.01484 ( 1)
  11 L   0.82086 0.04520 0.12631 0.00762 ( 1)
  12 Q   0.81928 0.04162 0.13209 0.00702 ( 1)
  13 L   0.81433 0.05031 0.12687 0.00848 ( 1)
  14 S   0.04303 0.81360 0.00620 0.13717 ( 2)
  15 I   0.51122 0.35130 0.07825 0.05923 ( 1)
  16 S   0.78318 0.08978 0.11191 0.01514 ( 1)
  17 C   0.76228 0.10938 0.10990 0.01844 ( 1)
  18 C   0.86156 0.01213 0.12426 0.00205 ( 1)
  19 W   0.58717 0.27612 0.09016 0.04655 ( 1)
  20 A   0.85000 0.01581 0.13152 0.00267 ( 1)
  21 F   0.69043 0.17926 0.10009 0.03022 ( 1)
  22 S   0.40168 0.46320 0.05702 0.07810 ( 2)
  23 C   0.86186 0.01188 0.12426 0.00200 ( 1)
  24 H   0.86046 0.01448 0.12262 0.00244 ( 1)
  25 N   0.06417 0.75967 0.04808 0.12808 ( 2)
  26 T   0.01254 0.84332 0.00195 0.14219 ( 2)
  27 E   0.72329 0.14645 0.10557 0.02469 ( 1)
  28 F   0.02830 0.79652 0.04088 0.13430 ( 2)
  29 S   0.80689 0.05706 0.12644 0.00962 ( 1)
  30 P   0.83655 0.03816 0.11886 0.00643 ( 1)
  31 D   0.80861 0.06668 0.11346 0.01124 ( 1)
  32 F   0.87119 0.00614 0.12164 0.00103 ( 1)
  33 S   0.78793 0.08573 0.11188 0.01445 ( 1)
  34 L   0.86680 0.00922 0.12243 0.00155 ( 1)
  35 P   0.68155 0.18167 0.10615 0.03063 ( 1)
  36 G   0.84626 0.02439 0.12523 0.00411 ( 1)
  37 N   0.59813 0.26502 0.09217 0.04468 ( 1)
  38 Y   0.86067 0.01261 0.12459 0.00213 ( 1)
  39 L   0.86205 0.00930 0.12708 0.00157 ( 1)
  40 L   0.82381 0.04097 0.12831 0.00691 ( 1)
  41 A   0.35224 0.50549 0.05705 0.08523 ( 2)
  42 G   0.86460 0.01042 0.12322 0.00176 ( 1)
  43 F   0.16011 0.69763 0.02464 0.11762 ( 2)
  44 F   0.87137 0.00620 0.12139 0.00104 ( 1)
  45 P   0.51641 0.34463 0.08085 0.05811 ( 1)
  46 L   0.86767 0.00837 0.12255 0.00141 ( 1)
  47 H   0.82293 0.04225 0.12770 0.00712 ( 1)
  48 G   0.10752 0.74944 0.01668 0.12636 ( 2)
  49 D   0.24037 0.61733 0.03822 0.10408 ( 2)
  50 C   0.10721 0.74961 0.01679 0.12639 ( 2)
  51 L   0.31820 0.16060 0.49413 0.02708 ( 3)
  52 Q   0.83675 0.03107 0.12695 0.00524 ( 1)
  53 V   0.85928 0.01343 0.12502 0.00226 ( 1)
  54 R   0.82112 0.03746 0.13511 0.00632 ( 1)
  55 H   0.32854 0.39251 0.21277 0.06618 ( 2)
  56 R   0.76624 0.09440 0.12344 0.01592 ( 1)
  57 P   0.85055 0.01462 0.13237 0.00246 ( 1)
  58 E   0.85684 0.01552 0.12502 0.00262 ( 1)
  59 V   0.85852 0.01418 0.12491 0.00239 ( 1)
  60 T   0.72045 0.15228 0.10159 0.02568 ( 1)
  61 L   0.83357 0.03265 0.12827 0.00550 ( 1)
  62 C   0.80024 0.06366 0.12537 0.01073 ( 1)
  63 D   0.86734 0.00937 0.12170 0.00158 ( 1)
  64 R   0.84306 0.02759 0.12470 0.00465 ( 1)
  65 T   0.00031 0.85507 0.00045 0.14417 ( 2)
  66 C   0.03074 0.79145 0.04437 0.13344 ( 2)
  67 G   0.04976 0.75200 0.07145 0.12679 ( 2)
  68 F   0.86931 0.00821 0.12110 0.00138 ( 1)
  69 N   0.83692 0.03805 0.11861 0.00641 ( 1)
  70 G   0.23757 0.62344 0.03388 0.10511 ( 2)
  71 H   0.85262 0.01736 0.12709 0.00293 ( 1)
  72 G   0.36381 0.06591 0.55916 0.01111 ( 3)
  73 Y   0.33741 0.52520 0.04884 0.08855 ( 2)
  74 H   0.31034 0.55239 0.04414 0.09313 ( 2)
  75 L   0.77725 0.09604 0.11052 0.01619 ( 1)
  76 F   0.81314 0.06297 0.11328 0.01062 ( 1)
  77 Q   0.17737 0.68092 0.02691 0.11480 ( 2)
  78 A   0.27829 0.58420 0.03900 0.09850 ( 2)
  79 M   0.34556 0.51855 0.04846 0.08743 ( 2)
  80 R   0.64239 0.22317 0.09681 0.03763 ( 1)
  81 L   0.58491 0.27973 0.08820 0.04716 ( 1)
  82 S   0.00039 0.85534 0.00005 0.14421 ( 2)
  83 I   0.15091 0.70673 0.02320 0.11916 ( 2)
  84 E   0.15564 0.70310 0.02271 0.11854 ( 2)
  85 A   0.66522 0.19947 0.10168 0.03363 ( 1)
  86 I   0.82431 0.04209 0.12650 0.00710 ( 1)
  87 N   0.86522 0.01064 0.12234 0.00179 ( 1)
  88 N   0.86522 0.01064 0.12234 0.00179 ( 1)
  89 S   0.86187 0.01281 0.12315 0.00216 ( 1)
  90 T   0.84776 0.02380 0.12443 0.00401 ( 1)
  91 V   0.40609 0.45965 0.05676 0.07750 ( 2)
  92 L   0.81865 0.04739 0.12597 0.00799 ( 1)
  93 L   0.81843 0.04761 0.12594 0.00803 ( 1)
  94 P   0.86623 0.00941 0.12277 0.00159 ( 1)
  95 N   0.68154 0.18238 0.10533 0.03075 ( 1)
  96 V   0.08404 0.77377 0.01173 0.13046 ( 2)
  97 T   0.79767 0.07688 0.11248 0.01296 ( 1)
  98 L   0.45866 0.39881 0.07529 0.06724 ( 1)
  99 G   0.85277 0.01800 0.12620 0.00303 ( 1)
 100 Y   0.15712 0.70159 0.02300 0.11829 ( 2)
 101 E   0.00277 0.85300 0.00041 0.14382 ( 2)
 102 L   0.82504 0.04108 0.12696 0.00693 ( 1)
 103 Y   0.06852 0.78859 0.00994 0.13296 ( 2)
 104 D   0.83265 0.03495 0.12651 0.00589 ( 1)
 105 V   0.85465 0.01797 0.12435 0.00303 ( 1)
 106 C   0.85642 0.01720 0.12348 0.00290 ( 1)
 107 S   0.82548 0.04358 0.12359 0.00735 ( 1)
 108 E   0.74441 0.12585 0.10852 0.02122 ( 1)
 109 S   0.80414 0.05978 0.12601 0.01008 ( 1)
 110 A   0.86833 0.00881 0.12137 0.00149 ( 1)
 111 N   0.82385 0.04153 0.12762 0.00700 ( 1)
 112 V   0.85465 0.01797 0.12435 0.00303 ( 1)
 113 Y   0.80158 0.06189 0.12609 0.01044 ( 1)
 114 A   0.86726 0.00985 0.12122 0.00166 ( 1)
 115 T   0.84792 0.02363 0.12446 0.00398 ( 1)
 116 L   0.81865 0.04739 0.12597 0.00799 ( 1)
 117 S   0.07317 0.78303 0.01179 0.13202 ( 2)
 118 V   0.71750 0.15241 0.10439 0.02570 ( 1)
 119 L   0.86530 0.01069 0.12221 0.00180 ( 1)
 120 S   0.86109 0.01357 0.12305 0.00229 ( 1)
 121 L   0.11597 0.74185 0.01709 0.12508 ( 2)
 122 P   0.36194 0.49569 0.05880 0.08357 ( 2)
 123 G   0.85052 0.02021 0.12586 0.00341 ( 1)
 124 T   0.06292 0.79314 0.01021 0.13373 ( 2)
 125 R   0.00001 0.85571 0.00001 0.14427 ( 2)
 126 H   0.86336 0.01185 0.12279 0.00200 ( 1)
 127 I   0.82178 0.04460 0.12611 0.00752 ( 1)
 128 D   0.26135 0.59945 0.03813 0.10107 ( 2)
 129 I   0.78732 0.08909 0.10857 0.01502 ( 1)
 130 Q   0.79452 0.07254 0.12071 0.01223 ( 1)
 131 G   0.38362 0.47395 0.06252 0.07991 ( 2)
 132 D   0.74578 0.12732 0.10543 0.02147 ( 1)
 133 F   0.10262 0.75423 0.01599 0.12716 ( 2)
 134 L   0.86530 0.01069 0.12221 0.00180 ( 1)
 135 H   0.00404 0.85179 0.00057 0.14361 ( 2)
 136 Y   0.80054 0.06271 0.12617 0.01057 ( 1)
 137 S   0.02923 0.80854 0.02591 0.13632 ( 2)
 138 P   0.85167 0.02341 0.12097 0.00395 ( 1)
 139 K   0.68654 0.18181 0.10100 0.03065 ( 1)
 140 I   0.61137 0.25164 0.09457 0.04243 ( 1)
 141 V   0.63953 0.22874 0.09317 0.03857 ( 1)
 142 A   0.83848 0.02757 0.12931 0.00465 ( 1)
 143 V   0.85491 0.01782 0.12426 0.00300 ( 1)
 144 I   0.45944 0.40239 0.07033 0.06784 ( 1)
 145 G   0.70685 0.16134 0.10460 0.02720 ( 1)
 146 P   0.55380 0.31353 0.07981 0.05286 ( 1)
 147 D   0.29908 0.36746 0.27150 0.06195 ( 2)
 148 S   0.00023 0.85550 0.00003 0.14424 ( 2)
 149 T   0.78555 0.08749 0.11222 0.01475 ( 1)
 150 D   0.07555 0.78193 0.01068 0.13184 ( 2)
 151 H   0.00010 0.85550 0.00016 0.14424 ( 2)
 152 A   0.54365 0.31835 0.08433 0.05367 ( 1)
 153 A   0.65207 0.21974 0.09114 0.03705 ( 1)
 154 T   0.55418 0.31462 0.07815 0.05305 ( 1)
 155 T   0.06782 0.78864 0.01057 0.13297 ( 2)
 156 A   0.84041 0.02533 0.12999 0.00427 ( 1)
 157 A   0.77425 0.09983 0.10909 0.01683 ( 1)
 158 L   0.81510 0.05089 0.12543 0.00858 ( 1)
 159 L   0.82243 0.04365 0.12656 0.00736 ( 1)
 160 S   0.76767 0.10551 0.10902 0.01779 ( 1)
 161 P   0.80442 0.05992 0.12557 0.01010 ( 1)
 162 F   0.23030 0.36414 0.34416 0.06139 ( 2)
 163 L   0.81525 0.04944 0.12697 0.00834 ( 1)
 164 V   0.30263 0.55709 0.04636 0.09393 ( 2)
 165 P   0.86596 0.00968 0.12273 0.00163 ( 1)
 166 L   0.13884 0.71863 0.02136 0.12116 ( 2)
 167 I   0.87278 0.00593 0.12029 0.00100 ( 1)
 168 S   0.86677 0.00867 0.12310 0.00146 ( 1)
 169 Y   0.83542 0.03714 0.12119 0.00626 ( 1)
 170 E   0.00285 0.85292 0.00043 0.14380 ( 2)
 171 A   0.87073 0.00648 0.12170 0.00109 ( 1)
 172 S   0.86677 0.00867 0.12310 0.00146 ( 1)
 173 S   0.86129 0.00914 0.12803 0.00154 ( 1)
 174 T   0.00026 0.85517 0.00038 0.14418 ( 2)
 175 T   0.01982 0.83601 0.00321 0.14095 ( 2)
 176 L   0.85322 0.01212 0.13261 0.00204 ( 1)
 177 S   0.34108 0.40679 0.18355 0.06858 ( 2)
 178 V   0.00040 0.85255 0.00331 0.14374 ( 2)
 179 K   0.85425 0.01718 0.12567 0.00290 ( 1)
 180 R   0.19060 0.66804 0.02873 0.11263 ( 2)
 181 Q   0.57737 0.28200 0.09308 0.04755 ( 1)
 182 Y   0.80741 0.05591 0.12726 0.00943 ( 1)
 183 P   0.86724 0.00843 0.12291 0.00142 ( 1)
 184 S   0.81432 0.04969 0.12760 0.00838 ( 1)
 185 F   0.85475 0.01213 0.13107 0.00205 ( 1)
 186 L   0.82504 0.04108 0.12696 0.00693 ( 1)
 187 R   0.86159 0.01205 0.12432 0.00203 ( 1)
 188 T   0.86864 0.00759 0.12249 0.00128 ( 1)
 189 I   0.82931 0.04822 0.11434 0.00813 ( 1)
 190 P   0.86724 0.00843 0.12291 0.00142 ( 1)
 191 S   0.26769 0.59115 0.04149 0.09967 ( 2)
 192 D   0.86937 0.00733 0.12207 0.00124 ( 1)
 193 R   0.27575 0.58487 0.04076 0.09861 ( 2)
 194 H   0.05076 0.74922 0.07369 0.12632 ( 2)
 195 Q   0.83675 0.03107 0.12695 0.00524 ( 1)
 196 V   0.85852 0.01418 0.12491 0.00239 ( 1)
 197 E   0.85765 0.01473 0.12514 0.00248 ( 1)
 198 V   0.45564 0.41084 0.06425 0.06927 ( 1)
 199 M   0.80540 0.06987 0.11295 0.01178 ( 1)
 200 V   0.85852 0.01418 0.12491 0.00239 ( 1)
 201 L   0.56621 0.29651 0.08729 0.04999 ( 1)
 202 L   0.82504 0.04108 0.12696 0.00693 ( 1)
 203 L   0.82486 0.04125 0.12693 0.00696 ( 1)
 204 Q   0.01383 0.82453 0.02262 0.13902 ( 2)
 205 R   0.23724 0.62265 0.03513 0.10498 ( 2)
 206 F   0.87156 0.00601 0.12141 0.00101 ( 1)
 207 R   0.00032 0.85541 0.00005 0.14422 ( 2)
 208 W   0.82738 0.03899 0.12705 0.00657 ( 1)
 209 V   0.38153 0.48367 0.05325 0.08155 ( 2)
 210 W   0.82738 0.03899 0.12705 0.00657 ( 1)
 211 I   0.87381 0.00493 0.12043 0.00083 ( 1)
 212 S   0.81906 0.04969 0.12288 0.00838 ( 1)
 213 L   0.82504 0.04108 0.12696 0.00693 ( 1)
 214 V   0.22312 0.63807 0.03123 0.10758 ( 2)
 215 G   0.86565 0.00940 0.12337 0.00159 ( 1)
 216 S   0.86624 0.00918 0.12303 0.00155 ( 1)
 217 Y   0.00100 0.85473 0.00016 0.14411 ( 2)
 218 G   0.68688 0.17617 0.10725 0.02970 ( 1)
 219 D   0.86982 0.00695 0.12205 0.00117 ( 1)
 220 Y   0.83542 0.03714 0.12119 0.00626 ( 1)
 221 G   0.85300 0.01778 0.12623 0.00300 ( 1)
 222 Q   0.65684 0.21156 0.09593 0.03567 ( 1)
 223 Q   0.09479 0.76210 0.01461 0.12849 ( 2)
 224 G   0.68427 0.18351 0.10127 0.03094 ( 1)
 225 V   0.85626 0.01631 0.12467 0.00275 ( 1)
 226 Q   0.33630 0.12720 0.51505 0.02145 ( 3)
 227 A   0.31189 0.17233 0.48672 0.02906 ( 3)
 228 L   0.83072 0.03990 0.12265 0.00673 ( 1)
 229 E   0.31011 0.55163 0.04526 0.09301 ( 2)
 230 N   0.00691 0.84082 0.01051 0.14176 ( 2)
 231 Q   0.62651 0.23827 0.09505 0.04017 ( 1)
 232 A   0.87073 0.00648 0.12170 0.00109 ( 1)
 233 T   0.85662 0.01910 0.12107 0.00322 ( 1)
 234 D   0.00110 0.85464 0.00016 0.14409 ( 2)
 235 Q   0.60759 0.25199 0.09793 0.04249 ( 1)
 236 G   0.29882 0.55836 0.04867 0.09414 ( 2)
 237 I   0.82844 0.04910 0.11418 0.00828 ( 1)
 238 C   0.86214 0.01160 0.12430 0.00196 ( 1)
 239 I   0.83003 0.03673 0.12705 0.00619 ( 1)
 240 A   0.82080 0.04441 0.12730 0.00749 ( 1)
 241 F   0.87156 0.00601 0.12141 0.00101 ( 1)
 242 K   0.85425 0.01718 0.12567 0.00290 ( 1)
 243 D   0.80466 0.07036 0.11313 0.01186 ( 1)
 244 I   0.35809 0.50279 0.05434 0.08477 ( 2)
 245 V   0.73704 0.13325 0.10724 0.02247 ( 1)
 246 P   0.86509 0.01053 0.12261 0.00178 ( 1)
 247 L   0.80816 0.06782 0.11258 0.01143 ( 1)
 248 S   0.51359 0.34743 0.08039 0.05858 ( 1)
 249 A   0.87073 0.00648 0.12170 0.00109 ( 1)
 250 R   0.00016 0.85556 0.00003 0.14425 ( 2)
 251 V   0.85359 0.01875 0.12450 0.00316 ( 1)
 252 G   0.83697 0.02767 0.13069 0.00467 ( 1)
 253 D   0.82805 0.03796 0.12759 0.00640 ( 1)
 254 E   0.21625 0.39656 0.32032 0.06686 ( 2)
 255 R   0.67640 0.19175 0.09952 0.03233 ( 1)
 256 M   0.87004 0.00680 0.12202 0.00115 ( 1)
 257 Q   0.62847 0.23634 0.09535 0.03985 ( 1)
 258 G   0.00347 0.85229 0.00054 0.14370 ( 2)
 259 M   0.06201 0.79520 0.00871 0.13407 ( 2)
 260 M   0.87004 0.00680 0.12202 0.00115 ( 1)
 261 N   0.00048 0.85526 0.00007 0.14420 ( 2)
 262 R   0.06746 0.78973 0.00967 0.13315 ( 2)
 263 L   0.82504 0.04108 0.12696 0.00693 ( 1)
 264 A   0.81409 0.06172 0.11379 0.01041 ( 1)
 265 R   0.01862 0.83737 0.00282 0.14118 ( 2)
 266 A   0.86940 0.00777 0.12152 0.00131 ( 1)
 267 G   0.00347 0.85232 0.00051 0.14370 ( 2)
 268 T   0.80015 0.07449 0.11280 0.01256 ( 1)
 269 T   0.72230 0.14158 0.11225 0.02387 ( 1)
 270 V   0.86851 0.00852 0.12152 0.00144 ( 1)
 271 V   0.85852 0.01418 0.12491 0.00239 ( 1)
 272 V   0.27324 0.58451 0.04370 0.09855 ( 2)
 273 V   0.82194 0.04342 0.12732 0.00732 ( 1)
 274 F   0.86199 0.01511 0.12035 0.00255 ( 1)
 275 S   0.86497 0.00978 0.12360 0.00165 ( 1)
 276 S   0.00413 0.79877 0.06243 0.13467 ( 2)
 277 R   0.07374 0.63766 0.18109 0.10751 ( 2)
 278 R   0.00021 0.85552 0.00003 0.14424 ( 2)
 279 L   0.06522 0.70800 0.10742 0.11937 ( 2)
 280 A   0.87073 0.00648 0.12170 0.00109 ( 1)
 281 R   0.36227 0.08250 0.54133 0.01391 ( 3)
 282 V   0.85852 0.01418 0.12491 0.00239 ( 1)
 283 F   0.86688 0.01034 0.12104 0.00174 ( 1)
 284 F   0.86870 0.00879 0.12103 0.00148 ( 1)
 285 E   0.85765 0.01473 0.12514 0.00248 ( 1)
 286 S   0.86045 0.01420 0.12295 0.00239 ( 1)
 287 V   0.85852 0.01418 0.12491 0.00239 ( 1)
 288 V   0.85852 0.01418 0.12491 0.00239 ( 1)
 289 L   0.82440 0.04171 0.12686 0.00703 ( 1)
 290 A   0.81339 0.06240 0.11369 0.01052 ( 1)
 291 N   0.39441 0.03702 0.56233 0.00624 ( 3)
 292 L   0.57398 0.28897 0.08832 0.04872 ( 1)
 293 T   0.81482 0.04986 0.12691 0.00841 ( 1)
 294 G   0.86565 0.00940 0.12337 0.00159 ( 1)
 295 K   0.85425 0.01718 0.12567 0.00290 ( 1)
 296 V   0.85852 0.01418 0.12491 0.00239 ( 1)
 297 W   0.82738 0.03899 0.12705 0.00657 ( 1)
 298 I   0.39716 0.46901 0.05475 0.07908 ( 2)
 299 A   0.87073 0.00648 0.12170 0.00109 ( 1)
 300 S   0.75271 0.10632 0.12305 0.01793 ( 1)
 301 E   0.79358 0.06859 0.12627 0.01156 ( 1)
 302 D   0.42495 0.44126 0.05940 0.07440 ( 2)
 303 W   0.82738 0.03899 0.12705 0.00657 ( 1)
 304 A   0.80354 0.07201 0.11231 0.01214 ( 1)
 305 I   0.80709 0.06984 0.11130 0.01177 ( 1)
 306 S   0.86497 0.00978 0.12360 0.00165 ( 1)
 307 R   0.03379 0.74037 0.10101 0.12483 ( 2)
 308 H   0.77983 0.09350 0.11091 0.01576 ( 1)
 309 I   0.87381 0.00493 0.12043 0.00083 ( 1)
 310 T   0.55334 0.30846 0.08619 0.05201 ( 1)
 311 G   0.23693 0.62264 0.03545 0.10498 ( 2)
 312 V   0.85608 0.01655 0.12458 0.00279 ( 1)
 313 P   0.84828 0.01677 0.13212 0.00283 ( 1)
 314 G   0.85136 0.01938 0.12599 0.00327 ( 1)
 315 I   0.87381 0.00493 0.12043 0.00083 ( 1)
 316 Q   0.16156 0.69650 0.02451 0.11743 ( 2)
 317 G   0.24525 0.34511 0.35145 0.05819 ( 3)
 318 I   0.84866 0.02567 0.12134 0.00433 ( 1)
 319 G   0.85081 0.01990 0.12593 0.00336 ( 1)
 320 T   0.00020 0.85552 0.00003 0.14424 ( 2)
 321 V   0.85907 0.01363 0.12499 0.00230 ( 1)
 322 L   0.82504 0.04108 0.12696 0.00693 ( 1)
 323 G   0.82987 0.03470 0.12958 0.00585 ( 1)
 324 V   0.85794 0.01448 0.12513 0.00244 ( 1)
 325 A   0.87073 0.00648 0.12170 0.00109 ( 1)
 326 I   0.87381 0.00493 0.12043 0.00083 ( 1)
 327 Q   0.83675 0.03107 0.12695 0.00524 ( 1)
 328 L   0.02093 0.81119 0.03111 0.13677 ( 2)
 329 R   0.19158 0.44650 0.28664 0.07528 ( 2)
 330 L   0.00008 0.85564 0.00001 0.14426 ( 2)
 331 V   0.81053 0.06526 0.11320 0.01100 ( 1)
 332 P   0.82131 0.04321 0.12820 0.00728 ( 1)
 333 G   0.78643 0.08685 0.11208 0.01464 ( 1)
 334 L   0.82477 0.04134 0.12692 0.00697 ( 1)
 335 K   0.72210 0.14689 0.10624 0.02477 ( 1)
 336 E   0.69907 0.16998 0.10229 0.02866 ( 1)
 337 F   0.58114 0.28009 0.09154 0.04722 ( 1)
 338 E   0.78360 0.07828 0.12493 0.01320 ( 1)
 339 E   0.83854 0.03325 0.12260 0.00561 ( 1)
 340 A   0.87073 0.00648 0.12170 0.00109 ( 1)
 341 Y   0.79972 0.06352 0.12604 0.01071 ( 1)
 342 A   0.81450 0.06131 0.11385 0.01034 ( 1)
 343 Q   0.00065 0.85509 0.00010 0.14417 ( 2)
 344 A   0.44777 0.41656 0.06544 0.07023 ( 1)
 345 D   0.86982 0.00695 0.12205 0.00117 ( 1)
 346 K   0.85425 0.01718 0.12567 0.00290 ( 1)
 347 G   0.00295 0.85098 0.00260 0.14348 ( 2)
 348 A   0.38195 0.03306 0.57942 0.00557 ( 3)
 349 P   0.03011 0.82629 0.00429 0.13931 ( 2)
 350 L   0.11601 0.74176 0.01716 0.12506 ( 2)
 351 P   0.39973 0.46008 0.06262 0.07757 ( 2)
 352 C   0.86051 0.01320 0.12407 0.00223 ( 1)
 353 P   0.00625 0.84282 0.00883 0.14210 ( 2)
 354 T   0.02441 0.83160 0.00378 0.14021 ( 2)
 355 G   0.78574 0.08753 0.11197 0.01476 ( 1)
 356 A   0.76999 0.10267 0.11003 0.01731 ( 1)
 357 W   0.60372 0.25989 0.09257 0.04382 ( 1)
 358 C   0.86214 0.01160 0.12430 0.00196 ( 1)
 359 S   0.86677 0.00867 0.12310 0.00146 ( 1)
 360 S   0.86677 0.00867 0.12310 0.00146 ( 1)
 361 N   0.81933 0.04599 0.12692 0.00775 ( 1)
 362 Q   0.83675 0.03107 0.12695 0.00524 ( 1)
 363 L   0.25907 0.29875 0.39181 0.05037 ( 3)
 364 C   0.86051 0.01320 0.12407 0.00223 ( 1)
 365 R   0.77609 0.08461 0.12503 0.01427 ( 1)
 366 E   0.06433 0.71030 0.10562 0.11976 ( 2)
 367 C   0.86020 0.01330 0.12426 0.00224 ( 1)
 368 C   0.00016 0.85557 0.00003 0.14425 ( 2)
 369 A   0.31726 0.15717 0.49907 0.02650 ( 3)
 370 F   0.87156 0.00601 0.12141 0.00101 ( 1)
 371 T   0.00003 0.85557 0.00014 0.14425 ( 2)
 372 A   0.05420 0.80181 0.00880 0.13519 ( 2)
 373 H   0.86606 0.00922 0.12317 0.00155 ( 1)
 374 T   0.00002 0.85571 0.00000 0.14427 ( 2)
 375 T   0.80563 0.06965 0.11298 0.01174 ( 1)
 376 P   0.86672 0.00888 0.12291 0.00150 ( 1)
 377 T   0.01943 0.83664 0.00287 0.14106 ( 2)
 378 L   0.85076 0.01468 0.13208 0.00248 ( 1)
 379 G   0.00005 0.85560 0.00009 0.14426 ( 2)
 380 P   0.43526 0.43118 0.06087 0.07270 ( 1)
 381 F   0.38444 0.02893 0.58175 0.00488 ( 3)
 382 S   0.86497 0.00978 0.12360 0.00165 ( 1)
 383 M   0.87004 0.00680 0.12202 0.00115 ( 1)
 384 S   0.81776 0.04725 0.12702 0.00797 ( 1)
 385 S   0.51157 0.34936 0.08016 0.05890 ( 1)
 386 A   0.87073 0.00648 0.12170 0.00109 ( 1)
 387 Y   0.86067 0.01261 0.12459 0.00213 ( 1)
 388 N   0.86773 0.00820 0.12269 0.00138 ( 1)
 389 V   0.19302 0.66631 0.02833 0.11234 ( 2)
 390 Y   0.84628 0.01762 0.13312 0.00297 ( 1)
 391 Q   0.01489 0.84106 0.00225 0.14180 ( 2)
 392 A   0.80575 0.05467 0.13037 0.00922 ( 1)
 393 V   0.85852 0.01418 0.12491 0.00239 ( 1)
 394 Y   0.83634 0.03623 0.12132 0.00611 ( 1)
 395 T   0.01338 0.82637 0.02093 0.13933 ( 2)
 396 V   0.85852 0.01418 0.12491 0.00239 ( 1)
 397 A   0.87048 0.00672 0.12167 0.00113 ( 1)
 398 H   0.82369 0.04592 0.12265 0.00774 ( 1)
 399 G   0.86565 0.00940 0.12337 0.00159 ( 1)
 400 L   0.86802 0.00803 0.12260 0.00135 ( 1)
 401 H   0.86626 0.00902 0.12320 0.00152 ( 1)
 402 Q   0.83675 0.03107 0.12695 0.00524 ( 1)
 403 L   0.86802 0.00803 0.12260 0.00135 ( 1)
 404 L   0.82504 0.04108 0.12696 0.00693 ( 1)
 405 G   0.86565 0.00940 0.12337 0.00159 ( 1)
 406 C   0.84013 0.03296 0.12136 0.00556 ( 1)
 407 A   0.79564 0.07885 0.11222 0.01329 ( 1)
 408 S   0.81933 0.04474 0.12839 0.00754 ( 1)
 409 G   0.75738 0.10199 0.12344 0.01719 ( 1)
 410 A   0.72606 0.14737 0.10172 0.02485 ( 1)
 411 C   0.80716 0.05680 0.12646 0.00958 ( 1)
 412 S   0.86497 0.00978 0.12360 0.00165 ( 1)
 413 R   0.85174 0.01906 0.12598 0.00321 ( 1)
 414 S   0.40015 0.46450 0.05703 0.07832 ( 2)
 415 Q   0.00528 0.85047 0.00086 0.14339 ( 2)
 416 V   0.87099 0.00641 0.12152 0.00108 ( 1)
 417 Y   0.30006 0.56241 0.04270 0.09482 ( 2)
 418 P   0.86668 0.00896 0.12285 0.00151 ( 1)
 419 W   0.82738 0.03899 0.12705 0.00657 ( 1)
 420 Q   0.83675 0.03107 0.12695 0.00524 ( 1)
 421 L   0.81326 0.05138 0.12670 0.00866 ( 1)
 422 L   0.82153 0.04454 0.12642 0.00751 ( 1)
 423 E   0.73821 0.13185 0.10771 0.02223 ( 1)
 424 Q   0.83675 0.03107 0.12695 0.00524 ( 1)
 425 I   0.87381 0.00493 0.12043 0.00083 ( 1)
 426 H   0.00543 0.85042 0.00077 0.14338 ( 2)
 427 K   0.85371 0.01771 0.12559 0.00299 ( 1)
 428 A   0.75094 0.11963 0.10926 0.02017 ( 1)
 429 N   0.54850 0.31365 0.08497 0.05288 ( 1)
 430 F   0.87137 0.00620 0.12139 0.00104 ( 1)
 431 L   0.81326 0.05138 0.12670 0.00866 ( 1)
 432 L   0.73502 0.12334 0.12084 0.02080 ( 1)
 433 H   0.86377 0.01106 0.12330 0.00187 ( 1)
 434 E   0.00346 0.85231 0.00053 0.14370 ( 2)
 435 D   0.86982 0.00695 0.12205 0.00117 ( 1)
 436 T   0.82168 0.04308 0.12798 0.00726 ( 1)
 437 V   0.85852 0.01418 0.12491 0.00239 ( 1)
 438 T   0.00116 0.85457 0.00019 0.14408 ( 2)
 439 F   0.57877 0.28411 0.08922 0.04790 ( 1)
 440 N   0.12584 0.73136 0.01949 0.12331 ( 2)
 441 D   0.86982 0.00695 0.12205 0.00117 ( 1)
 442 N   0.83469 0.03092 0.12917 0.00521 ( 1)
 443 G   0.11765 0.74012 0.01745 0.12478 ( 2)
 444 D   0.26181 0.59975 0.03732 0.10112 ( 2)
 445 P   0.78924 0.08460 0.11189 0.01426 ( 1)
 446 L   0.34042 0.52003 0.05187 0.08768 ( 2)
 447 S   0.81663 0.04836 0.12685 0.00815 ( 1)
 448 G   0.77832 0.09478 0.11092 0.01598 ( 1)
 449 Y   0.79972 0.06352 0.12604 0.01071 ( 1)
 450 N   0.06822 0.78911 0.00962 0.13305 ( 2)
 451 I   0.82978 0.03670 0.12734 0.00619 ( 1)
 452 I   0.83003 0.03673 0.12705 0.00619 ( 1)
 453 A   0.81329 0.06250 0.11368 0.01054 ( 1)
 454 W   0.82738 0.03899 0.12705 0.00657 ( 1)
 455 D   0.86982 0.00695 0.12205 0.00117 ( 1)
 456 W   0.82738 0.03899 0.12705 0.00657 ( 1)
 457 I   0.01301 0.84287 0.00202 0.14211 ( 2)
 458 G   0.84908 0.02162 0.12565 0.00365 ( 1)
 459 F   0.41417 0.45103 0.05875 0.07604 ( 2)
 460 K   0.73965 0.13321 0.10468 0.02246 ( 1)
 461 W   0.82738 0.03899 0.12705 0.00657 ( 1)
 462 T   0.86864 0.00759 0.12249 0.00128 ( 1)
 463 F   0.87055 0.00699 0.12127 0.00118 ( 1)
 464 T   0.84618 0.02624 0.12316 0.00442 ( 1)
 465 V   0.33001 0.53367 0.04634 0.08998 ( 2)
 466 I   0.01859 0.83670 0.00365 0.14107 ( 2)
 467 G   0.85315 0.01643 0.12765 0.00277 ( 1)
 468 S   0.85953 0.01019 0.12856 0.00172 ( 1)
 469 S   0.86497 0.00978 0.12360 0.00165 ( 1)
 470 T   0.77446 0.08569 0.12540 0.01445 ( 1)
 471 A   0.12364 0.73367 0.01899 0.12370 ( 2)
 472 S   0.50017 0.36064 0.07839 0.06080 ( 1)
 473 P   0.75021 0.10946 0.12187 0.01846 ( 1)
 474 V   0.30220 0.17846 0.48925 0.03009 ( 3)
 475 R   0.00073 0.85353 0.00183 0.14391 ( 2)
 476 L   0.77155 0.09372 0.11892 0.01580 ( 1)
 477 D   0.78788 0.08691 0.11055 0.01465 ( 1)
 478 I   0.82805 0.03841 0.12707 0.00648 ( 1)
 479 N   0.81933 0.04599 0.12692 0.00775 ( 1)
 480 E   0.73832 0.13174 0.10773 0.02221 ( 1)
 481 T   0.86863 0.00761 0.12249 0.00128 ( 1)
 482 K   0.77465 0.08656 0.12419 0.01459 ( 1)
 483 I   0.87342 0.00528 0.12041 0.00089 ( 1)
 484 Q   0.83675 0.03107 0.12695 0.00524 ( 1)
 485 W   0.82738 0.03899 0.12705 0.00657 ( 1)
 486 H   0.76045 0.10799 0.11335 0.01821 ( 1)
 487 R   0.05378 0.80220 0.00877 0.13525 ( 2)
 488 K   0.85425 0.01718 0.12567 0.00290 ( 1)
 489 D   0.80939 0.06592 0.11357 0.01111 ( 1)
 490 N   0.86794 0.00799 0.12272 0.00135 ( 1)
 491 Q   0.83675 0.03107 0.12695 0.00524 ( 1)
 492 V   0.85794 0.01448 0.12513 0.00244 ( 1)
 493 P   0.81793 0.04654 0.12768 0.00785 ( 1)
 494 Q   0.25944 0.60108 0.03813 0.10134 ( 2)
 495 S   0.80689 0.05706 0.12644 0.00962 ( 1)
 496 V   0.85852 0.01418 0.12491 0.00239 ( 1)
 497 C   0.84838 0.02488 0.12255 0.00419 ( 1)
 498 S   0.86497 0.00978 0.12360 0.00165 ( 1)
 499 S   0.85532 0.01964 0.12173 0.00331 ( 1)
 500 D   0.86936 0.00739 0.12201 0.00125 ( 1)
 501 C   0.81167 0.05234 0.12717 0.00882 ( 1)
 502 L   0.81326 0.05138 0.12670 0.00866 ( 1)
 503 E   0.42491 0.43415 0.06774 0.07320 ( 2)
 504 G   0.84832 0.02237 0.12554 0.00377 ( 1)
 505 H   0.78767 0.08564 0.11225 0.01444 ( 1)
 506 Q   0.83675 0.03107 0.12695 0.00524 ( 1)
 507 R   0.04325 0.81273 0.00699 0.13703 ( 2)
 508 V   0.85852 0.01418 0.12491 0.00239 ( 1)
 509 V   0.82332 0.04206 0.12754 0.00709 ( 1)
 510 V   0.00022 0.85551 0.00003 0.14424 ( 2)
 511 G   0.29544 0.20535 0.46460 0.03462 ( 3)
 512 S   0.81563 0.06054 0.11362 0.01021 ( 1)
 513 H   0.13656 0.67259 0.07744 0.11340 ( 2)
 514 H   0.79004 0.08352 0.11236 0.01408 ( 1)
 515 C   0.80951 0.05448 0.12683 0.00919 ( 1)
 516 C   0.86214 0.01160 0.12430 0.00196 ( 1)
 517 F   0.83565 0.03074 0.12843 0.00518 ( 1)
 518 E   0.74044 0.12966 0.10804 0.02186 ( 1)
 519 C   0.80716 0.05680 0.12646 0.00958 ( 1)
 520 V   0.84348 0.02229 0.13047 0.00376 ( 1)
 521 P   0.86442 0.01118 0.12251 0.00188 ( 1)
 522 C   0.80840 0.05649 0.12559 0.00952 ( 1)
 523 E   0.22973 0.63045 0.03353 0.10630 ( 2)
 524 S   0.52186 0.33989 0.08094 0.05731 ( 1)
 525 G   0.85050 0.02023 0.12586 0.00341 ( 1)
 526 T   0.27103 0.59109 0.03822 0.09966 ( 2)
 527 F   0.48214 0.38567 0.06717 0.06502 ( 1)
 528 L   0.37374 0.49063 0.05291 0.08272 ( 2)
 529 N   0.43400 0.43183 0.06137 0.07281 ( 1)
 530 K   0.27303 0.58771 0.04017 0.09909 ( 2)
 531 S   0.80993 0.05500 0.12581 0.00927 ( 1)
 532 D   0.86734 0.00937 0.12170 0.00158 ( 1)
 533 L   0.76736 0.10494 0.11001 0.01769 ( 1)
 534 Y   0.73070 0.13943 0.10636 0.02351 ( 1)
 535 R   0.09159 0.76414 0.01543 0.12884 ( 2)
 536 C   0.85797 0.01566 0.12374 0.00264 ( 1)
 537 Q   0.83675 0.03107 0.12695 0.00524 ( 1)
 538 P   0.51486 0.34637 0.08037 0.05840 ( 1)
 539 C   0.80716 0.05680 0.12646 0.00958 ( 1)
 540 G   0.85136 0.01938 0.12599 0.00327 ( 1)
 541 K   0.78382 0.07746 0.12566 0.01306 ( 1)
 542 E   0.78360 0.07828 0.12493 0.01320 ( 1)
 543 E   0.85751 0.01475 0.12526 0.00249 ( 1)
 544 W   0.82738 0.03899 0.12705 0.00657 ( 1)
 545 A   0.75635 0.10368 0.12249 0.01748 ( 1)
 546 P   0.82176 0.04276 0.12827 0.00721 ( 1)
 547 E   0.04030 0.81618 0.00591 0.13761 ( 2)
 548 G   0.32700 0.53030 0.05330 0.08941 ( 2)
 549 S   0.86677 0.00867 0.12310 0.00146 ( 1)
 550 Q   0.83675 0.03107 0.12695 0.00524 ( 1)
 551 T   0.39470 0.04122 0.55713 0.00695 ( 3)
 552 C   0.86214 0.01160 0.12430 0.00196 ( 1)
 553 F   0.87082 0.00673 0.12131 0.00114 ( 1)
 554 P   0.43363 0.42451 0.07029 0.07157 ( 1)
 555 R   0.85493 0.01858 0.12336 0.00313 ( 1)
 556 T   0.82281 0.04196 0.12816 0.00707 ( 1)
 557 V   0.85613 0.01652 0.12457 0.00279 ( 1)
 558 V   0.74565 0.12481 0.10849 0.02104 ( 1)
 559 F   0.13034 0.72646 0.02071 0.12248 ( 2)
 560 L   0.82433 0.04171 0.12693 0.00703 ( 1)
 561 A   0.11122 0.74572 0.01732 0.12573 ( 2)
 562 W   0.13911 0.71840 0.02137 0.12112 ( 2)
 563 H   0.12949 0.72771 0.02011 0.12269 ( 2)
 564 E   0.85765 0.01473 0.12514 0.00248 ( 1)
 565 C   0.00636 0.84951 0.00091 0.14323 ( 2)
 566 I   0.80944 0.06755 0.11162 0.01139 ( 1)
 567 S   0.80689 0.05706 0.12644 0.00962 ( 1)
 568 W   0.82738 0.03899 0.12705 0.00657 ( 1)
 569 V   0.85852 0.01418 0.12491 0.00239 ( 1)
 570 L   0.82197 0.04404 0.12656 0.00743 ( 1)
 571 L   0.82473 0.04139 0.12691 0.00698 ( 1)
 572 A   0.35049 0.50723 0.05676 0.08552 ( 2)
 573 A   0.56441 0.29783 0.08754 0.05021 ( 1)
 574 N   0.84532 0.02054 0.13068 0.00346 ( 1)
 575 T   0.67611 0.19064 0.10111 0.03214 ( 1)
 576 L   0.13629 0.72114 0.02098 0.12159 ( 2)
 577 L   0.82354 0.04256 0.12673 0.00718 ( 1)
 578 L   0.82494 0.04118 0.12694 0.00694 ( 1)
 579 V   0.57403 0.28892 0.08833 0.04871 ( 1)
 580 V   0.57320 0.28974 0.08821 0.04885 ( 1)
 581 V   0.58398 0.27910 0.08986 0.04706 ( 1)
 582 V   0.11398 0.74308 0.01766 0.12528 ( 2)
 583 G   0.85225 0.01851 0.12612 0.00312 ( 1)
 584 T   0.52627 0.33523 0.08197 0.05652 ( 1)
 585 V   0.54248 0.31950 0.08414 0.05387 ( 1)
 586 G   0.86343 0.01153 0.12309 0.00194 ( 1)
 587 L   0.82504 0.04108 0.12696 0.00693 ( 1)
 588 F   0.82664 0.03963 0.12705 0.00668 ( 1)
 589 A   0.86479 0.00679 0.12728 0.00114 ( 1)
 590 W   0.82738 0.03899 0.12705 0.00657 ( 1)
 591 H   0.86629 0.00899 0.12320 0.00152 ( 1)
 592 Q   0.29587 0.56092 0.04864 0.09457 ( 2)
 593 D   0.86982 0.00695 0.12205 0.00117 ( 1)
 594 T   0.86786 0.00835 0.12238 0.00141 ( 1)
 595 P   0.81126 0.05315 0.12663 0.00896 ( 1)
 596 V   0.85852 0.01418 0.12491 0.00239 ( 1)
 597 V   0.85798 0.01471 0.12483 0.00248 ( 1)
 598 R   0.85174 0.01906 0.12598 0.00321 ( 1)
 599 S   0.73697 0.12199 0.12048 0.02057 ( 1)
 600 A   0.79699 0.06783 0.12374 0.01144 ( 1)
 601 G   0.85136 0.01938 0.12599 0.00327 ( 1)
 602 G   0.86565 0.00940 0.12337 0.00159 ( 1)
 603 W   0.00262 0.85314 0.00040 0.14384 ( 2)
 604 L   0.82504 0.04108 0.12696 0.00693 ( 1)
 605 C   0.86200 0.01174 0.12428 0.00198 ( 1)
 606 F   0.86199 0.01511 0.12035 0.00255 ( 1)
 607 L   0.85687 0.01868 0.12130 0.00315 ( 1)
 608 M   0.87004 0.00680 0.12202 0.00115 ( 1)
 609 L   0.82244 0.04364 0.12656 0.00736 ( 1)
 610 G   0.86460 0.01042 0.12322 0.00176 ( 1)
 611 S   0.86428 0.01046 0.12350 0.00176 ( 1)
 612 L   0.82504 0.04108 0.12696 0.00693 ( 1)
 613 A   0.76985 0.09025 0.12468 0.01522 ( 1)
 614 G   0.00732 0.83982 0.01126 0.14160 ( 2)
 615 A   0.48896 0.37183 0.07651 0.06269 ( 1)
 616 S   0.86418 0.01121 0.12273 0.00189 ( 1)
 617 C   0.00574 0.85010 0.00083 0.14333 ( 2)
 618 S   0.86677 0.00867 0.12310 0.00146 ( 1)
 619 L   0.79476 0.07935 0.11251 0.01338 ( 1)
 620 Y   0.79972 0.06352 0.12604 0.01071 ( 1)
 621 G   0.86539 0.00965 0.12333 0.00163 ( 1)
 622 F   0.87114 0.00635 0.12143 0.00107 ( 1)
 623 F   0.82664 0.03963 0.12705 0.00668 ( 1)
 624 G   0.84832 0.02237 0.12554 0.00377 ( 1)
 625 E   0.84891 0.02329 0.12387 0.00393 ( 1)
 626 P   0.86591 0.00973 0.12272 0.00164 ( 1)
 627 T   0.44367 0.41803 0.06783 0.07048 ( 1)
 628 L   0.11274 0.74442 0.01733 0.12551 ( 2)
 629 P   0.34708 0.13159 0.49914 0.02219 ( 3)
 630 A   0.40596 0.45208 0.06574 0.07622 ( 2)
 631 C   0.86051 0.01320 0.12407 0.00223 ( 1)
 632 L   0.81414 0.05177 0.12536 0.00873 ( 1)
 633 L   0.82481 0.04131 0.12692 0.00696 ( 1)
 634 R   0.86171 0.01194 0.12434 0.00201 ( 1)
 635 Q   0.83364 0.03413 0.12647 0.00576 ( 1)
 636 A   0.79246 0.08281 0.11077 0.01396 ( 1)
 637 I   0.78659 0.08756 0.11110 0.01476 ( 1)
 638 F   0.82664 0.03963 0.12705 0.00668 ( 1)
 639 A   0.86963 0.00755 0.12155 0.00127 ( 1)
 640 L   0.81984 0.04487 0.12773 0.00757 ( 1)
 641 G   0.81013 0.05399 0.12677 0.00910 ( 1)
 642 F   0.85475 0.01213 0.13107 0.00205 ( 1)
 643 T   0.78214 0.09285 0.10935 0.01566 ( 1)
 644 I   0.82965 0.04792 0.11435 0.00808 ( 1)
 645 F   0.87133 0.00623 0.12138 0.00105 ( 1)
 646 L   0.82482 0.04130 0.12692 0.00696 ( 1)
 647 S   0.86484 0.00991 0.12358 0.00167 ( 1)
 648 C   0.86214 0.01160 0.12430 0.00196 ( 1)
 649 L   0.57398 0.28897 0.08832 0.04872 ( 1)
 650 T   0.75493 0.10488 0.12252 0.01768 ( 1)
 651 V   0.81912 0.04620 0.12689 0.00779 ( 1)
 652 R   0.86138 0.01226 0.12429 0.00207 ( 1)
 653 S   0.86037 0.01428 0.12294 0.00241 ( 1)
 654 F   0.87156 0.00601 0.12141 0.00101 ( 1)
 655 Q   0.76639 0.09402 0.12373 0.01585 ( 1)
 656 L   0.79191 0.07363 0.12204 0.01241 ( 1)
 657 V   0.80143 0.07426 0.11179 0.01252 ( 1)
 658 I   0.87381 0.00493 0.12043 0.00083 ( 1)
 659 I   0.87316 0.00555 0.12035 0.00094 ( 1)
 660 F   0.87156 0.00601 0.12141 0.00101 ( 1)
 661 K   0.85425 0.01718 0.12567 0.00290 ( 1)
 662 F   0.82664 0.03963 0.12705 0.00668 ( 1)
 663 S   0.86423 0.01049 0.12351 0.00177 ( 1)
 664 T   0.45730 0.40922 0.06448 0.06900 ( 1)
 665 K   0.85294 0.01847 0.12548 0.00311 ( 1)
 666 V   0.06801 0.78808 0.01104 0.13287 ( 2)
 667 P   0.85448 0.02066 0.12137 0.00348 ( 1)
 668 T   0.10024 0.75301 0.01979 0.12696 ( 2)
 669 F   0.87156 0.00601 0.12141 0.00101 ( 1)
 670 Y   0.33929 0.52334 0.04913 0.08824 ( 2)
 671 H   0.13146 0.72557 0.02064 0.12233 ( 2)
 672 T   0.47825 0.38927 0.06685 0.06563 ( 1)
 673 W   0.82738 0.03899 0.12705 0.00657 ( 1)
 674 V   0.86997 0.00740 0.12138 0.00125 ( 1)
 675 Q   0.76230 0.09809 0.12307 0.01654 ( 1)
 676 N   0.86794 0.00799 0.12272 0.00135 ( 1)
 677 H   0.86193 0.01261 0.12333 0.00213 ( 1)
 678 G   0.80845 0.05566 0.12651 0.00938 ( 1)
 679 A   0.82805 0.03724 0.12843 0.00628 ( 1)
 680 A   0.04745 0.80934 0.00676 0.13646 ( 2)
 681 L   0.82504 0.04108 0.12696 0.00693 ( 1)
 682 F   0.82664 0.03963 0.12705 0.00668 ( 1)
 683 I   0.55595 0.31076 0.08089 0.05240 ( 1)
 684 M   0.31168 0.54805 0.04786 0.09240 ( 2)
 685 I   0.86778 0.00518 0.12617 0.00087 ( 1)
 686 S   0.79282 0.08100 0.11252 0.01366 ( 1)
 687 S   0.73697 0.12199 0.12048 0.02057 ( 1)
 688 M   0.00450 0.85133 0.00063 0.14354 ( 2)
 689 A   0.05384 0.80314 0.00761 0.13541 ( 2)
 690 Q   0.83675 0.03107 0.12695 0.00524 ( 1)
 691 L   0.82199 0.04409 0.12649 0.00743 ( 1)
 692 L   0.81704 0.04764 0.12729 0.00803 ( 1)
 693 I   0.87381 0.00493 0.12043 0.00083 ( 1)
 694 C   0.80772 0.05625 0.12655 0.00948 ( 1)
 695 L   0.73502 0.12334 0.12084 0.02080 ( 1)
 696 T   0.83060 0.04308 0.11905 0.00726 ( 1)
 697 W   0.82738 0.03899 0.12705 0.00657 ( 1)
 698 L   0.81788 0.04684 0.12738 0.00790 ( 1)
 699 A   0.26713 0.59382 0.03893 0.10012 ( 2)
 700 V   0.74600 0.12447 0.10854 0.02099 ( 1)
 701 W   0.82738 0.03899 0.12705 0.00657 ( 1)
 702 T   0.86630 0.00963 0.12245 0.00162 ( 1)
 703 P   0.75021 0.10946 0.12187 0.01846 ( 1)
 704 L   0.82504 0.04108 0.12696 0.00693 ( 1)
 705 P   0.86582 0.00981 0.12271 0.00165 ( 1)
 706 T   0.71350 0.15887 0.10084 0.02679 ( 1)
 707 R   0.82372 0.03751 0.13245 0.00632 ( 1)
 708 E   0.78360 0.07828 0.12493 0.01320 ( 1)
 709 Y   0.85898 0.01426 0.12435 0.00240 ( 1)
 710 Q   0.15834 0.62951 0.10602 0.10614 ( 2)
 711 R   0.86174 0.01190 0.12435 0.00201 ( 1)
 712 F   0.87082 0.00673 0.12131 0.00114 ( 1)
 713 P   0.86591 0.00973 0.12272 0.00164 ( 1)
 714 Q   0.60216 0.26223 0.09140 0.04421 ( 1)
 715 L   0.82504 0.04108 0.12696 0.00693 ( 1)
 716 V   0.85613 0.01652 0.12457 0.00279 ( 1)
 717 V   0.43151 0.43468 0.06052 0.07329 ( 2)
 718 L   0.81326 0.05138 0.12670 0.00866 ( 1)
 719 E   0.72500 0.14480 0.10578 0.02441 ( 1)
 720 C   0.86214 0.01160 0.12430 0.00196 ( 1)
 721 T   0.75246 0.10733 0.12212 0.01810 ( 1)
 722 E   0.85765 0.01473 0.12514 0.00248 ( 1)
 723 T   0.00048 0.85497 0.00040 0.14415 ( 2)
 724 N   0.74988 0.11164 0.11966 0.01882 ( 1)
 725 S   0.83048 0.02926 0.13533 0.00493 ( 1)
 726 L   0.82504 0.04108 0.12696 0.00693 ( 1)
 727 G   0.86565 0.00940 0.12337 0.00159 ( 1)
 728 F   0.87156 0.00601 0.12141 0.00101 ( 1)
 729 M   0.23338 0.62689 0.03403 0.10570 ( 2)
 730 L   0.82482 0.04130 0.12692 0.00696 ( 1)
 731 A   0.87073 0.00648 0.12170 0.00109 ( 1)
 732 F   0.85833 0.00905 0.13110 0.00153 ( 1)
 733 G   0.00061 0.85513 0.00009 0.14418 ( 2)
 734 Y   0.86067 0.01261 0.12459 0.00213 ( 1)
 735 N   0.81933 0.04599 0.12692 0.00775 ( 1)
 736 G   0.77500 0.09803 0.11045 0.01653 ( 1)
 737 L   0.86630 0.00947 0.12263 0.00160 ( 1)
 738 L   0.86723 0.00880 0.12249 0.00148 ( 1)
 739 S   0.85397 0.01578 0.12759 0.00266 ( 1)
 740 V   0.07229 0.78523 0.01008 0.13239 ( 2)
 741 S   0.85798 0.01705 0.12210 0.00287 ( 1)
 742 A   0.86991 0.00727 0.12159 0.00123 ( 1)
 743 F   0.82664 0.03963 0.12705 0.00668 ( 1)
 744 A   0.86918 0.00799 0.12149 0.00135 ( 1)
 745 C   0.86097 0.01274 0.12413 0.00215 ( 1)
 746 S   0.79230 0.08145 0.11252 0.01373 ( 1)
 747 Y   0.86067 0.01261 0.12459 0.00213 ( 1)
 748 L   0.57413 0.28882 0.08835 0.04870 ( 1)
 749 G   0.86533 0.00971 0.12333 0.00164 ( 1)
 750 K   0.85294 0.01847 0.12548 0.00311 ( 1)
 751 D   0.86982 0.00695 0.12205 0.00117 ( 1)
 752 L   0.82388 0.04222 0.12678 0.00712 ( 1)
 753 P   0.75021 0.10946 0.12187 0.01846 ( 1)
 754 E   0.85765 0.01473 0.12514 0.00248 ( 1)
 755 N   0.86794 0.00799 0.12272 0.00135 ( 1)
 756 Y   0.83346 0.03032 0.13111 0.00511 ( 1)
 757 N   0.79073 0.08340 0.11181 0.01406 ( 1)
 758 E   0.85765 0.01473 0.12514 0.00248 ( 1)
 759 A   0.86479 0.00679 0.12728 0.00114 ( 1)
 760 K   0.77465 0.08656 0.12419 0.01459 ( 1)
 761 C   0.80716 0.05680 0.12646 0.00958 ( 1)
 762 V   0.87099 0.00641 0.12152 0.00108 ( 1)
 763 T   0.86652 0.00967 0.12219 0.00163 ( 1)
 764 F   0.86870 0.00879 0.12103 0.00148 ( 1)
 765 G   0.40465 0.46028 0.05747 0.07760 ( 2)
 766 L   0.82452 0.04120 0.12733 0.00695 ( 1)
 767 L   0.86802 0.00803 0.12260 0.00135 ( 1)
 768 L   0.79647 0.07793 0.11246 0.01314 ( 1)
 769 N   0.77611 0.09768 0.10974 0.01647 ( 1)
 770 F   0.87082 0.00673 0.12131 0.00114 ( 1)
 771 V   0.32557 0.53663 0.04733 0.09048 ( 2)
 772 S   0.86497 0.00978 0.12360 0.00165 ( 1)
 773 W   0.82738 0.03899 0.12705 0.00657 ( 1)
 774 I   0.87381 0.00493 0.12043 0.00083 ( 1)
 775 A   0.28271 0.24342 0.43283 0.04104 ( 3)
 776 F   0.81503 0.06094 0.11375 0.01028 ( 1)
 777 F   0.86580 0.00630 0.12684 0.00106 ( 1)
 778 T   0.86844 0.00779 0.12246 0.00131 ( 1)
 779 V   0.03193 0.82442 0.00466 0.13900 ( 2)
 780 A   0.86998 0.00721 0.12160 0.00122 ( 1)
 781 S   0.37712 0.04244 0.57329 0.00716 ( 3)
 782 V   0.81440 0.06159 0.11363 0.01038 ( 1)
 783 Y   0.37207 0.05973 0.55813 0.01007 ( 3)
 784 Q   0.27747 0.58233 0.04202 0.09818 ( 2)
 785 G   0.78231 0.09018 0.11230 0.01520 ( 1)
 786 K   0.85425 0.01718 0.12567 0.00290 ( 1)
 787 Y   0.85854 0.01449 0.12453 0.00244 ( 1)
 788 L   0.57394 0.28901 0.08832 0.04873 ( 1)
 789 P   0.39028 0.04368 0.55868 0.00736 ( 3)
 790 A   0.70473 0.16477 0.10271 0.02778 ( 1)
 791 V   0.79353 0.08193 0.11072 0.01381 ( 1)
 792 N   0.85067 0.01525 0.13150 0.00257 ( 1)
 793 V   0.35122 0.51133 0.05124 0.08621 ( 2)
 794 L   0.61344 0.25001 0.09440 0.04215 ( 1)
 795 A   0.85954 0.01714 0.12043 0.00289 ( 1)
 796 V   0.00200 0.85144 0.00301 0.14355 ( 2)
 797 L   0.60934 0.25405 0.09377 0.04283 ( 1)
 798 S   0.86677 0.00867 0.12310 0.00146 ( 1)
 799 S   0.86677 0.00867 0.12310 0.00146 ( 1)
 800 L   0.82497 0.04114 0.12695 0.00694 ( 1)
 801 S   0.79304 0.08072 0.11263 0.01361 ( 1)
 802 S   0.86462 0.01078 0.12279 0.00182 ( 1)
 803 G   0.86565 0.00940 0.12337 0.00159 ( 1)
 804 F   0.87156 0.00601 0.12141 0.00101 ( 1)
 805 S   0.70973 0.15425 0.11002 0.02601 ( 1)
 806 G   0.85874 0.01606 0.12249 0.00271 ( 1)
 807 Y   0.79972 0.06352 0.12604 0.01071 ( 1)
 808 F   0.86199 0.01511 0.12035 0.00255 ( 1)
 809 L   0.85805 0.01756 0.12143 0.00296 ( 1)
 810 P   0.86617 0.00947 0.12276 0.00160 ( 1)
 811 K   0.85245 0.01895 0.12540 0.00320 ( 1)
 812 C   0.86214 0.01160 0.12430 0.00196 ( 1)
 813 Y   0.82207 0.04160 0.12932 0.00701 ( 1)
 814 V   0.85424 0.01837 0.12429 0.00310 ( 1)
 815 I   0.87381 0.00493 0.12043 0.00083 ( 1)
 816 V   0.78196 0.09200 0.11053 0.01551 ( 1)
 817 C   0.76713 0.10462 0.11060 0.01764 ( 1)
 818 R   0.85891 0.01467 0.12394 0.00247 ( 1)
 819 P   0.38723 0.47053 0.06291 0.07933 ( 2)
 820 D   0.84938 0.01715 0.13058 0.00289 ( 1)
 821 L   0.86252 0.01314 0.12212 0.00222 ( 1)
 822 N   0.86704 0.00886 0.12260 0.00149 ( 1)
 823 S   0.79237 0.08083 0.11317 0.01363 ( 1)
 824 T   0.76574 0.09412 0.12427 0.01587 ( 1)
 825 E   0.85765 0.01473 0.12514 0.00248 ( 1)
 826 H   0.86629 0.00899 0.12320 0.00152 ( 1)
 827 F   0.87055 0.00699 0.12127 0.00118 ( 1)
 828 Q   0.83675 0.03107 0.12695 0.00524 ( 1)
 829 A   0.87064 0.00656 0.12169 0.00111 ( 1)
 830 S   0.86497 0.00978 0.12360 0.00165 ( 1)
 831 I   0.86501 0.01324 0.11951 0.00223 ( 1)
 832 Q   0.83675 0.03107 0.12695 0.00524 ( 1)
 833 D   0.80771 0.06756 0.11334 0.01139 ( 1)
 834 Y   0.86067 0.01261 0.12459 0.00213 ( 1)
 835 T   0.85326 0.01839 0.12524 0.00310 ( 1)
 836 R   0.85174 0.01906 0.12598 0.00321 ( 1)
 837 R   0.76527 0.10640 0.11039 0.01794 ( 1)
 838 W   0.01317 0.82805 0.01917 0.13961 ( 2)
 839 G   0.02568 0.49169 0.39972 0.08290 ( 2)
 840 S   0.74920 0.12298 0.10709 0.02074 ( 1)
 841 T   0.86465 0.01149 0.12192 0.00194 ( 1)


lnL = -10654.716966

