Supplemental results for CODEML (seqf: Human_TAS1R1_breaks2_2nd_attempt.txt  treef: TAS1R1_revised_tree_following_error_message.txt)


MLEs of dN/dS (w) for site classes (K=4)

site class             0        1       2a       2b
proportion       0.29439  0.09186  0.46778  0.14597
background w     0.10332  1.00000  0.10332  1.00000
foreground w     0.10332  1.00000  1.00000  1.00000

Naive Empirical Bayes (NEB) probabilities for 4 classes
(amino acids refer to 1st sequence: 1.Tarsier)

   1 M   0.38375 0.00310 0.60821 0.00493 ( 3)
   2 F   0.26125 0.12520 0.41462 0.19894 ( 3)
   3 H   0.18636 0.19995 0.29596 0.31773 ( 4)
   4 H   0.00017 0.38602 0.00042 0.61339 ( 4)
   5 V   0.00000 0.38625 0.00001 0.61374 ( 4)
   6 A   0.24455 0.14187 0.38815 0.22543 ( 3)
   7 H   0.00267 0.38359 0.00423 0.60952 ( 4)
   8 L   0.36857 0.01797 0.58491 0.02856 ( 3)
   9 V   0.16900 0.21747 0.26796 0.34556 ( 4)
  10 G   0.34820 0.03855 0.55199 0.06126 ( 3)
  11 L   0.36596 0.02058 0.58076 0.03270 ( 3)
  12 Q   0.36735 0.01923 0.58287 0.03056 ( 3)
  13 L   0.36354 0.02296 0.57703 0.03648 ( 3)
  14 S   0.02145 0.36483 0.03400 0.57972 ( 4)
  15 I   0.06254 0.05969 0.78293 0.09484 ( 3)
  16 S   0.34738 0.03936 0.55072 0.06254 ( 3)
  17 C   0.33876 0.04794 0.53712 0.07618 ( 3)
  18 C   0.38122 0.00554 0.60445 0.00880 ( 3)
  19 W   0.26461 0.12184 0.41994 0.19361 ( 3)
  20 A   0.37952 0.00734 0.60148 0.01166 ( 3)
  21 F   0.30822 0.07827 0.48914 0.12437 ( 3)
  22 S   0.18505 0.20150 0.29327 0.32019 ( 4)
  23 C   0.38134 0.00542 0.60463 0.00861 ( 3)
  24 H   0.38024 0.00657 0.60277 0.01043 ( 3)
  25 N   0.03306 0.35324 0.05241 0.56129 ( 4)
  26 T   0.00419 0.36566 0.04912 0.58103 ( 4)
  27 E   0.32245 0.06420 0.51135 0.10201 ( 3)
  28 F   0.01481 0.37145 0.02350 0.59024 ( 4)
  29 S   0.36045 0.02602 0.57218 0.04135 ( 3)
  30 P   0.36945 0.01704 0.58644 0.02708 ( 3)
  31 D   0.35762 0.02919 0.56680 0.04638 ( 3)
  32 F   0.38407 0.00280 0.60867 0.00445 ( 3)
  33 S   0.34922 0.03753 0.55360 0.05964 ( 3)
  34 L   0.38264 0.00420 0.60649 0.00667 ( 3)
  35 P   0.30612 0.08051 0.48544 0.12793 ( 3)
  36 G   0.37558 0.01109 0.59571 0.01762 ( 3)
  37 N   0.26937 0.11709 0.42750 0.18605 ( 3)
  38 Y   0.38099 0.00576 0.60411 0.00915 ( 3)
  39 L   0.38255 0.00429 0.60636 0.00681 ( 3)
  40 L   0.36778 0.01876 0.58366 0.02980 ( 3)
  41 A   0.16128 0.22501 0.25617 0.35754 ( 4)
  42 G   0.38205 0.00475 0.60566 0.00755 ( 3)
  43 F   0.07590 0.31040 0.12047 0.49323 ( 4)
  44 F   0.38405 0.00283 0.60863 0.00449 ( 3)
  45 P   0.23382 0.15258 0.37114 0.24245 ( 3)
  46 L   0.38302 0.00382 0.60710 0.00606 ( 3)
  47 H   0.36720 0.01931 0.58282 0.03068 ( 3)
  48 G   0.05147 0.33482 0.08170 0.53202 ( 4)
  49 D   0.11220 0.27421 0.17787 0.43572 ( 4)
  50 C   0.05125 0.33503 0.08136 0.53236 ( 4)
  51 L   0.25875 0.12770 0.41063 0.20292 ( 3)
  52 Q   0.37241 0.01417 0.59090 0.02251 ( 3)
  53 V   0.38068 0.00613 0.60346 0.00974 ( 3)
  54 R   0.36920 0.01746 0.58560 0.02774 ( 3)
  55 H   0.18073 0.20578 0.28650 0.32699 ( 4)
  56 R   0.34335 0.04303 0.54525 0.06837 ( 3)
  57 P   0.38002 0.00680 0.60239 0.01080 ( 3)
  58 E   0.37964 0.00708 0.60204 0.01124 ( 3)
  59 V   0.38026 0.00647 0.60299 0.01028 ( 3)
  60 T   0.32021 0.06653 0.50755 0.10571 ( 3)
  61 L   0.37160 0.01494 0.58972 0.02374 ( 3)
  62 C   0.35749 0.02898 0.56748 0.04605 ( 3)
  63 D   0.38259 0.00426 0.60638 0.00677 ( 3)
  64 R   0.37414 0.01252 0.59344 0.01990 ( 3)
  65 T   0.00017 0.38608 0.00028 0.61347 ( 4)
  66 C   0.01613 0.37015 0.02556 0.58816 ( 4)
  67 G   0.02649 0.35980 0.04200 0.57172 ( 4)
  68 F   0.38314 0.00373 0.60720 0.00593 ( 3)
  69 N   0.36954 0.01697 0.58651 0.02697 ( 3)
  70 G   0.11196 0.27437 0.17769 0.43598 ( 4)
  71 H   0.37886 0.00794 0.60058 0.01262 ( 3)
  72 G   0.32783 0.05889 0.51971 0.09357 ( 3)
  73 Y   0.15655 0.22990 0.24823 0.36532 ( 4)
  74 H   0.14442 0.24204 0.22894 0.38460 ( 4)
  75 L   0.34479 0.04199 0.54651 0.06672 ( 3)
  76 F   0.35930 0.02753 0.56941 0.04375 ( 3)
  77 Q   0.08397 0.30236 0.13323 0.48044 ( 4)
  78 A   0.13048 0.25586 0.20710 0.40656 ( 4)
  79 M   0.16005 0.22645 0.25366 0.35984 ( 4)
  80 R   0.28830 0.09827 0.45728 0.15615 ( 3)
  81 L   0.26477 0.12166 0.42025 0.19332 ( 3)
  82 S   0.00022 0.38604 0.00034 0.61341 ( 4)
  83 I   0.07158 0.31472 0.11361 0.50009 ( 4)
  84 E   0.07396 0.31238 0.11729 0.49637 ( 4)
  85 A   0.29850 0.08812 0.47337 0.14001 ( 3)
  86 I   0.36735 0.01919 0.58297 0.03049 ( 3)
  87 N   0.38198 0.00484 0.60549 0.00769 ( 3)
  88 N   0.38198 0.00484 0.60549 0.00769 ( 3)
  89 S   0.38096 0.00583 0.60396 0.00926 ( 3)
  90 T   0.37589 0.01080 0.59614 0.01717 ( 3)
  91 V   0.18700 0.19955 0.29637 0.31708 ( 4)
  92 L   0.36497 0.02156 0.57920 0.03426 ( 3)
  93 L   0.36487 0.02166 0.57905 0.03442 ( 3)
  94 P   0.38253 0.00429 0.60636 0.00682 ( 3)
  95 N   0.30577 0.08093 0.48470 0.12860 ( 3)
  96 V   0.04142 0.34490 0.06564 0.54804 ( 4)
  97 T   0.35313 0.03366 0.55973 0.05348 ( 3)
  98 L   0.20849 0.17792 0.33087 0.28272 ( 3)
  99 G   0.37845 0.00822 0.60027 0.01306 ( 3)
 100 Y   0.07468 0.31161 0.11856 0.49515 ( 4)
 101 E   0.00146 0.38472 0.00251 0.61131 ( 4)
 102 L   0.36781 0.01873 0.58370 0.02976 ( 3)
 103 Y   0.03325 0.35303 0.05276 0.56096 ( 4)
 104 D   0.37079 0.01574 0.58846 0.02501 ( 3)
 105 V   0.37856 0.00817 0.60029 0.01299 ( 3)
 106 C   0.37895 0.00781 0.60084 0.01240 ( 3)
 107 S   0.36666 0.01968 0.58238 0.03127 ( 3)
 108 E   0.33152 0.05525 0.52543 0.08780 ( 3)
 109 S   0.35922 0.02725 0.57024 0.04329 ( 3)
 110 A   0.38286 0.00401 0.60677 0.00637 ( 3)
 111 N   0.36754 0.01897 0.58334 0.03015 ( 3)
 112 V   0.37856 0.00817 0.60029 0.01299 ( 3)
 113 Y   0.35824 0.02822 0.56871 0.04484 ( 3)
 114 A   0.38239 0.00447 0.60603 0.00710 ( 3)
 115 T   0.37596 0.01073 0.59626 0.01705 ( 3)
 116 L   0.36497 0.02156 0.57920 0.03426 ( 3)
 117 S   0.03514 0.35112 0.05581 0.55793 ( 4)
 118 V   0.31974 0.06658 0.50789 0.10580 ( 3)
 119 L   0.38198 0.00486 0.60545 0.00772 ( 3)
 120 S   0.38062 0.00617 0.60342 0.00980 ( 3)
 121 L   0.05549 0.33080 0.08807 0.52564 ( 4)
 122 P   0.16558 0.22081 0.26275 0.35086 ( 4)
 123 G   0.37745 0.00922 0.59869 0.01464 ( 3)
 124 T   0.03028 0.35598 0.04809 0.56565 ( 4)
 125 R   0.00000 0.38625 0.00000 0.61375 ( 4)
 126 H   0.38142 0.00539 0.60463 0.00856 ( 3)
 127 I   0.36623 0.02031 0.58120 0.03226 ( 3)
 128 D   0.12252 0.26385 0.19438 0.41925 ( 4)
 129 I   0.34810 0.03869 0.55175 0.06147 ( 3)
 130 Q   0.35373 0.03265 0.56174 0.05188 ( 3)
 131 G   0.17518 0.21112 0.27823 0.33547 ( 4)
 132 D   0.33129 0.05548 0.52507 0.08816 ( 3)
 133 F   0.04912 0.33716 0.07797 0.53574 ( 4)
 134 L   0.38198 0.00486 0.60545 0.00772 ( 3)
 135 H   0.00213 0.38412 0.00338 0.61037 ( 4)
 136 Y   0.35785 0.02860 0.56809 0.04545 ( 3)
 137 S   0.01471 0.37156 0.02332 0.59041 ( 4)
 138 P   0.37597 0.01052 0.59679 0.01672 ( 3)
 139 K   0.30689 0.07972 0.48673 0.12667 ( 3)
 140 I   0.27522 0.11138 0.43642 0.17698 ( 3)
 141 V   0.28658 0.09989 0.45481 0.15872 ( 3)
 142 A   0.37415 0.01257 0.59332 0.01997 ( 3)
 143 V   0.37863 0.00810 0.60039 0.01288 ( 3)
 144 I   0.20838 0.17804 0.33068 0.28290 ( 3)
 145 G   0.31570 0.07090 0.50073 0.11267 ( 3)
 146 P   0.24929 0.13712 0.39571 0.21788 ( 3)
 147 D   0.17840 0.20813 0.28276 0.33071 ( 4)
 148 S   0.00013 0.38612 0.00020 0.61355 ( 4)
 149 T   0.34842 0.03836 0.55226 0.06095 ( 3)
 150 D   0.03727 0.34903 0.05908 0.55461 ( 4)
 151 H   0.00006 0.38619 0.00009 0.61366 ( 4)
 152 A   0.24569 0.14073 0.38996 0.22362 ( 3)
 153 A   0.29107 0.09565 0.46130 0.15198 ( 3)
 154 T   0.24956 0.13707 0.39556 0.21781 ( 3)
 155 T   0.03276 0.35350 0.05202 0.56172 ( 4)
 156 A   0.37523 0.01161 0.59471 0.01845 ( 3)
 157 A   0.34320 0.04360 0.54392 0.06928 ( 3)
 158 L   0.36340 0.02313 0.57671 0.03676 ( 3)
 159 L   0.36665 0.01988 0.58187 0.03160 ( 3)
 160 S   0.34065 0.04609 0.54001 0.07324 ( 3)
 161 P   0.35921 0.02728 0.57017 0.04334 ( 3)
 162 F   0.15513 0.23137 0.24584 0.36765 ( 4)
 163 L   0.36398 0.02256 0.57762 0.03584 ( 3)
 164 V   0.14059 0.24583 0.22294 0.39063 ( 4)
 165 P   0.38241 0.00441 0.60617 0.00701 ( 3)
 166 L   0.06609 0.32021 0.10489 0.50881 ( 4)
 167 I   0.38421 0.00270 0.60880 0.00429 ( 3)
 168 S   0.38285 0.00396 0.60690 0.00629 ( 3)
 169 Y   0.36979 0.01667 0.58705 0.02649 ( 3)
 170 E   0.00150 0.38476 0.00237 0.61138 ( 4)
 171 A   0.38391 0.00296 0.60843 0.00470 ( 3)
 172 S   0.38285 0.00396 0.60690 0.00629 ( 3)
 173 S   0.38258 0.00423 0.60648 0.00672 ( 3)
 174 T   0.00015 0.38610 0.00023 0.61352 ( 4)
 175 T   0.00985 0.37641 0.01562 0.59812 ( 4)
 176 L   0.38118 0.00565 0.60419 0.00898 ( 3)
 177 S   0.18137 0.20515 0.28751 0.32598 ( 4)
 178 V   0.00023 0.38602 0.00036 0.61339 ( 4)
 179 K   0.37885 0.00784 0.60085 0.01246 ( 3)
 180 R   0.09011 0.29619 0.14305 0.47065 ( 4)
 181 Q   0.26079 0.12569 0.41379 0.19973 ( 3)
 182 Y   0.36091 0.02555 0.57295 0.04059 ( 3)
 183 P   0.38297 0.00385 0.60707 0.00612 ( 3)
 184 S   0.36376 0.02272 0.57743 0.03609 ( 3)
 185 F   0.38124 0.00563 0.60417 0.00895 ( 3)
 186 L   0.36781 0.01873 0.58370 0.02976 ( 3)
 187 R   0.38126 0.00550 0.60450 0.00874 ( 3)
 188 T   0.38337 0.00347 0.60766 0.00551 ( 3)
 189 I   0.36577 0.02111 0.57957 0.03355 ( 3)
 190 P   0.38297 0.00385 0.60707 0.00612 ( 3)
 191 S   0.12483 0.26160 0.19788 0.41569 ( 4)
 192 D   0.38351 0.00334 0.60784 0.00531 ( 3)
 193 R   0.12882 0.25757 0.20432 0.40928 ( 4)
 194 H   0.02703 0.35926 0.04286 0.57086 ( 4)
 195 Q   0.37241 0.01417 0.59090 0.02251 ( 3)
 196 V   0.38026 0.00647 0.60299 0.01028 ( 3)
 197 E   0.38000 0.00672 0.60260 0.01068 ( 3)
 198 V   0.20849 0.17808 0.33047 0.28297 ( 3)
 199 M   0.35624 0.03057 0.56461 0.04858 ( 3)
 200 V   0.38026 0.00647 0.60299 0.01028 ( 3)
 201 L   0.25552 0.13092 0.40551 0.20804 ( 3)
 202 L   0.36781 0.01873 0.58370 0.02976 ( 3)
 203 L   0.36773 0.01881 0.58358 0.02989 ( 3)
 204 Q   0.00706 0.37919 0.01121 0.60253 ( 4)
 205 R   0.11147 0.27491 0.17680 0.43683 ( 4)
 206 F   0.38413 0.00275 0.60876 0.00436 ( 3)
 207 R   0.00017 0.38608 0.00028 0.61347 ( 4)
 208 W   0.36876 0.01778 0.58520 0.02826 ( 3)
 209 V   0.17628 0.21023 0.27942 0.33406 ( 4)
 210 W   0.36876 0.01778 0.58520 0.02826 ( 3)
 211 I   0.38467 0.00225 0.60951 0.00358 ( 3)
 212 S   0.36398 0.02249 0.57779 0.03574 ( 3)
 213 L   0.36781 0.01873 0.58370 0.02976 ( 3)
 214 V   0.10559 0.28068 0.16774 0.44599 ( 4)
 215 G   0.38251 0.00429 0.60638 0.00682 ( 3)
 216 S   0.38262 0.00419 0.60654 0.00666 ( 3)
 217 Y   0.00053 0.38572 0.00084 0.61291 ( 4)
 218 G   0.30833 0.07837 0.48879 0.12452 ( 3)
 219 D   0.38368 0.00317 0.60811 0.00504 ( 3)
 220 Y   0.36979 0.01667 0.58705 0.02649 ( 3)
 221 G   0.37867 0.00813 0.60029 0.01291 ( 3)
 222 Q   0.29405 0.09246 0.46657 0.14692 ( 3)
 223 Q   0.04554 0.34075 0.07227 0.54144 ( 4)
 224 G   0.30600 0.08059 0.48535 0.12806 ( 3)
 225 V   0.37930 0.00743 0.60146 0.01181 ( 3)
 226 Q   0.28209 0.10441 0.44760 0.16590 ( 3)
 227 A   0.25077 0.13557 0.39825 0.21542 ( 3)
 228 L   0.36854 0.01799 0.58487 0.02859 ( 3)
 229 E   0.14434 0.24208 0.22890 0.38467 ( 4)
 230 N   0.00360 0.38265 0.00571 0.60803 ( 4)
 231 Q   0.28154 0.10496 0.44672 0.16678 ( 3)
 232 A   0.38391 0.00296 0.60843 0.00470 ( 3)
 233 T   0.37791 0.00859 0.59984 0.01366 ( 3)
 234 D   0.00059 0.38567 0.00093 0.61282 ( 4)
 235 Q   0.27367 0.11282 0.43423 0.17927 ( 3)
 236 G   0.13785 0.24860 0.21852 0.39503 ( 4)
 237 I   0.36540 0.02148 0.57899 0.03413 ( 3)
 238 C   0.38146 0.00530 0.60483 0.00842 ( 3)
 239 I   0.36980 0.01675 0.58683 0.02662 ( 3)
 240 A   0.36623 0.02027 0.58128 0.03222 ( 3)
 241 F   0.38413 0.00275 0.60876 0.00436 ( 3)
 242 K   0.37885 0.00784 0.60085 0.01246 ( 3)
 243 D   0.35601 0.03079 0.56426 0.04893 ( 3)
 244 I   0.16568 0.22086 0.26252 0.35095 ( 4)
 245 V   0.32825 0.05842 0.52051 0.09283 ( 3)
 246 P   0.38202 0.00479 0.60557 0.00761 ( 3)
 247 L   0.35720 0.02963 0.56609 0.04708 ( 3)
 248 S   0.23260 0.15378 0.36927 0.24435 ( 3)
 249 A   0.38391 0.00296 0.60843 0.00470 ( 3)
 250 R   0.00009 0.38616 0.00014 0.61361 ( 4)
 251 V   0.37820 0.00853 0.59973 0.01355 ( 3)
 252 G   0.37375 0.01275 0.59324 0.02026 ( 3)
 253 D   0.36919 0.01734 0.58592 0.02755 ( 3)
 254 E   0.14177 0.24466 0.22481 0.38876 ( 4)
 255 R   0.30254 0.08404 0.47987 0.13354 ( 3)
 256 M   0.38375 0.00310 0.60821 0.00493 ( 3)
 257 Q   0.28237 0.10405 0.44825 0.16534 ( 3)
 258 G   0.00181 0.38444 0.00287 0.61088 ( 4)
 259 M   0.03077 0.35553 0.04877 0.56493 ( 4)
 260 M   0.38375 0.00310 0.60821 0.00493 ( 3)
 261 N   0.00026 0.38599 0.00041 0.61334 ( 4)
 262 R   0.03326 0.35304 0.05273 0.56097 ( 4)
 263 L   0.36781 0.01873 0.58370 0.02976 ( 3)
 264 A   0.35952 0.02695 0.57070 0.04283 ( 3)
 265 R   0.00936 0.37689 0.01486 0.59888 ( 4)
 266 A   0.38333 0.00354 0.60751 0.00562 ( 3)
 267 G   0.00181 0.38444 0.00288 0.61087 ( 4)
 268 T   0.35421 0.03261 0.56136 0.05182 ( 3)
 269 T   0.32364 0.06308 0.51305 0.10023 ( 3)
 270 V   0.38299 0.00388 0.60696 0.00616 ( 3)
 271 V   0.38026 0.00647 0.60299 0.01028 ( 3)
 272 V   0.12684 0.25957 0.20114 0.41245 ( 4)
 273 V   0.36669 0.01982 0.58199 0.03149 ( 3)
 274 F   0.37975 0.00680 0.60265 0.01081 ( 3)
 275 S   0.38232 0.00447 0.60611 0.00710 ( 3)
 276 S   0.00233 0.38392 0.00370 0.61005 ( 4)
 277 R   0.04482 0.34148 0.07110 0.54261 ( 4)
 278 R   0.00011 0.38614 0.00018 0.61357 ( 4)
 279 L   0.03464 0.35163 0.05498 0.55875 ( 4)
 280 A   0.38391 0.00296 0.60843 0.00470 ( 3)
 281 R   0.31591 0.07069 0.50108 0.11232 ( 3)
 282 V   0.38026 0.00647 0.60299 0.01028 ( 3)
 283 F   0.38219 0.00469 0.60568 0.00745 ( 3)
 284 F   0.38288 0.00399 0.60678 0.00634 ( 3)
 285 E   0.38000 0.00672 0.60260 0.01068 ( 3)
 286 S   0.38005 0.00644 0.60329 0.01023 ( 3)
 287 V   0.38026 0.00647 0.60299 0.01028 ( 3)
 288 V   0.38026 0.00647 0.60299 0.01028 ( 3)
 289 L   0.36752 0.01901 0.58325 0.03021 ( 3)
 290 A   0.35951 0.02732 0.56976 0.04341 ( 3)
 291 N   0.35399 0.03279 0.56112 0.05210 ( 3)
 292 L   0.25889 0.12750 0.41100 0.20260 ( 3)
 293 T   0.36374 0.02275 0.57736 0.03615 ( 3)
 294 G   0.38251 0.00429 0.60638 0.00682 ( 3)
 295 K   0.37885 0.00784 0.60085 0.01246 ( 3)
 296 V   0.38026 0.00647 0.60299 0.01028 ( 3)
 297 W   0.36876 0.01778 0.58520 0.02826 ( 3)
 298 I   0.18334 0.20323 0.29051 0.32292 ( 4)
 299 A   0.38391 0.00296 0.60843 0.00470 ( 3)
 300 S   0.33778 0.04856 0.53650 0.07716 ( 3)
 301 E   0.35510 0.03131 0.56383 0.04975 ( 3)
 302 D   0.19527 0.19127 0.30952 0.30393 ( 3)
 303 W   0.36876 0.01778 0.58520 0.02826 ( 3)
 304 A   0.35535 0.03147 0.56317 0.05001 ( 3)
 305 I   0.35643 0.03043 0.56478 0.04836 ( 3)
 306 S   0.38232 0.00447 0.60611 0.00710 ( 3)
 307 R   0.01797 0.36829 0.02853 0.58521 ( 4)
 308 H   0.34576 0.04088 0.54840 0.06496 ( 3)
 309 I   0.38467 0.00225 0.60951 0.00358 ( 3)
 310 T   0.24993 0.13647 0.39676 0.21685 ( 3)
 311 G   0.11116 0.27521 0.17631 0.43731 ( 4)
 312 V   0.37919 0.00754 0.60129 0.01198 ( 3)
 313 P   0.37902 0.00779 0.60081 0.01238 ( 3)
 314 G   0.37783 0.00884 0.59928 0.01405 ( 3)
 315 I   0.38467 0.00225 0.60951 0.00358 ( 3)
 316 Q   0.07674 0.30955 0.12183 0.49188 ( 4)
 317 G   0.16651 0.21996 0.26401 0.34952 ( 4)
 318 I   0.37484 0.01171 0.59483 0.01861 ( 3)
 319 G   0.37759 0.00908 0.59890 0.01443 ( 3)
 320 T   0.00011 0.38614 0.00017 0.61358 ( 4)
 321 V   0.38051 0.00622 0.60338 0.00989 ( 3)
 322 L   0.36781 0.01873 0.58370 0.02976 ( 3)
 323 G   0.37056 0.01593 0.58821 0.02531 ( 3)
 324 V   0.38012 0.00661 0.60276 0.01051 ( 3)
 325 A   0.38391 0.00296 0.60843 0.00470 ( 3)
 326 I   0.38467 0.00225 0.60951 0.00358 ( 3)
 327 Q   0.37241 0.01417 0.59090 0.02251 ( 3)
 328 L   0.01086 0.37540 0.01723 0.59651 ( 4)
 329 R   0.12108 0.26530 0.19206 0.42156 ( 4)
 330 L   0.00005 0.38620 0.00007 0.61368 ( 4)
 331 V   0.35822 0.02853 0.56790 0.04534 ( 3)
 332 P   0.36672 0.01977 0.58210 0.03141 ( 3)
 333 G   0.34869 0.03806 0.55278 0.06047 ( 3)
 334 L   0.36768 0.01885 0.58351 0.02995 ( 3)
 335 K   0.32210 0.06452 0.51086 0.10252 ( 3)
 336 E   0.31216 0.07448 0.49502 0.11834 ( 3)
 337 F   0.26218 0.12428 0.41607 0.19748 ( 3)
 338 E   0.35073 0.03568 0.55689 0.05670 ( 3)
 339 E   0.37144 0.01498 0.58977 0.02380 ( 3)
 340 A   0.38391 0.00296 0.60843 0.00470 ( 3)
 341 Y   0.35748 0.02897 0.56752 0.04603 ( 3)
 342 A   0.35998 0.02685 0.57051 0.04267 ( 3)
 343 Q   0.00034 0.38591 0.00054 0.61321 ( 4)
 344 A   0.20390 0.18242 0.32382 0.28986 ( 3)
 345 D   0.38368 0.00317 0.60811 0.00504 ( 3)
 346 K   0.37885 0.00784 0.60085 0.01246 ( 3)
 347 G   0.00156 0.38469 0.00248 0.61127 ( 4)
 348 A   0.35600 0.03083 0.56420 0.04898 ( 3)
 349 P   0.01511 0.37115 0.02399 0.58975 ( 4)
 350 L   0.05551 0.33080 0.08804 0.52564 ( 4)
 351 P   0.18199 0.20438 0.28887 0.32476 ( 4)
 352 C   0.38074 0.00601 0.60369 0.00956 ( 3)
 353 P   0.00331 0.38295 0.00525 0.60850 ( 4)
 354 T   0.01217 0.37410 0.01930 0.59444 ( 4)
 355 G   0.34840 0.03835 0.55231 0.06094 ( 3)
 356 A   0.34180 0.04494 0.54187 0.07140 ( 3)
 357 W   0.27178 0.11469 0.43130 0.18223 ( 3)
 358 C   0.38146 0.00530 0.60483 0.00842 ( 3)
 359 S   0.38285 0.00396 0.60690 0.00629 ( 3)
 360 S   0.38285 0.00396 0.60690 0.00629 ( 3)
 361 N   0.36553 0.02098 0.58016 0.03333 ( 3)
 362 Q   0.37241 0.01417 0.59090 0.02251 ( 3)
 363 L   0.18423 0.20230 0.29201 0.32146 ( 4)
 364 C   0.38074 0.00601 0.60369 0.00956 ( 3)
 365 R   0.34774 0.03864 0.55222 0.06140 ( 3)
 366 E   0.03386 0.35241 0.05376 0.55998 ( 4)
 367 C   0.38069 0.00606 0.60361 0.00963 ( 3)
 368 C   0.00008 0.38617 0.00013 0.61362 ( 4)
 369 A   0.26012 0.12632 0.41285 0.20071 ( 3)
 370 F   0.38413 0.00275 0.60876 0.00436 ( 3)
 371 T   0.00002 0.38623 0.00003 0.61372 ( 4)
 372 A   0.02616 0.36010 0.04155 0.57219 ( 4)
 373 H   0.38260 0.00420 0.60652 0.00668 ( 3)
 374 T   0.00001 0.38624 0.00002 0.61373 ( 4)
 375 T   0.35634 0.03047 0.56477 0.04842 ( 3)
 376 P   0.38277 0.00405 0.60674 0.00644 ( 3)
 377 T   0.00980 0.37646 0.01555 0.59819 ( 4)
 378 L   0.38001 0.00682 0.60234 0.01083 ( 3)
 379 G   0.00003 0.38622 0.00005 0.61370 ( 4)
 380 P   0.19973 0.18684 0.31654 0.29689 ( 3)
 381 F   0.35972 0.02711 0.57008 0.04308 ( 3)
 382 S   0.38232 0.00447 0.60611 0.00710 ( 3)
 383 M   0.38375 0.00310 0.60821 0.00493 ( 3)
 384 S   0.36495 0.02156 0.57925 0.03425 ( 3)
 385 S   0.23172 0.15469 0.36779 0.24580 ( 3)
 386 A   0.38391 0.00296 0.60843 0.00470 ( 3)
 387 Y   0.38099 0.00576 0.60411 0.00915 ( 3)
 388 N   0.38308 0.00374 0.60723 0.00594 ( 3)
 389 V   0.09141 0.29487 0.14518 0.46854 ( 4)
 390 Y   0.37854 0.00820 0.60023 0.01303 ( 3)
 391 Q   0.00751 0.37874 0.01192 0.60182 ( 4)
 392 A   0.36132 0.02519 0.57347 0.04002 ( 3)
 393 V   0.38026 0.00647 0.60299 0.01028 ( 3)
 394 Y   0.37018 0.01628 0.58767 0.02587 ( 3)
 395 T   0.00686 0.37939 0.01089 0.60286 ( 4)
 396 V   0.38026 0.00647 0.60299 0.01028 ( 3)
 397 A   0.38380 0.00306 0.60826 0.00487 ( 3)
 398 H   0.36580 0.02071 0.58059 0.03290 ( 3)
 399 G   0.38251 0.00429 0.60638 0.00682 ( 3)
 400 L   0.38317 0.00366 0.60734 0.00582 ( 3)
 401 H   0.38269 0.00412 0.60665 0.00654 ( 3)
 402 Q   0.37241 0.01417 0.59090 0.02251 ( 3)
 403 L   0.38317 0.00366 0.60734 0.00582 ( 3)
 404 L   0.36781 0.01873 0.58370 0.02976 ( 3)
 405 G   0.38251 0.00429 0.60638 0.00682 ( 3)
 406 C   0.37167 0.01481 0.59000 0.02353 ( 3)
 407 A   0.35229 0.03452 0.55832 0.05486 ( 3)
 408 S   0.36599 0.02048 0.58098 0.03255 ( 3)
 409 G   0.33977 0.04658 0.53964 0.07401 ( 3)
 410 A   0.32257 0.06391 0.51197 0.10155 ( 3)
 411 C   0.36057 0.02591 0.57236 0.04116 ( 3)
 412 S   0.38232 0.00447 0.60611 0.00710 ( 3)
 413 R   0.37797 0.00870 0.59951 0.01382 ( 3)
 414 S   0.18432 0.20216 0.29228 0.32124 ( 4)
 415 Q   0.00268 0.38358 0.00425 0.60950 ( 4)
 416 V   0.38395 0.00292 0.60847 0.00465 ( 3)
 417 Y   0.14003 0.24640 0.22204 0.39152 ( 4)
 418 P   0.38273 0.00409 0.60669 0.00649 ( 3)
 419 W   0.36876 0.01778 0.58520 0.02826 ( 3)
 420 Q   0.37241 0.01417 0.59090 0.02251 ( 3)
 421 L   0.36306 0.02343 0.57627 0.03724 ( 3)
 422 L   0.36625 0.02029 0.58124 0.03223 ( 3)
 423 E   0.32879 0.05784 0.52147 0.09190 ( 3)
 424 Q   0.37241 0.01417 0.59090 0.02251 ( 3)
 425 I   0.38467 0.00225 0.60951 0.00358 ( 3)
 426 H   0.00284 0.38341 0.00451 0.60923 ( 4)
 427 K   0.37861 0.00808 0.60047 0.01284 ( 3)
 428 A   0.33416 0.05252 0.52988 0.08345 ( 3)
 429 N   0.24782 0.13861 0.39333 0.22024 ( 3)
 430 F   0.38405 0.00283 0.60863 0.00449 ( 3)
 431 L   0.36306 0.02343 0.57627 0.03724 ( 3)
 432 L   0.33004 0.05628 0.52426 0.08942 ( 3)
 433 H   0.38173 0.00507 0.60514 0.00805 ( 3)
 434 E   0.00180 0.38445 0.00286 0.61089 ( 4)
 435 D   0.38368 0.00317 0.60811 0.00504 ( 3)
 436 T   0.36679 0.01970 0.58220 0.03131 ( 3)
 437 V   0.38026 0.00647 0.60299 0.01028 ( 3)
 438 T   0.00061 0.38564 0.00096 0.61279 ( 4)
 439 F   0.26097 0.12549 0.41415 0.19940 ( 3)
 440 N   0.06000 0.32629 0.09524 0.51848 ( 4)
 441 D   0.38368 0.00317 0.60811 0.00504 ( 3)
 442 N   0.37233 0.01419 0.59094 0.02254 ( 3)
 443 G   0.05653 0.32973 0.08979 0.52395 ( 4)
 444 D   0.12288 0.26345 0.19506 0.41862 ( 4)
 445 P   0.34973 0.03704 0.55438 0.05885 ( 3)
 446 L   0.15803 0.22825 0.25102 0.36269 ( 4)
 447 S   0.36444 0.02206 0.57845 0.03505 ( 3)
 448 G   0.34527 0.04149 0.54733 0.06592 ( 3)
 449 Y   0.35748 0.02897 0.56752 0.04603 ( 3)
 450 N   0.03375 0.35255 0.05350 0.56020 ( 4)
 451 I   0.36978 0.01676 0.58683 0.02663 ( 3)
 452 I   0.36980 0.01675 0.58683 0.02662 ( 3)
 453 A   0.35947 0.02736 0.56970 0.04347 ( 3)
 454 W   0.36876 0.01778 0.58520 0.02826 ( 3)
 455 D   0.38368 0.00317 0.60811 0.00504 ( 3)
 456 W   0.36876 0.01778 0.58520 0.02826 ( 3)
 457 I   0.00655 0.37970 0.01040 0.60335 ( 4)
 458 G   0.37682 0.00985 0.59768 0.01565 ( 3)
 459 F   0.19044 0.19609 0.30188 0.31159 ( 4)
 460 K   0.32863 0.05800 0.52121 0.09217 ( 3)
 461 W   0.36876 0.01778 0.58520 0.02826 ( 3)
 462 T   0.38337 0.00347 0.60766 0.00551 ( 3)
 463 F   0.38369 0.00318 0.60806 0.00506 ( 3)
 464 T   0.37480 0.01187 0.59448 0.01886 ( 3)
 465 V   0.15265 0.23371 0.24228 0.37136 ( 4)
 466 I   0.00920 0.37707 0.01458 0.59916 ( 4)
 467 G   0.37926 0.00753 0.60124 0.01197 ( 3)
 468 S   0.38208 0.00471 0.60573 0.00749 ( 3)
 469 S   0.38232 0.00447 0.60611 0.00710 ( 3)
 470 T   0.34742 0.03923 0.55100 0.06234 ( 3)
 471 A   0.05906 0.32724 0.09373 0.51998 ( 4)
 472 S   0.22671 0.15968 0.35988 0.25373 ( 3)
 473 P   0.33647 0.04989 0.53437 0.07927 ( 3)
 474 V   0.24448 0.14195 0.38802 0.22556 ( 3)
 475 R   0.00038 0.38587 0.00060 0.61315 ( 4)
 476 L   0.34412 0.04220 0.54662 0.06706 ( 3)
 477 D   0.34887 0.03793 0.55293 0.06027 ( 3)
 478 I   0.36901 0.01753 0.58561 0.02785 ( 3)
 479 N   0.36553 0.02098 0.58016 0.03333 ( 3)
 480 E   0.32886 0.05779 0.52151 0.09184 ( 3)
 481 T   0.38336 0.00347 0.60765 0.00552 ( 3)
 482 K   0.34694 0.03946 0.55091 0.06270 ( 3)
 483 I   0.38451 0.00241 0.60926 0.00383 ( 3)
 484 Q   0.37241 0.01417 0.59090 0.02251 ( 3)
 485 W   0.36876 0.01778 0.58520 0.02826 ( 3)
 486 H   0.33903 0.04771 0.53745 0.07581 ( 3)
 487 R   0.02595 0.36030 0.04122 0.57252 ( 4)
 488 K   0.37885 0.00784 0.60085 0.01246 ( 3)
 489 D   0.35795 0.02886 0.56733 0.04586 ( 3)
 490 N   0.38318 0.00365 0.60738 0.00579 ( 3)
 491 Q   0.37241 0.01417 0.59090 0.02251 ( 3)
 492 V   0.38012 0.00661 0.60276 0.01051 ( 3)
 493 P   0.36521 0.02127 0.57971 0.03380 ( 3)
 494 Q   0.12157 0.26482 0.19282 0.42079 ( 4)
 495 S   0.36045 0.02602 0.57218 0.04135 ( 3)
 496 V   0.38026 0.00647 0.60299 0.01028 ( 3)
 497 C   0.37526 0.01122 0.59569 0.01783 ( 3)
 498 S   0.38232 0.00447 0.60611 0.00710 ( 3)
 499 S   0.37766 0.00885 0.59943 0.01406 ( 3)
 500 D   0.38348 0.00337 0.60779 0.00536 ( 3)
 501 C   0.36258 0.02390 0.57555 0.03797 ( 3)
 502 L   0.36306 0.02343 0.57627 0.03724 ( 3)
 503 E   0.19361 0.19273 0.30741 0.30625 ( 3)
 504 G   0.37648 0.01019 0.59715 0.01619 ( 3)
 505 H   0.34923 0.03753 0.55361 0.05963 ( 3)
 506 Q   0.37241 0.01417 0.59090 0.02251 ( 3)
 507 R   0.02099 0.36526 0.03335 0.58040 ( 4)
 508 V   0.38026 0.00647 0.60299 0.01028 ( 3)
 509 V   0.36730 0.01921 0.58296 0.03053 ( 3)
 510 V   0.00012 0.38613 0.00019 0.61356 ( 4)
 511 G   0.23030 0.15609 0.36557 0.24803 ( 3)
 512 S   0.36035 0.02649 0.57107 0.04209 ( 3)
 513 H   0.06968 0.31662 0.11059 0.50311 ( 4)
 514 H   0.35017 0.03659 0.55510 0.05814 ( 3)
 515 C   0.36161 0.02486 0.57402 0.03950 ( 3)
 516 C   0.38146 0.00530 0.60483 0.00842 ( 3)
 517 F   0.37246 0.01408 0.59109 0.02237 ( 3)
 518 E   0.32961 0.05679 0.52337 0.09023 ( 3)
 519 C   0.36057 0.02591 0.57236 0.04116 ( 3)
 520 V   0.37644 0.01028 0.59693 0.01634 ( 3)
 521 P   0.38173 0.00508 0.60511 0.00808 ( 3)
 522 C   0.36089 0.02558 0.57288 0.04064 ( 3)
 523 E   0.10827 0.27807 0.17180 0.44185 ( 4)
 524 S   0.23619 0.15023 0.37487 0.23871 ( 3)
 525 G   0.37744 0.00922 0.59868 0.01466 ( 3)
 526 T   0.12670 0.25975 0.20082 0.41274 ( 4)
 527 F   0.22001 0.16659 0.34867 0.26472 ( 3)
 528 L   0.17276 0.21375 0.27384 0.33965 ( 4)
 529 N   0.19913 0.18742 0.31565 0.29780 ( 3)
 530 K   0.12768 0.25872 0.20250 0.41110 ( 4)
 531 S   0.36146 0.02503 0.57372 0.03978 ( 3)
 532 D   0.38259 0.00426 0.60638 0.00677 ( 3)
 533 L   0.34073 0.04604 0.54007 0.07316 ( 3)
 534 Y   0.32553 0.06114 0.51618 0.09715 ( 3)
 535 R   0.04294 0.34333 0.06819 0.54554 ( 4)
 536 C   0.37964 0.00712 0.60194 0.01131 ( 3)
 537 Q   0.37241 0.01417 0.59090 0.02251 ( 3)
 538 P   0.23315 0.15325 0.37008 0.24352 ( 3)
 539 C   0.36057 0.02591 0.57236 0.04116 ( 3)
 540 G   0.37783 0.00884 0.59928 0.01405 ( 3)
 541 K   0.35102 0.03538 0.55739 0.05621 ( 3)
 542 E   0.35073 0.03568 0.55689 0.05670 ( 3)
 543 E   0.37998 0.00673 0.60259 0.01070 ( 3)
 544 W   0.36876 0.01778 0.58520 0.02826 ( 3)
 545 A   0.33911 0.04726 0.53854 0.07509 ( 3)
 546 P   0.36720 0.01960 0.58206 0.03114 ( 3)
 547 E   0.02008 0.36614 0.03199 0.58179 ( 4)
 548 G   0.14999 0.23631 0.23822 0.37549 ( 4)
 549 S   0.38285 0.00396 0.60690 0.00629 ( 3)
 550 Q   0.37241 0.01417 0.59090 0.02251 ( 3)
 551 T   0.35075 0.03604 0.55595 0.05726 ( 3)
 552 C   0.38146 0.00530 0.60483 0.00842 ( 3)
 553 F   0.38381 0.00307 0.60825 0.00488 ( 3)
 554 P   0.19742 0.18889 0.31354 0.30014 ( 3)
 555 R   0.37791 0.00840 0.60033 0.01335 ( 3)
 556 T   0.36730 0.01920 0.58300 0.03050 ( 3)
 557 V   0.37921 0.00752 0.60132 0.01195 ( 3)
 558 V   0.33190 0.05477 0.52631 0.08702 ( 3)
 559 F   0.06188 0.32442 0.09820 0.51550 ( 4)
 560 L   0.36751 0.01902 0.58325 0.03022 ( 3)
 561 A   0.05315 0.33314 0.08436 0.52935 ( 4)
 562 W   0.06622 0.32008 0.10509 0.50861 ( 4)
 563 H   0.06167 0.32463 0.09787 0.51583 ( 4)
 564 E   0.38000 0.00672 0.60260 0.01068 ( 3)
 565 C   0.00332 0.38293 0.00528 0.60847 ( 4)
 566 I   0.35737 0.02943 0.56644 0.04676 ( 3)
 567 S   0.36045 0.02602 0.57218 0.04135 ( 3)
 568 W   0.36876 0.01778 0.58520 0.02826 ( 3)
 569 V   0.38026 0.00647 0.60299 0.01028 ( 3)
 570 L   0.36647 0.02007 0.58158 0.03189 ( 3)
 571 L   0.36767 0.01887 0.58348 0.02999 ( 3)
 572 A   0.16050 0.22580 0.25489 0.35880 ( 4)
 573 A   0.25478 0.13179 0.40402 0.20941 ( 3)
 574 N   0.37733 0.00949 0.59810 0.01508 ( 3)
 575 T   0.30271 0.08389 0.48009 0.13331 ( 3)
 576 L   0.06491 0.32138 0.10303 0.51068 ( 4)
 577 L   0.36713 0.01940 0.58264 0.03083 ( 3)
 578 L   0.36776 0.01878 0.58363 0.02984 ( 3)
 579 V   0.25892 0.12754 0.41090 0.20265 ( 3)
 580 V   0.25856 0.12790 0.41032 0.20323 ( 3)
 581 V   0.26325 0.12320 0.41777 0.19577 ( 3)
 582 V   0.05447 0.33181 0.08647 0.52725 ( 4)
 583 G   0.37822 0.00845 0.59990 0.01343 ( 3)
 584 T   0.23812 0.14828 0.37797 0.23562 ( 3)
 585 V   0.24518 0.14124 0.38914 0.22443 ( 3)
 586 G   0.38155 0.00525 0.60486 0.00835 ( 3)
 587 L   0.36781 0.01873 0.58370 0.02976 ( 3)
 588 F   0.36846 0.01808 0.58474 0.02872 ( 3)
 589 A   0.38372 0.00314 0.60814 0.00499 ( 3)
 590 W   0.36876 0.01778 0.58520 0.02826 ( 3)
 591 H   0.38270 0.00410 0.60668 0.00652 ( 3)
 592 Q   0.13601 0.25027 0.21605 0.39767 ( 4)
 593 D   0.38368 0.00317 0.60811 0.00504 ( 3)
 594 T   0.38289 0.00381 0.60725 0.00605 ( 3)
 595 P   0.36224 0.02424 0.57499 0.03852 ( 3)
 596 V   0.38026 0.00647 0.60299 0.01028 ( 3)
 597 V   0.38002 0.00671 0.60261 0.01066 ( 3)
 598 R   0.37797 0.00870 0.59951 0.01382 ( 3)
 599 S   0.33074 0.05559 0.52533 0.08834 ( 3)
 600 A   0.35560 0.03077 0.56474 0.04889 ( 3)
 601 G   0.37783 0.00884 0.59928 0.01405 ( 3)
 602 G   0.38251 0.00429 0.60638 0.00682 ( 3)
 603 W   0.00137 0.38487 0.00218 0.61157 ( 4)
 604 L   0.36781 0.01873 0.58370 0.02976 ( 3)
 605 C   0.38140 0.00536 0.60473 0.00852 ( 3)
 606 F   0.37975 0.00680 0.60265 0.01081 ( 3)
 607 L   0.37813 0.00841 0.60009 0.01337 ( 3)
 608 M   0.38375 0.00310 0.60821 0.00493 ( 3)
 609 L   0.36665 0.01988 0.58187 0.03160 ( 3)
 610 G   0.38205 0.00475 0.60566 0.00755 ( 3)
 611 S   0.38199 0.00477 0.60566 0.00758 ( 3)
 612 L   0.36781 0.01873 0.58370 0.02976 ( 3)
 613 A   0.34514 0.04122 0.54813 0.06550 ( 3)
 614 G   0.00376 0.38249 0.00597 0.60778 ( 4)
 615 A   0.22182 0.16457 0.35210 0.26151 ( 3)
 616 S   0.38171 0.00510 0.60510 0.00810 ( 3)
 617 C   0.00300 0.38325 0.00476 0.60899 ( 4)
 618 S   0.38285 0.00396 0.60690 0.00629 ( 3)
 619 L   0.35203 0.03475 0.55799 0.05522 ( 3)
 620 Y   0.35748 0.02897 0.56752 0.04603 ( 3)
 621 G   0.38240 0.00440 0.60621 0.00699 ( 3)
 622 F   0.38398 0.00290 0.60852 0.00461 ( 3)
 623 F   0.36846 0.01808 0.58474 0.02872 ( 3)
 624 G   0.37648 0.01019 0.59715 0.01619 ( 3)
 625 E   0.37616 0.01055 0.59652 0.01677 ( 3)
 626 P   0.38239 0.00443 0.60614 0.00704 ( 3)
 627 T   0.20141 0.18497 0.31970 0.29392 ( 3)
 628 L   0.05383 0.33246 0.08543 0.52828 ( 4)
 629 P   0.28243 0.10401 0.44830 0.16526 ( 3)
 630 A   0.18511 0.20121 0.29397 0.31971 ( 4)
 631 C   0.38074 0.00601 0.60369 0.00956 ( 3)
 632 L   0.36287 0.02350 0.57630 0.03734 ( 3)
 633 L   0.36770 0.01883 0.58354 0.02993 ( 3)
 634 R   0.38131 0.00545 0.60459 0.00866 ( 3)
 635 Q   0.37103 0.01555 0.58872 0.02470 ( 3)
 636 A   0.35057 0.03610 0.55598 0.05736 ( 3)
 637 I   0.34851 0.03827 0.55240 0.06082 ( 3)
 638 F   0.36846 0.01808 0.58474 0.02872 ( 3)
 639 A   0.38343 0.00344 0.60767 0.00546 ( 3)
 640 L   0.36598 0.02051 0.58092 0.03259 ( 3)
 641 G   0.36184 0.02464 0.57438 0.03915 ( 3)
 642 F   0.38124 0.00563 0.60417 0.00895 ( 3)
 643 T   0.34629 0.04049 0.54889 0.06433 ( 3)
 644 I   0.36591 0.02097 0.57980 0.03332 ( 3)
 645 F   0.38403 0.00284 0.60861 0.00452 ( 3)
 646 L   0.36771 0.01883 0.58354 0.02992 ( 3)
 647 S   0.38226 0.00453 0.60602 0.00719 ( 3)
 648 C   0.38146 0.00530 0.60483 0.00842 ( 3)
 649 L   0.25889 0.12750 0.41100 0.20260 ( 3)
 650 T   0.33854 0.04781 0.53767 0.07598 ( 3)
 651 V   0.36544 0.02108 0.58000 0.03349 ( 3)
 652 R   0.38116 0.00559 0.60436 0.00889 ( 3)
 653 S   0.38030 0.00649 0.60291 0.01031 ( 3)
 654 F   0.38413 0.00275 0.60876 0.00436 ( 3)
 655 Q   0.34350 0.04288 0.54549 0.06813 ( 3)
 656 L   0.35306 0.03326 0.56082 0.05286 ( 3)
 657 V   0.35443 0.03239 0.56170 0.05147 ( 3)
 658 I   0.38467 0.00225 0.60951 0.00358 ( 3)
 659 I   0.38438 0.00253 0.60906 0.00402 ( 3)
 660 F   0.38413 0.00275 0.60876 0.00436 ( 3)
 661 K   0.37885 0.00784 0.60085 0.01246 ( 3)
 662 F   0.36846 0.01808 0.58474 0.02872 ( 3)
 663 S   0.38200 0.00479 0.60561 0.00760 ( 3)
 664 T   0.20922 0.17735 0.33162 0.28181 ( 3)
 665 K   0.37826 0.00842 0.59993 0.01338 ( 3)
 666 V   0.03266 0.35363 0.05179 0.56192 ( 4)
 667 P   0.37719 0.00930 0.59873 0.01478 ( 3)
 668 T   0.04709 0.33917 0.07479 0.53895 ( 4)
 669 F   0.38413 0.00275 0.60876 0.00436 ( 3)
 670 Y   0.15735 0.22910 0.24950 0.36404 ( 4)
 671 H   0.06251 0.32379 0.09921 0.51450 ( 4)
 672 T   0.21830 0.16830 0.34597 0.26743 ( 3)
 673 W   0.36876 0.01778 0.58520 0.02826 ( 3)
 674 V   0.38351 0.00337 0.60777 0.00536 ( 3)
 675 Q   0.34167 0.04470 0.54260 0.07103 ( 3)
 676 N   0.38318 0.00365 0.60738 0.00579 ( 3)
 677 H   0.38103 0.00578 0.60402 0.00918 ( 3)
 678 G   0.36109 0.02538 0.57319 0.04033 ( 3)
 679 A   0.36977 0.01708 0.58602 0.02714 ( 3)
 680 A   0.02368 0.36258 0.03759 0.57615 ( 4)
 681 L   0.36781 0.01873 0.58370 0.02976 ( 3)
 682 F   0.36846 0.01808 0.58474 0.02872 ( 3)
 683 I   0.25027 0.13630 0.39686 0.21657 ( 3)
 684 M   0.14460 0.24188 0.22918 0.38434 ( 4)
 685 I   0.38452 0.00240 0.60928 0.00381 ( 3)
 686 S   0.35128 0.03548 0.55685 0.05638 ( 3)
 687 S   0.33074 0.05559 0.52533 0.08834 ( 3)
 688 M   0.00237 0.38373 0.00415 0.60975 ( 4)
 689 A   0.02677 0.35952 0.04243 0.57127 ( 4)
 690 Q   0.37241 0.01417 0.59090 0.02251 ( 3)
 691 L   0.36645 0.02008 0.58155 0.03191 ( 3)
 692 L   0.36474 0.02175 0.57894 0.03457 ( 3)
 693 I   0.38467 0.00225 0.60951 0.00358 ( 3)
 694 C   0.36081 0.02566 0.57276 0.04077 ( 3)
 695 L   0.33004 0.05628 0.52426 0.08942 ( 3)
 696 T   0.36715 0.01934 0.58277 0.03073 ( 3)
 697 W   0.36876 0.01778 0.58520 0.02826 ( 3)
 698 L   0.36514 0.02139 0.57948 0.03399 ( 3)
 699 A   0.12512 0.26129 0.19840 0.41519 ( 4)
 700 V   0.33206 0.05461 0.52655 0.08678 ( 3)
 701 W   0.36876 0.01778 0.58520 0.02826 ( 3)
 702 T   0.38245 0.00438 0.60620 0.00697 ( 3)
 703 P   0.33647 0.04989 0.53437 0.07927 ( 3)
 704 L   0.36781 0.01873 0.58370 0.02976 ( 3)
 705 P   0.38235 0.00447 0.60608 0.00710 ( 3)
 706 T   0.31745 0.06901 0.50389 0.10965 ( 3)
 707 R   0.36924 0.01736 0.58582 0.02758 ( 3)
 708 E   0.35073 0.03568 0.55689 0.05670 ( 3)
 709 Y   0.38024 0.00650 0.60293 0.01033 ( 3)
 710 Q   0.08145 0.30488 0.12923 0.48445 ( 4)
 711 R   0.38132 0.00543 0.60461 0.00863 ( 3)
 712 F   0.38381 0.00307 0.60825 0.00488 ( 3)
 713 P   0.38239 0.00443 0.60614 0.00704 ( 3)
 714 Q   0.27102 0.11547 0.43002 0.18349 ( 3)
 715 L   0.36781 0.01873 0.58370 0.02976 ( 3)
 716 V   0.37921 0.00752 0.60132 0.01195 ( 3)
 717 V   0.19808 0.18836 0.31425 0.29931 ( 3)
 718 L   0.36306 0.02343 0.57627 0.03724 ( 3)
 719 E   0.32317 0.06347 0.51249 0.10086 ( 3)
 720 C   0.38146 0.00530 0.60483 0.00842 ( 3)
 721 T   0.33744 0.04892 0.53591 0.07773 ( 3)
 722 E   0.38000 0.00672 0.60260 0.01068 ( 3)
 723 T   0.00026 0.38599 0.00042 0.61333 ( 4)
 724 N   0.33607 0.05042 0.53339 0.08012 ( 3)
 725 S   0.37285 0.01363 0.59186 0.02166 ( 3)
 726 L   0.36781 0.01873 0.58370 0.02976 ( 3)
 727 G   0.38251 0.00429 0.60638 0.00682 ( 3)
 728 F   0.38413 0.00275 0.60876 0.00436 ( 3)
 729 M   0.10948 0.27695 0.17348 0.44008 ( 4)
 730 L   0.36770 0.01883 0.58355 0.02992 ( 3)
 731 A   0.38391 0.00296 0.60843 0.00470 ( 3)
 732 F   0.38267 0.00420 0.60645 0.00668 ( 3)
 733 G   0.00033 0.38592 0.00052 0.61323 ( 4)
 734 Y   0.38099 0.00576 0.60411 0.00915 ( 3)
 735 N   0.36553 0.02098 0.58016 0.03333 ( 3)
 736 G   0.34384 0.04290 0.54509 0.06817 ( 3)
 737 L   0.38252 0.00431 0.60631 0.00685 ( 3)
 738 L   0.38282 0.00401 0.60679 0.00637 ( 3)
 739 S   0.37954 0.00725 0.60170 0.01152 ( 3)
 740 V   0.03583 0.35044 0.05687 0.55685 ( 4)
 741 S   0.37910 0.00770 0.60096 0.01224 ( 3)
 742 A   0.38355 0.00331 0.60787 0.00526 ( 3)
 743 F   0.36846 0.01808 0.58474 0.02872 ( 3)
 744 A   0.38323 0.00364 0.60736 0.00578 ( 3)
 745 C   0.38095 0.00581 0.60401 0.00923 ( 3)
 746 S   0.35094 0.03564 0.55679 0.05663 ( 3)
 747 Y   0.38099 0.00576 0.60411 0.00915 ( 3)
 748 L   0.25896 0.12747 0.41102 0.20255 ( 3)
 749 G   0.38237 0.00443 0.60616 0.00704 ( 3)
 750 K   0.37826 0.00842 0.59993 0.01338 ( 3)
 751 D   0.38368 0.00317 0.60811 0.00504 ( 3)
 752 L   0.36729 0.01924 0.58289 0.03058 ( 3)
 753 P   0.33647 0.04989 0.53437 0.07927 ( 3)
 754 E   0.38000 0.00672 0.60260 0.01068 ( 3)
 755 N   0.38318 0.00365 0.60738 0.00579 ( 3)
 756 Y   0.37274 0.01399 0.59103 0.02224 ( 3)
 757 N   0.35028 0.03649 0.55524 0.05799 ( 3)
 758 E   0.38000 0.00672 0.60260 0.01068 ( 3)
 759 A   0.38372 0.00314 0.60814 0.00499 ( 3)
 760 K   0.34694 0.03946 0.55091 0.06270 ( 3)
 761 C   0.36057 0.02591 0.57236 0.04116 ( 3)
 762 V   0.38395 0.00292 0.60847 0.00465 ( 3)
 763 T   0.38211 0.00439 0.60652 0.00698 ( 3)
 764 F   0.38288 0.00399 0.60678 0.00634 ( 3)
 765 G   0.18628 0.20024 0.29529 0.31818 ( 4)
 766 L   0.36773 0.01880 0.58358 0.02988 ( 3)
 767 L   0.38317 0.00366 0.60734 0.00582 ( 3)
 768 L   0.35271 0.03411 0.55897 0.05420 ( 3)
 769 N   0.34410 0.04266 0.54544 0.06779 ( 3)
 770 F   0.38381 0.00307 0.60825 0.00488 ( 3)
 771 V   0.15125 0.23519 0.23984 0.37371 ( 4)
 772 S   0.38232 0.00447 0.60611 0.00710 ( 3)
 773 W   0.36876 0.01778 0.58520 0.02826 ( 3)
 774 I   0.38467 0.00225 0.60951 0.00358 ( 3)
 775 A   0.21176 0.17483 0.33561 0.27780 ( 3)
 776 F   0.36016 0.02667 0.57078 0.04238 ( 3)
 777 F   0.38396 0.00291 0.60849 0.00463 ( 3)
 778 T   0.38328 0.00356 0.60751 0.00565 ( 3)
 779 V   0.01598 0.37029 0.02534 0.58839 ( 4)
 780 A   0.38358 0.00329 0.60791 0.00522 ( 3)
 781 S   0.34774 0.03902 0.55125 0.06200 ( 3)
 782 V   0.35989 0.02695 0.57033 0.04283 ( 3)
 783 Y   0.33367 0.05301 0.52908 0.08424 ( 3)
 784 Q   0.12946 0.25700 0.20518 0.40837 ( 4)
 785 G   0.34715 0.03960 0.55033 0.06292 ( 3)
 786 K   0.37885 0.00784 0.60085 0.01246 ( 3)
 787 Y   0.38014 0.00661 0.60276 0.01050 ( 3)
 788 L   0.25888 0.12757 0.41083 0.20272 ( 3)
 789 P   0.34838 0.03839 0.55223 0.06100 ( 3)
 790 A   0.31431 0.07204 0.49917 0.11448 ( 3)
 791 V   0.35110 0.03573 0.55640 0.05677 ( 3)
 792 N   0.37974 0.00708 0.60194 0.01124 ( 3)
 793 V   0.16237 0.22413 0.25735 0.35615 ( 4)
 794 L   0.27604 0.11043 0.43807 0.17547 ( 3)
 795 A   0.37881 0.00771 0.60124 0.01225 ( 3)
 796 V   0.00105 0.38520 0.00167 0.61208 ( 4)
 797 L   0.27432 0.11234 0.43482 0.17851 ( 3)
 798 S   0.38285 0.00396 0.60690 0.00629 ( 3)
 799 S   0.38285 0.00396 0.60690 0.00629 ( 3)
 800 L   0.36778 0.01876 0.58365 0.02981 ( 3)
 801 S   0.35139 0.03537 0.55703 0.05620 ( 3)
 802 S   0.38162 0.00490 0.60571 0.00778 ( 3)
 803 G   0.38251 0.00429 0.60638 0.00682 ( 3)
 804 F   0.38413 0.00275 0.60876 0.00436 ( 3)
 805 S   0.31810 0.06861 0.50428 0.10902 ( 3)
 806 G   0.37940 0.00727 0.60177 0.01156 ( 3)
 807 Y   0.35748 0.02897 0.56752 0.04603 ( 3)
 808 F   0.37975 0.00680 0.60265 0.01081 ( 3)
 809 L   0.37863 0.00792 0.60088 0.01258 ( 3)
 810 P   0.38250 0.00432 0.60632 0.00686 ( 3)
 811 K   0.37805 0.00864 0.59959 0.01372 ( 3)
 812 C   0.38146 0.00530 0.60483 0.00842 ( 3)
 813 Y   0.36738 0.01908 0.58322 0.03032 ( 3)
 814 V   0.37804 0.00834 0.60037 0.01325 ( 3)
 815 I   0.38467 0.00225 0.60951 0.00358 ( 3)
 816 V   0.34656 0.04021 0.54932 0.06390 ( 3)
 817 C   0.34082 0.04588 0.54039 0.07291 ( 3)
 818 R   0.37980 0.00667 0.60294 0.01059 ( 3)
 819 P   0.17680 0.20951 0.28079 0.33291 ( 4)
 820 D   0.37891 0.00793 0.60055 0.01260 ( 3)
 821 L   0.38052 0.00598 0.60399 0.00950 ( 3)
 822 N   0.38278 0.00404 0.60676 0.00642 ( 3)
 823 S   0.35128 0.03548 0.55686 0.05638 ( 3)
 824 T   0.34336 0.04300 0.54532 0.06832 ( 3)
 825 E   0.38000 0.00672 0.60260 0.01068 ( 3)
 826 H   0.38270 0.00410 0.60668 0.00652 ( 3)
 827 F   0.38369 0.00318 0.60806 0.00506 ( 3)
 828 Q   0.37241 0.01417 0.59090 0.02251 ( 3)
 829 A   0.38387 0.00300 0.60837 0.00476 ( 3)
 830 S   0.38232 0.00447 0.60611 0.00710 ( 3)
 831 I   0.38061 0.00595 0.60398 0.00946 ( 3)
 832 Q   0.37241 0.01417 0.59090 0.02251 ( 3)
 833 D   0.35724 0.02957 0.56621 0.04698 ( 3)
 834 Y   0.38099 0.00576 0.60411 0.00915 ( 3)
 835 T   0.37831 0.00838 0.59999 0.01332 ( 3)
 836 R   0.37797 0.00870 0.59951 0.01382 ( 3)
 837 R   0.34004 0.04666 0.53916 0.07414 ( 3)
 838 W   0.00693 0.37932 0.01099 0.60275 ( 4)
 839 G   0.02112 0.36515 0.03349 0.58023 ( 4)
 840 S   0.33295 0.05377 0.52785 0.08544 ( 3)
 841 T   0.38161 0.00522 0.60488 0.00829 ( 3)


lnL = -10656.731712

Bayes Empirical Bayes (BEB) probabilities for 4 classes (class)
(amino acids refer to 1st sequence: 1.Tarsier)

   1 M   0.73380 0.00557 0.25861 0.00202 ( 1)
   2 F   0.57661 0.16172 0.20301 0.05866 ( 1)
   3 H   0.50251 0.23529 0.17685 0.08535 ( 1)
   4 H   0.00228 0.70678 0.00207 0.28888 ( 2)
   5 V   0.00009 0.73783 0.00003 0.26204 ( 2)
   6 A   0.55281 0.18548 0.19448 0.06723 ( 1)
   7 H   0.02468 0.71415 0.00844 0.25272 ( 2)
   8 L   0.70897 0.02945 0.25086 0.01073 ( 1)
   9 V   0.47468 0.26428 0.16580 0.09523 ( 1)
  10 G   0.69065 0.04854 0.24320 0.01762 ( 1)
  11 L   0.70492 0.03350 0.24939 0.01220 ( 1)
  12 Q   0.70716 0.03139 0.25002 0.01143 ( 1)
  13 L   0.70112 0.03717 0.24817 0.01354 ( 1)
  14 S   0.12473 0.61435 0.04281 0.21811 ( 2)
