Supplemental results for CODEML (seqf: Human_TAS1R1_breaks2_2nd_attempt.txt  treef: TAS1R1_revised_tree_following_error_message.txt)


MLEs of dN/dS (w) for site classes (K=4)

site class             0        1       2a       2b
proportion       0.58086  0.16649  0.19637  0.05628
background w     0.09190  1.00000  0.09190  1.00000
foreground w     0.09190  1.00000  1.00000  1.00000

Naive Empirical Bayes (NEB) probabilities for 4 classes
(amino acids refer to 1st sequence: 1.Tarsier)

   1 M   0.78444 0.00512 0.20871 0.00173 ( 1)
   2 F   0.52098 0.24113 0.15637 0.08152 ( 1)
   3 H   0.36197 0.40412 0.09729 0.13662 ( 2)
   4 H   0.00021 0.74715 0.00006 0.25258 ( 2)
   5 V   0.00000 0.74735 0.00000 0.25265 ( 2)
   6 A   0.48558 0.27443 0.14722 0.09277 ( 1)
   7 H   0.00390 0.74363 0.00108 0.25139 ( 2)
   8 L   0.73739 0.03086 0.22132 0.01043 ( 1)
   9 V   0.32413 0.44099 0.08580 0.14908 ( 2)
  10 G   0.71024 0.07230 0.19302 0.02444 ( 1)
  11 L   0.73246 0.03565 0.21984 0.01205 ( 1)
  12 Q   0.73126 0.03273 0.22494 0.01106 ( 1)
  13 L   0.72559 0.03972 0.22127 0.01343 ( 1)
  14 S   0.03513 0.71404 0.00944 0.24139 ( 2)
  15 I   0.45893 0.30217 0.13675 0.10215 ( 1)
  16 S   0.70819 0.07380 0.19306 0.02495 ( 1)
  17 C   0.23257 0.03011 0.72714 0.01018 ( 3)
  18 C   0.77416 0.00927 0.21344 0.00313 ( 1)
  19 W   0.52819 0.23451 0.15802 0.07928 ( 1)
  20 A   0.77696 0.01275 0.20598 0.00431 ( 1)
  21 F   0.61823 0.14692 0.18518 0.04967 ( 1)
  22 S   0.35931 0.40763 0.09525 0.13780 ( 2)
  23 C   0.77438 0.00906 0.21350 0.00306 ( 1)
  24 H   0.75645 0.01056 0.22942 0.00357 ( 1)
  25 N   0.05579 0.69438 0.01509 0.23474 ( 2)
  26 T   0.00972 0.73803 0.00274 0.24950 ( 2)
  27 E   0.65338 0.12229 0.18299 0.04134 ( 1)
  28 F   0.02472 0.72305 0.00779 0.24444 ( 2)
  29 S   0.71868 0.04524 0.22079 0.01529 ( 1)
  30 P   0.73626 0.02890 0.22506 0.00977 ( 1)
  31 D   0.73227 0.05433 0.19504 0.01837 ( 1)
  32 F   0.78635 0.00462 0.20747 0.00156 ( 1)
  33 S   0.71401 0.07072 0.19137 0.02391 ( 1)
  34 L   0.78075 0.00702 0.20986 0.00237 ( 1)
  35 P   0.62103 0.15764 0.16803 0.05329 ( 1)
  36 G   0.73773 0.01780 0.23845 0.00602 ( 1)
  37 N   0.53807 0.22437 0.16171 0.07585 ( 1)
  38 Y   0.77286 0.00963 0.21425 0.00326 ( 1)
  39 L   0.78058 0.00718 0.20981 0.00243 ( 1)
  40 L   0.73595 0.03226 0.22089 0.01091 ( 1)
  41 A   0.31275 0.43865 0.10031 0.14829 ( 2)
  42 G   0.77794 0.00795 0.21142 0.00269 ( 1)
  43 F   0.13894 0.61234 0.04170 0.20701 ( 2)
  44 F   0.78631 0.00466 0.20746 0.00158 ( 1)
  45 P   0.46305 0.29550 0.14155 0.09990 ( 1)
  46 L   0.78146 0.00634 0.21005 0.00214 ( 1)
  47 H   0.73330 0.03310 0.22240 0.01119 ( 1)
  48 G   0.09187 0.65760 0.02822 0.22231 ( 2)
  49 D   0.20778 0.54986 0.05647 0.18589 ( 2)
  50 C   0.09154 0.65793 0.02811 0.22242 ( 2)
  51 L   0.51575 0.24622 0.15480 0.08324 ( 1)
  52 Q   0.74750 0.02418 0.22015 0.00817 ( 1)
  53 V   0.77096 0.01027 0.21529 0.00347 ( 1)
  54 R   0.74612 0.03081 0.21265 0.01042 ( 1)
  55 H   0.35063 0.41431 0.09501 0.14006 ( 2)
  56 R   0.68145 0.07587 0.21703 0.02565 ( 1)
  57 P   0.77521 0.01167 0.20917 0.00395 ( 1)
  58 E   0.76876 0.01191 0.21531 0.00403 ( 1)
  59 V   0.77033 0.01087 0.21512 0.00368 ( 1)
  60 T   0.65517 0.12648 0.17560 0.04276 ( 1)
  61 L   0.74302 0.02538 0.22301 0.00858 ( 1)
  62 C   0.69918 0.04817 0.23637 0.01628 ( 1)
  63 D   0.74107 0.00628 0.25053 0.00212 ( 1)
  64 R   0.72764 0.01971 0.24599 0.00666 ( 1)
  65 T   0.00023 0.74712 0.00008 0.25257 ( 2)
  66 C   0.02765 0.71970 0.00935 0.24330 ( 2)
  67 G   0.04689 0.70046 0.01585 0.23680 ( 2)
  68 F   0.74189 0.00546 0.25080 0.00185 ( 1)
  69 N   0.72013 0.02722 0.24345 0.00920 ( 1)
  70 G   0.21560 0.53175 0.07289 0.17976 ( 2)
  71 H   0.73518 0.01217 0.24854 0.00411 ( 1)
  72 G   0.64516 0.10219 0.21810 0.03455 ( 1)
  73 Y   0.02718 0.04137 0.91746 0.01399 ( 3)
  74 H   0.01806 0.03036 0.94132 0.01027 ( 3)
  75 L   0.70400 0.07980 0.18923 0.02698 ( 1)
  76 F   0.23772 0.01614 0.74068 0.00546 ( 3)
  77 Q   0.02421 0.09363 0.85051 0.03165 ( 3)
  78 A   0.14061 0.28218 0.48181 0.09540 ( 3)
  79 M   0.01643 0.02341 0.95225 0.00791 ( 3)
  80 R   0.20926 0.06710 0.70095 0.02268 ( 3)
  81 L   0.52970 0.23823 0.15153 0.08054 ( 1)
  82 S   0.00029 0.73898 0.01092 0.24982 ( 2)
  83 I   0.12944 0.62255 0.03755 0.21046 ( 2)
  84 E   0.01115 0.04843 0.92405 0.01637 ( 3)
  85 A   0.58968 0.15767 0.19935 0.05330 ( 1)
  86 I   0.71631 0.03104 0.24216 0.01049 ( 1)
  87 N   0.74016 0.00719 0.25022 0.00243 ( 1)
  88 N   0.74016 0.00719 0.25022 0.00243 ( 1)
  89 S   0.73859 0.00876 0.24969 0.00296 ( 1)
  90 T   0.73048 0.01687 0.24695 0.00570 ( 1)
  91 V   0.36815 0.37920 0.12446 0.12819 ( 2)
  92 L   0.71220 0.03515 0.24077 0.01188 ( 1)
  93 L   0.71203 0.03532 0.24071 0.01194 ( 1)
  94 P   0.76526 0.00684 0.22559 0.00231 ( 1)
  95 N   0.22276 0.05572 0.70269 0.01884 ( 3)
  96 V   0.02049 0.19132 0.72351 0.06468 ( 3)
  97 T   0.23622 0.02021 0.73673 0.00683 ( 3)
  98 L   0.18045 0.15186 0.61636 0.05134 ( 3)
  99 G   0.76736 0.01401 0.21390 0.00474 ( 1)
 100 Y   0.02467 0.11354 0.82341 0.03838 ( 3)
 101 E   0.00200 0.68887 0.07624 0.23288 ( 2)
 102 L   0.73596 0.03224 0.22089 0.01090 ( 1)
 103 Y   0.01005 0.11761 0.83258 0.03976 ( 3)
 104 D   0.72225 0.02510 0.24417 0.00848 ( 1)
 105 V   0.73479 0.01256 0.24841 0.00425 ( 1)
 106 C   0.73542 0.01193 0.24862 0.00403 ( 1)
 107 S   0.71538 0.03197 0.24184 0.01081 ( 1)
 108 E   0.65205 0.09530 0.22043 0.03222 ( 1)
 109 S   0.70223 0.04512 0.23740 0.01525 ( 1)
 110 A   0.74145 0.00590 0.25066 0.00200 ( 1)
 111 N   0.71671 0.03064 0.24229 0.01036 ( 1)
 112 V   0.73479 0.01256 0.24841 0.00425 ( 1)
 113 Y   0.70048 0.04687 0.23680 0.01585 ( 1)
 114 A   0.74072 0.00663 0.25041 0.00224 ( 1)
 115 T   0.73060 0.01675 0.24699 0.00566 ( 1)
 116 L   0.71220 0.03515 0.24077 0.01188 ( 1)
 117 S   0.06279 0.68456 0.02123 0.23142 ( 2)
 118 V   0.63029 0.11706 0.21308 0.03957 ( 1)
 119 L   0.74011 0.00724 0.25020 0.00245 ( 1)
 120 S   0.73805 0.00930 0.24951 0.00314 ( 1)
 121 L   0.10252 0.64483 0.03466 0.21799 ( 2)
 122 P   0.32302 0.42433 0.10920 0.14345 ( 2)
 123 G   0.75154 0.01511 0.22824 0.00511 ( 1)
 124 T   0.05234 0.69600 0.01637 0.23529 ( 2)
 125 R   0.00000 0.74726 0.00012 0.25262 ( 2)
 126 H   0.73930 0.00805 0.24993 0.00272 ( 1)
 127 I   0.71435 0.03300 0.24149 0.01116 ( 1)
 128 D   0.23658 0.51077 0.07998 0.17267 ( 2)
 129 I   0.68213 0.06522 0.23060 0.02205 ( 1)
 130 Q   0.69267 0.05468 0.23416 0.01849 ( 1)
 131 G   0.34279 0.40456 0.11588 0.13677 ( 2)
 132 D   0.65156 0.09579 0.22027 0.03238 ( 1)
 133 F   0.08968 0.65767 0.03032 0.22233 ( 2)
 134 L   0.74011 0.00724 0.25020 0.00245 ( 1)
 135 H   0.00327 0.74408 0.00111 0.25154 ( 2)
 136 Y   0.69984 0.04751 0.23659 0.01606 ( 1)
 137 S   0.02531 0.72204 0.00856 0.24409 ( 2)
 138 P   0.73093 0.01642 0.24710 0.00555 ( 1)
 139 K   0.60594 0.14141 0.20485 0.04780 ( 1)
 140 I   0.54438 0.20297 0.18404 0.06862 ( 1)
 141 V   0.56656 0.18079 0.19153 0.06112 ( 1)
 142 A   0.72746 0.01989 0.24592 0.00673 ( 1)
 143 V   0.73490 0.01245 0.24844 0.00421 ( 1)
 144 I   0.11573 0.09819 0.75289 0.03319 ( 3)
 145 G   0.22903 0.04859 0.70595 0.01643 ( 3)
 146 P   0.49524 0.26409 0.15139 0.08928 ( 1)
 147 D   0.34662 0.41485 0.09828 0.14024 ( 2)
 148 S   0.00018 0.74643 0.00104 0.25234 ( 2)
 149 T   0.70450 0.07029 0.20144 0.02376 ( 1)
 150 D   0.02041 0.21755 0.68849 0.07355 ( 3)
 151 H   0.00007 0.74712 0.00024 0.25257 ( 2)
 152 A   0.48798 0.27209 0.14794 0.09198 ( 1)
 153 A   0.07000 0.02116 0.90169 0.00715 ( 3)
 154 T   0.04994 0.02511 0.91646 0.00849 ( 3)
 155 T   0.01727 0.20999 0.70175 0.07099 ( 3)
 156 A   0.72905 0.01830 0.24646 0.00619 ( 1)
 157 A   0.67326 0.07409 0.22760 0.02505 ( 1)
 158 L   0.70945 0.03790 0.23984 0.01281 ( 1)
 159 L   0.71510 0.03225 0.24175 0.01090 ( 1)
 160 S   0.66892 0.07843 0.22614 0.02651 ( 1)
 161 P   0.70217 0.04518 0.23738 0.01528 ( 1)
 162 F   0.30262 0.44473 0.10230 0.15035 ( 2)
 163 L   0.71047 0.03688 0.24018 0.01247 ( 1)
 164 V   0.15104 0.27431 0.48191 0.09273 ( 3)
 165 P   0.76505 0.00704 0.22552 0.00238 ( 1)
 166 L   0.08775 0.45106 0.30870 0.15249 ( 2)
 167 I   0.78870 0.00447 0.20532 0.00151 ( 1)
 168 S   0.78024 0.00656 0.21098 0.00222 ( 1)
 169 Y   0.73496 0.02806 0.22750 0.00949 ( 1)
 170 E   0.00212 0.74532 0.00059 0.25196 ( 2)
 171 A   0.78528 0.00488 0.20818 0.00165 ( 1)
 172 S   0.78024 0.00656 0.21098 0.00222 ( 1)
 173 S   0.77974 0.00704 0.21084 0.00238 ( 1)
 174 T   0.00018 0.74717 0.00005 0.25259 ( 2)
 175 T   0.01546 0.73253 0.00436 0.24764 ( 2)
 176 L   0.77799 0.00964 0.20912 0.00326 ( 1)
 177 S   0.35190 0.41325 0.09515 0.13970 ( 2)
 178 V   0.00029 0.74707 0.00008 0.25256 ( 2)
 179 K   0.76563 0.01321 0.21669 0.00447 ( 1)
 180 R   0.16590 0.58714 0.04846 0.19849 ( 2)
 181 Q   0.52050 0.24379 0.15330 0.08242 ( 1)
 182 Y   0.71851 0.04416 0.22241 0.01493 ( 1)
 183 P   0.78078 0.00639 0.21068 0.00216 ( 1)
 184 S   0.72493 0.03914 0.22271 0.01323 ( 1)
 185 F   0.78099 0.00968 0.20606 0.00327 ( 1)
 186 L   0.73596 0.03224 0.22089 0.01090 ( 1)
 187 R   0.77398 0.00920 0.21371 0.00311 ( 1)
 188 T   0.78258 0.00574 0.20974 0.00194 ( 1)
 189 I   0.75200 0.03904 0.19577 0.01320 ( 1)
 190 P   0.78078 0.00639 0.21068 0.00216 ( 1)
 191 S   0.23313 0.52627 0.06269 0.17791 ( 2)
 192 D   0.78383 0.00553 0.20877 0.00187 ( 1)
 193 R   0.24348 0.51388 0.06891 0.17372 ( 2)
 194 H   0.04529 0.70412 0.01256 0.23803 ( 2)
 195 Q   0.74750 0.02418 0.22015 0.00817 ( 1)
 196 V   0.77033 0.01087 0.21512 0.00368 ( 1)
 197 E   0.76941 0.01128 0.21549 0.00381 ( 1)
 198 V   0.40995 0.35886 0.10987 0.12132 ( 1)
 199 M   0.72952 0.05709 0.19409 0.01930 ( 1)
 200 V   0.77033 0.01087 0.21512 0.00368 ( 1)
 201 L   0.50899 0.25278 0.15277 0.08546 ( 1)
 202 L   0.73596 0.03224 0.22089 0.01090 ( 1)
 203 L   0.73582 0.03239 0.22085 0.01095 ( 1)
 204 Q   0.01075 0.71326 0.03487 0.24112 ( 2)
 205 R   0.20860 0.54605 0.06075 0.18460 ( 2)
 206 F   0.78646 0.00452 0.20750 0.00153 ( 1)
 207 R   0.00022 0.74714 0.00006 0.25258 ( 2)
 208 W   0.73827 0.03054 0.22087 0.01032 ( 1)
 209 V   0.34035 0.42482 0.09122 0.14361 ( 2)
 210 W   0.73827 0.03054 0.22087 0.01032 ( 1)
 211 I   0.78953 0.00369 0.20553 0.00125 ( 1)
 212 S   0.72530 0.03877 0.22282 0.01311 ( 1)
 213 L   0.73596 0.03224 0.22089 0.01090 ( 1)
 214 V   0.19808 0.55450 0.05996 0.18746 ( 2)
 215 G   0.77880 0.00714 0.21165 0.00241 ( 1)
 216 S   0.77981 0.00697 0.21086 0.00236 ( 1)
 217 Y   0.00072 0.74664 0.00022 0.25241 ( 2)
 218 G   0.62274 0.15215 0.17368 0.05144 ( 1)
 219 D   0.78414 0.00524 0.20885 0.00177 ( 1)
 220 Y   0.73496 0.02806 0.22750 0.00949 ( 1)
 221 G   0.76381 0.01367 0.21790 0.00462 ( 1)
 222 Q   0.59035 0.17621 0.17387 0.05957 ( 1)
 223 Q   0.08198 0.66605 0.02681 0.22517 ( 2)
 224 G   0.61725 0.15445 0.17609 0.05221 ( 1)
 225 V   0.75735 0.01216 0.22638 0.00411 ( 1)
 226 Q   0.56560 0.20016 0.16658 0.06767 ( 1)
 227 A   0.49685 0.25693 0.15935 0.08686 ( 1)
 228 L   0.73663 0.03083 0.22212 0.01042 ( 1)
 229 E   0.27525 0.48403 0.07709 0.16363 ( 2)
 230 N   0.00532 0.74230 0.00143 0.25094 ( 2)
 231 Q   0.56445 0.20127 0.16624 0.06804 ( 1)
 232 A   0.78528 0.00488 0.20818 0.00165 ( 1)
 233 T   0.75199 0.01404 0.22923 0.00475 ( 1)
 234 D   0.00082 0.74655 0.00026 0.25238 ( 2)
 235 Q   0.54736 0.21780 0.16121 0.07363 ( 1)
 236 G   0.26126 0.49639 0.07453 0.16781 ( 2)
 237 I   0.75125 0.03974 0.19557 0.01344 ( 1)
 238 C   0.77461 0.00884 0.21356 0.00299 ( 1)
 239 I   0.74078 0.02876 0.22073 0.00972 ( 1)
 240 A   0.73149 0.03493 0.22177 0.01181 ( 1)
 241 F   0.78646 0.00452 0.20750 0.00153 ( 1)
 242 K   0.76563 0.01321 0.21669 0.00447 ( 1)
 243 D   0.72893 0.05749 0.19415 0.01943 ( 1)
 244 I   0.32045 0.44552 0.08342 0.15061 ( 2)
 245 V   0.66617 0.11209 0.18385 0.03789 ( 1)
 246 P   0.76876 0.00780 0.22081 0.00264 ( 1)
 247 L   0.73253 0.05545 0.19327 0.01875 ( 1)
 248 S   0.46047 0.29749 0.14146 0.10057 ( 1)
 249 A   0.78528 0.00488 0.20818 0.00165 ( 1)
 250 R   0.00011 0.74702 0.00033 0.25254 ( 2)
 251 V   0.76646 0.01456 0.21406 0.00492 ( 1)
 252 G   0.76252 0.02260 0.20724 0.00764 ( 1)
 253 D   0.73838 0.02967 0.22191 0.01003 ( 1)
 254 E   0.26991 0.48914 0.07559 0.16536 ( 2)
 255 R   0.60993 0.16161 0.17383 0.05463 ( 1)
 256 M   0.78444 0.00512 0.20871 0.00173 ( 1)
 257 Q   0.56622 0.19956 0.16676 0.06746 ( 1)
 258 G   0.00259 0.74487 0.00072 0.25181 ( 2)
 259 M   0.05314 0.69574 0.01592 0.23520 ( 2)
 260 M   0.78444 0.00512 0.20871 0.00173 ( 1)
 261 N   0.00034 0.74703 0.00009 0.25254 ( 2)
 262 R   0.04886 0.60191 0.14574 0.20348 ( 2)
 263 L   0.73596 0.03224 0.22089 0.01090 ( 1)
 264 A   0.73727 0.05028 0.19546 0.01700 ( 1)
 265 R   0.01492 0.73291 0.00440 0.24777 ( 2)
 266 A   0.78420 0.00591 0.20790 0.00200 ( 1)
 267 G   0.00262 0.74483 0.00075 0.25180 ( 2)
 268 T   0.72566 0.06125 0.19238 0.02071 ( 1)
 269 T   0.65907 0.12278 0.17664 0.04151 ( 1)
 270 V   0.78378 0.00651 0.20751 0.00220 ( 1)
 271 V   0.77033 0.01087 0.21512 0.00368 ( 1)
 272 V   0.23745 0.52278 0.06304 0.17673 ( 2)
 273 V   0.73259 0.03412 0.22176 0.01153 ( 1)
 274 F   0.75813 0.01105 0.22708 0.00374 ( 1)
 275 S   0.77798 0.00744 0.21207 0.00251 ( 1)
 276 S   0.00337 0.74415 0.00091 0.25157 ( 2)
 277 R   0.08033 0.66978 0.02347 0.22643 ( 2)
 278 R   0.00015 0.74721 0.00004 0.25260 ( 2)
 279 L   0.05973 0.68930 0.01794 0.23303 ( 2)
 280 A   0.78528 0.00488 0.20818 0.00165 ( 1)
 281 R   0.63823 0.13443 0.18190 0.04544 ( 1)
 282 V   0.77033 0.01087 0.21512 0.00368 ( 1)
 283 F   0.76185 0.00745 0.22819 0.00252 ( 1)
 284 F   0.78414 0.00671 0.20689 0.00227 ( 1)
 285 E   0.76941 0.01128 0.21549 0.00381 ( 1)
 286 S   0.77425 0.01098 0.21106 0.00371 ( 1)
 287 V   0.77033 0.01087 0.21512 0.00368 ( 1)
 288 V   0.77033 0.01087 0.21512 0.00368 ( 1)
 289 L   0.73543 0.03276 0.22074 0.01107 ( 1)
 290 A   0.73666 0.05083 0.19533 0.01718 ( 1)
 291 N   0.72359 0.06116 0.19457 0.02068 ( 1)
 292 L   0.51604 0.24593 0.15489 0.08314 ( 1)
 293 T   0.72602 0.03937 0.22131 0.01331 ( 1)
 294 G   0.77880 0.00714 0.21165 0.00241 ( 1)
 295 K   0.76563 0.01321 0.21669 0.00447 ( 1)
 296 V   0.77033 0.01087 0.21512 0.00368 ( 1)
 297 W   0.73827 0.03054 0.22087 0.01032 ( 1)
 298 I   0.35588 0.41096 0.09422 0.13893 ( 2)
 299 A   0.78528 0.00488 0.20818 0.00165 ( 1)
 300 S   0.66846 0.08558 0.21703 0.02893 ( 1)
 301 E   0.70552 0.05442 0.22165 0.01840 ( 1)
 302 D   0.38089 0.38722 0.10098 0.13091 ( 2)
 303 W   0.73827 0.03054 0.22087 0.01032 ( 1)
 304 A   0.72802 0.05902 0.19300 0.01995 ( 1)
 305 I   0.72850 0.05656 0.19582 0.01912 ( 1)
 306 S   0.77798 0.00744 0.21207 0.00251 ( 1)
 307 R   0.03050 0.71806 0.00869 0.24275 ( 2)
 308 H   0.70569 0.07705 0.19121 0.02605 ( 1)
 309 I   0.78953 0.00369 0.20553 0.00125 ( 1)
 310 T   0.49678 0.26291 0.15143 0.08888 ( 1)
 311 G   0.20749 0.54804 0.05919 0.18527 ( 2)
 312 V   0.76833 0.01279 0.21456 0.00432 ( 1)
 313 P   0.77329 0.01349 0.20866 0.00456 ( 1)
 314 G   0.76248 0.01495 0.21752 0.00506 ( 1)
 315 I   0.78953 0.00369 0.20553 0.00125 ( 1)
 316 Q   0.13996 0.61195 0.04122 0.20688 ( 2)
 317 G   0.32076 0.44144 0.08856 0.14923 ( 2)
 318 I   0.75015 0.01967 0.22352 0.00665 ( 1)
 319 G   0.76202 0.01539 0.21739 0.00520 ( 1)
 320 T   0.00014 0.74722 0.00004 0.25261 ( 2)
 321 V   0.77079 0.01044 0.21525 0.00353 ( 1)
 322 L   0.73596 0.03224 0.22089 0.01090 ( 1)
 323 G   0.75621 0.02859 0.20552 0.00967 ( 1)
 324 V   0.77007 0.01112 0.21505 0.00376 ( 1)
 325 A   0.78528 0.00488 0.20818 0.00165 ( 1)
 326 I   0.78953 0.00369 0.20553 0.00125 ( 1)
 327 Q   0.74750 0.02418 0.22015 0.00817 ( 1)
 328 L   0.01725 0.73081 0.00488 0.24706 ( 2)
 329 R   0.22780 0.52859 0.06492 0.17869 ( 2)
 330 L   0.00006 0.74729 0.00002 0.25263 ( 2)
 331 V   0.73421 0.05339 0.19436 0.01805 ( 1)
 332 P   0.74055 0.03495 0.21268 0.01182 ( 1)
 333 G   0.71127 0.07132 0.19330 0.02411 ( 1)
 334 L   0.73574 0.03246 0.22083 0.01097 ( 1)
 335 K   0.65178 0.12238 0.18447 0.04137 ( 1)
 336 E   0.63168 0.14320 0.17672 0.04841 ( 1)
 337 F   0.52293 0.23948 0.15663 0.08096 ( 1)
 338 E   0.69728 0.06252 0.21906 0.02114 ( 1)
 339 E   0.73564 0.02485 0.23111 0.00840 ( 1)
 340 A   0.78528 0.00488 0.20818 0.00165 ( 1)
 341 Y   0.71203 0.05050 0.22040 0.01707 ( 1)
 342 A   0.73764 0.04993 0.19555 0.01688 ( 1)
 343 Q   0.00047 0.74690 0.00014 0.25250 ( 2)
 344 A   0.40087 0.35167 0.12857 0.11889 ( 1)
 345 D   0.78414 0.00524 0.20885 0.00177 ( 1)
 346 K   0.76563 0.01321 0.21669 0.00447 ( 1)
 347 G   0.00224 0.74520 0.00064 0.25192 ( 2)
 348 A   0.72933 0.05779 0.19335 0.01954 ( 1)
 349 P   0.02494 0.72301 0.00762 0.24442 ( 2)
 350 L   0.10009 0.65123 0.02853 0.22016 ( 2)
 351 P   0.35918 0.39686 0.10980 0.13416 ( 2)
 352 C   0.77327 0.01012 0.21319 0.00342 ( 1)
 353 P   0.00486 0.74273 0.00132 0.25109 ( 2)
 354 T   0.01944 0.72871 0.00550 0.24635 ( 2)
 355 G   0.71066 0.07189 0.19315 0.02430 ( 1)
 356 A   0.69645 0.08497 0.18985 0.02873 ( 1)
 357 W   0.54321 0.21993 0.16251 0.07435 ( 1)
 358 C   0.77461 0.00884 0.21356 0.00299 ( 1)
 359 S   0.78024 0.00656 0.21098 0.00222 ( 1)
 360 S   0.78024 0.00656 0.21098 0.00222 ( 1)
 361 N   0.73048 0.03622 0.22106 0.01224 ( 1)
 362 Q   0.74750 0.02418 0.22015 0.00817 ( 1)
 363 L   0.35763 0.40823 0.09613 0.13801 ( 2)
 364 C   0.77327 0.01012 0.21319 0.00342 ( 1)
 365 R   0.68983 0.06761 0.21970 0.02286 ( 1)
 366 E   0.05978 0.68864 0.01878 0.23280 ( 2)
 367 C   0.77319 0.01019 0.21317 0.00345 ( 1)
 368 C   0.00011 0.74724 0.00004 0.25261 ( 2)
 369 A   0.51817 0.24269 0.15710 0.08204 ( 1)
 370 F   0.78646 0.00452 0.20750 0.00153 ( 1)
 371 T   0.00002 0.74733 0.00001 0.25264 ( 2)
 372 A   0.04512 0.70282 0.01447 0.23760 ( 2)
 373 H   0.77945 0.00699 0.21120 0.00236 ( 1)
 374 T   0.00001 0.74731 0.00004 0.25264 ( 2)
 375 T   0.72973 0.05689 0.19415 0.01923 ( 1)
 376 P   0.78040 0.00674 0.21058 0.00228 ( 1)
 377 T   0.01542 0.73257 0.00436 0.24765 ( 2)
 378 L   0.77578 0.01173 0.20852 0.00397 ( 1)
 379 G   0.00004 0.74731 0.00001 0.25264 ( 2)
 380 P   0.39056 0.37808 0.10354 0.12781 ( 1)
 381 F   0.73779 0.05048 0.19466 0.01707 ( 1)
 382 S   0.77798 0.00744 0.21207 0.00251 ( 1)
 383 M   0.78444 0.00512 0.20871 0.00173 ( 1)
 384 S   0.72885 0.03722 0.22134 0.01258 ( 1)
 385 S   0.45860 0.29932 0.14089 0.10119 ( 1)
 386 A   0.78528 0.00488 0.20818 0.00165 ( 1)
 387 Y   0.77286 0.00963 0.21425 0.00326 ( 1)
 388 N   0.78154 0.00620 0.21016 0.00210 ( 1)
 389 V   0.16694 0.58768 0.04670 0.19867 ( 2)
 390 Y   0.76825 0.01403 0.21297 0.00474 ( 1)
 391 Q   0.01182 0.73586 0.00356 0.24877 ( 2)
 392 A   0.72219 0.04398 0.21895 0.01487 ( 1)
 393 V   0.77033 0.01087 0.21512 0.00368 ( 1)
 394 Y   0.73569 0.02734 0.22773 0.00924 ( 1)
 395 T   0.01080 0.73687 0.00323 0.24911 ( 2)
 396 V   0.77033 0.01087 0.21512 0.00368 ( 1)
 397 A   0.78509 0.00507 0.20813 0.00171 ( 1)
 398 H   0.73067 0.03567 0.22160 0.01206 ( 1)
 399 G   0.77880 0.00714 0.21165 0.00241 ( 1)
 400 L   0.78174 0.00608 0.21013 0.00205 ( 1)
 401 H   0.77961 0.00683 0.21124 0.00231 ( 1)
 402 Q   0.74750 0.02418 0.22015 0.00817 ( 1)
 403 L   0.78174 0.00608 0.21013 0.00205 ( 1)
 404 L   0.73596 0.03224 0.22089 0.01090 ( 1)
 405 G   0.77880 0.00714 0.21165 0.00241 ( 1)
 406 C   0.73964 0.02482 0.22715 0.00839 ( 1)
 407 A   0.72142 0.06526 0.19125 0.02206 ( 1)
 408 S   0.72910 0.03506 0.22399 0.01185 ( 1)
 409 G   0.67275 0.08197 0.21757 0.02771 ( 1)
 410 A   0.64637 0.11783 0.19597 0.03983 ( 1)
 411 C   0.71899 0.04500 0.22081 0.01521 ( 1)
 412 S   0.77798 0.00744 0.21207 0.00251 ( 1)
 413 R   0.76290 0.01470 0.21743 0.00497 ( 1)
 414 S   0.35829 0.40681 0.09737 0.13753 ( 2)
 415 Q   0.00410 0.74328 0.00135 0.25128 ( 2)
 416 V   0.78558 0.00483 0.20796 0.00163 ( 1)
 417 Y   0.26575 0.49369 0.07367 0.16690 ( 2)
 418 P   0.78033 0.00681 0.21056 0.00230 ( 1)
 419 W   0.73827 0.03054 0.22087 0.01032 ( 1)
 420 Q   0.74750 0.02418 0.22015 0.00817 ( 1)
 421 L   0.72468 0.04061 0.22099 0.01373 ( 1)
 422 L   0.73295 0.03509 0.22009 0.01186 ( 1)
 423 E   0.66676 0.10948 0.18674 0.03701 ( 1)
 424 Q   0.74750 0.02418 0.22015 0.00817 ( 1)
 425 I   0.78953 0.00369 0.20553 0.00125 ( 1)
 426 H   0.00411 0.73510 0.01228 0.24851 ( 2)
 427 K   0.76519 0.01364 0.21656 0.00461 ( 1)
 428 A   0.67809 0.09906 0.18936 0.03349 ( 1)
 429 N   0.49264 0.26776 0.14908 0.09052 ( 1)
 430 F   0.78631 0.00466 0.20746 0.00158 ( 1)
 431 L   0.72468 0.04061 0.22099 0.01373 ( 1)
 432 L   0.65293 0.09978 0.21356 0.03373 ( 1)
 433 H   0.77782 0.00854 0.21076 0.00289 ( 1)
 434 E   0.00260 0.74486 0.00074 0.25181 ( 2)
 435 D   0.78414 0.00524 0.20885 0.00177 ( 1)
 436 T   0.73174 0.03379 0.22305 0.01142 ( 1)
 437 V   0.77033 0.01087 0.21512 0.00368 ( 1)
 438 T   0.00092 0.74636 0.00040 0.25232 ( 2)
 439 F   0.52044 0.24190 0.15589 0.08178 ( 1)
 440 N   0.08166 0.48584 0.26825 0.16425 ( 2)
 441 D   0.78414 0.00524 0.20885 0.00177 ( 1)
 442 N   0.76097 0.02535 0.20511 0.00857 ( 1)
 443 G   0.10253 0.64614 0.03289 0.21844 ( 2)
 444 D   0.23277 0.52112 0.06994 0.17617 ( 2)
 445 P   0.71421 0.06956 0.19272 0.02351 ( 1)
 446 L   0.30077 0.46215 0.08084 0.15624 ( 2)
 447 S   0.72791 0.03814 0.22105 0.01289 ( 1)
 448 G   0.70463 0.07835 0.19053 0.02649 ( 1)
 449 Y   0.71203 0.05050 0.22040 0.01707 ( 1)
 450 N   0.05682 0.69347 0.01528 0.23444 ( 2)
 451 I   0.74023 0.02876 0.22129 0.00972 ( 1)
 452 I   0.74078 0.02876 0.22073 0.00972 ( 1)
 453 A   0.73658 0.05093 0.19527 0.01722 ( 1)
 454 W   0.73827 0.03054 0.22087 0.01032 ( 1)
 455 D   0.78414 0.00524 0.20885 0.00177 ( 1)
 456 W   0.73827 0.03054 0.22087 0.01032 ( 1)
 457 I   0.01030 0.73732 0.00312 0.24926 ( 2)
 458 G   0.75944 0.01663 0.21830 0.00562 ( 1)
 459 F   0.37141 0.39488 0.10022 0.13349 ( 2)
 460 K   0.66537 0.10935 0.18831 0.03697 ( 1)
 461 W   0.73827 0.03054 0.22087 0.01032 ( 1)
 462 T   0.78258 0.00574 0.20974 0.00194 ( 1)
 463 F   0.78564 0.00529 0.20728 0.00179 ( 1)
 464 T   0.74345 0.02042 0.22922 0.00690 ( 1)
 465 V   0.28980 0.47343 0.07672 0.16005 ( 2)
 466 I   0.01430 0.73379 0.00384 0.24807 ( 2)
 467 G   0.75285 0.01216 0.23087 0.00411 ( 1)
 468 S   0.77753 0.00787 0.21195 0.00266 ( 1)
 469 S   0.77798 0.00744 0.21207 0.00251 ( 1)
 470 T   0.68741 0.06840 0.22107 0.02312 ( 1)
 471 A   0.10597 0.64446 0.03170 0.21787 ( 2)
 472 S   0.44816 0.30953 0.13768 0.10464 ( 1)
 473 P   0.66691 0.08844 0.21476 0.02990 ( 1)
 474 V   0.48548 0.27469 0.14696 0.09286 ( 1)
 475 R   0.00052 0.74684 0.00015 0.25248 ( 2)
 476 L   0.67960 0.07333 0.22228 0.02479 ( 1)
 477 D   0.70818 0.07050 0.19749 0.02383 ( 1)
 478 I   0.73877 0.03018 0.22085 0.01020 ( 1)
 479 N   0.73048 0.03622 0.22106 0.01224 ( 1)
 480 E   0.66686 0.10939 0.18677 0.03698 ( 1)
 481 T   0.78256 0.00575 0.20974 0.00194 ( 1)
 482 K   0.68910 0.06937 0.21808 0.02345 ( 1)
 483 I   0.78924 0.00396 0.20546 0.00134 ( 1)
 484 Q   0.74750 0.02418 0.22015 0.00817 ( 1)
 485 W   0.73827 0.03054 0.22087 0.01032 ( 1)
 486 H   0.69138 0.09063 0.18735 0.03064 ( 1)
 487 R   0.04486 0.70298 0.01451 0.23765 ( 2)
 488 K   0.76563 0.01321 0.21669 0.00447 ( 1)
 489 D   0.24919 0.01825 0.72639 0.00617 ( 3)
 490 N   0.78172 0.00604 0.21020 0.00204 ( 1)
 491 Q   0.74750 0.02418 0.22015 0.00817 ( 1)
 492 V   0.77007 0.01112 0.21505 0.00376 ( 1)
 493 P   0.72838 0.03659 0.22266 0.01237 ( 1)
 494 Q   0.22855 0.52820 0.06468 0.17856 ( 2)
 495 S   0.71868 0.04524 0.22079 0.01529 ( 1)
 496 V   0.77033 0.01087 0.21512 0.00368 ( 1)
 497 C   0.74610 0.01851 0.22913 0.00626 ( 1)
 498 S   0.77798 0.00744 0.21207 0.00251 ( 1)
 499 S   0.77072 0.01535 0.20874 0.00519 ( 1)
 500 D   0.78377 0.00558 0.20875 0.00189 ( 1)
 501 C   0.72278 0.04129 0.22197 0.01396 ( 1)
 502 L   0.72468 0.04061 0.22099 0.01373 ( 1)
 503 E   0.37953 0.37460 0.11924 0.12664 ( 1)
 504 G   0.75995 0.01738 0.21680 0.00588 ( 1)
 505 H   0.24274 0.02387 0.72533 0.00807 ( 3)
 506 Q   0.74750 0.02418 0.22015 0.00817 ( 1)
 507 R   0.03596 0.71164 0.01181 0.24058 ( 2)
 508 V   0.77033 0.01087 0.21512 0.00368 ( 1)
 509 V   0.73374 0.03300 0.22211 0.01116 ( 1)
 510 V   0.00016 0.74719 0.00005 0.25260 ( 2)
 511 G   0.45572 0.30232 0.13975 0.10220 ( 1)
 512 S   0.73911 0.04924 0.19501 0.01665 ( 1)
 513 H   0.12750 0.62316 0.03867 0.21067 ( 2)
 514 H   0.71478 0.06842 0.19368 0.02313 ( 1)
 515 C   0.72096 0.04307 0.22141 0.01456 ( 1)
 516 C   0.77461 0.00884 0.21356 0.00299 ( 1)
 517 F   0.74497 0.02383 0.22314 0.00806 ( 1)
 518 E   0.66874 0.10759 0.18730 0.03637 ( 1)
 519 C   0.71899 0.04500 0.22081 0.01521 ( 1)
 520 V   0.75706 0.01742 0.21962 0.00589 ( 1)
 521 P   0.73976 0.00759 0.25009 0.00256 ( 1)
 522 C   0.70520 0.04215 0.23840 0.01425 ( 1)
 523 E   0.20763 0.53972 0.07019 0.18246 ( 2)
 524 S   0.46675 0.28060 0.15779 0.09486 ( 1)
 525 G   0.75607 0.01536 0.22338 0.00519 ( 1)
 526 T   0.01254 0.02613 0.95249 0.00883 ( 3)
 527 F   0.02741 0.02060 0.94503 0.00696 ( 3)
 528 L   0.02636 0.03311 0.92934 0.01119 ( 3)
 529 N   0.02816 0.02689 0.93586 0.00909 ( 3)
 530 K   0.14418 0.30950 0.44170 0.10463 ( 3)
 531 S   0.70616 0.04119 0.23872 0.01393 ( 1)
 532 D   0.74107 0.00628 0.25053 0.00212 ( 1)
 533 L   0.66874 0.07861 0.22608 0.02657 ( 1)
 534 Y   0.64107 0.10628 0.21672 0.03593 ( 1)
 535 R   0.07729 0.67006 0.02613 0.22652 ( 2)
 536 C   0.73654 0.01081 0.24900 0.00365 ( 1)
 537 Q   0.74750 0.02418 0.22015 0.00817 ( 1)
 538 P   0.46164 0.29688 0.14112 0.10036 ( 1)
 539 C   0.71899 0.04500 0.22081 0.01521 ( 1)
 540 G   0.76248 0.01495 0.21752 0.00506 ( 1)
 541 K   0.69688 0.06171 0.22054 0.02086 ( 1)
 542 E   0.69728 0.06252 0.21906 0.02114 ( 1)
 543 E   0.76939 0.01130 0.21548 0.00382 ( 1)
 544 W   0.73827 0.03054 0.22087 0.01032 ( 1)
 545 A   0.67243 0.08363 0.21566 0.02827 ( 1)
 546 P   0.73154 0.03351 0.22362 0.01133 ( 1)
 547 E   0.03303 0.71575 0.00925 0.24197 ( 2)
 548 G   0.28972 0.46080 0.09369 0.15578 ( 2)
 549 S   0.78024 0.00656 0.21098 0.00222 ( 1)
 550 Q   0.74750 0.02418 0.22015 0.00817 ( 1)
 551 T   0.71706 0.06783 0.19218 0.02293 ( 1)
 552 C   0.77461 0.00884 0.21356 0.00299 ( 1)
 553 F   0.78586 0.00508 0.20734 0.00172 ( 1)
 554 P   0.18229 0.17577 0.58252 0.05942 ( 3)
 555 R   0.76849 0.01444 0.21218 0.00488 ( 1)
 556 T   0.73269 0.03286 0.22334 0.01111 ( 1)
 557 V   0.76837 0.01275 0.21457 0.00431 ( 1)
 558 V   0.23531 0.03626 0.71616 0.01226 ( 3)
 559 F   0.11140 0.63916 0.03337 0.21608 ( 2)
 560 L   0.73538 0.03273 0.22082 0.01107 ( 1)
 561 A   0.09477 0.65506 0.02873 0.22145 ( 2)
 562 W   0.12057 0.62981 0.03671 0.21291 ( 2)
 563 H   0.11143 0.63882 0.03380 0.21596 ( 2)
 564 E   0.76941 0.01128 0.21549 0.00381 ( 1)
 565 C   0.00489 0.74271 0.00132 0.25108 ( 2)
 566 I   0.73087 0.05473 0.19589 0.01850 ( 1)
 567 S   0.71868 0.04524 0.22079 0.01529 ( 1)
 568 W   0.73827 0.03054 0.22087 0.01032 ( 1)
 569 V   0.77033 0.01087 0.21512 0.00368 ( 1)
 570 L   0.73345 0.03468 0.22014 0.01172 ( 1)
 571 L   0.73571 0.03249 0.22082 0.01098 ( 1)
 572 A   0.31112 0.44026 0.09978 0.14883 ( 2)
 573 A   0.50685 0.25371 0.15367 0.08577 ( 1)
 574 N   0.77058 0.01660 0.20721 0.00561 ( 1)
 575 T   0.61073 0.16210 0.17237 0.05480 ( 1)
 576 L   0.08705 0.47042 0.28350 0.15903 ( 2)
 577 L   0.73472 0.03345 0.22052 0.01131 ( 1)
 578 L   0.73588 0.03233 0.22087 0.01093 ( 1)
 579 V   0.51609 0.24588 0.15490 0.08312 ( 1)
 580 V   0.51535 0.24660 0.15468 0.08337 ( 1)
 581 V   0.52516 0.23707 0.15762 0.08014 ( 1)
 582 V   0.09748 0.65229 0.02973 0.22051 ( 2)
 583 G   0.76320 0.01426 0.21772 0.00482 ( 1)
 584 T   0.47205 0.28702 0.14389 0.09703 ( 1)
 585 V   0.48696 0.27309 0.14763 0.09232 ( 1)
 586 G   0.77700 0.00884 0.21117 0.00299 ( 1)
 587 L   0.73596 0.03224 0.22089 0.01090 ( 1)
 588 F   0.73751 0.03108 0.22090 0.01051 ( 1)
 589 A   0.78494 0.00521 0.20809 0.00176 ( 1)
 590 W   0.73827 0.03054 0.22087 0.01032 ( 1)
 591 H   0.77964 0.00681 0.21125 0.00230 ( 1)
 592 Q   0.26150 0.48800 0.08553 0.16497 ( 2)
 593 D   0.78414 0.00524 0.20885 0.00177 ( 1)
 594 T   0.78194 0.00634 0.20957 0.00214 ( 1)
 595 P   0.72278 0.04205 0.22095 0.01422 ( 1)
 596 V   0.77033 0.01087 0.21512 0.00368 ( 1)
 597 V   0.76989 0.01129 0.21500 0.00382 ( 1)
 598 R   0.76290 0.01470 0.21743 0.00497 ( 1)
 599 S   0.65497 0.09893 0.21265 0.03344 ( 1)
 600 A   0.70363 0.05284 0.22567 0.01786 ( 1)
 601 G   0.76248 0.01495 0.21752 0.00506 ( 1)
 602 G   0.77880 0.00714 0.21165 0.00241 ( 1)
 603 W   0.00193 0.74551 0.00053 0.25203 ( 2)
 604 L   0.73596 0.03224 0.22089 0.01090 ( 1)
 605 C   0.77448 0.00895 0.21353 0.00303 ( 1)
 606 F   0.75813 0.01105 0.22708 0.00374 ( 1)
 607 L   0.75223 0.01374 0.22939 0.00464 ( 1)
 608 M   0.78444 0.00512 0.20871 0.00173 ( 1)
 609 L   0.73378 0.03436 0.22024 0.01162 ( 1)
 610 G   0.77794 0.00795 0.21142 0.00269 ( 1)
 611 S   0.77741 0.00797 0.21192 0.00270 ( 1)
 612 L   0.73596 0.03224 0.22089 0.01090 ( 1)
 613 A   0.68394 0.07227 0.21935 0.02443 ( 1)
 614 G   0.00582 0.74161 0.00187 0.25071 ( 2)
 615 A   0.43792 0.31970 0.13430 0.10808 ( 1)
 616 S   0.75891 0.00808 0.23028 0.00273 ( 1)
 617 C   0.00440 0.74317 0.00120 0.25124 ( 2)
 618 S   0.78024 0.00656 0.21098 0.00222 ( 1)
 619 L   0.71944 0.06515 0.19338 0.02203 ( 1)
 620 Y   0.71203 0.05050 0.22040 0.01707 ( 1)
 621 G   0.77859 0.00733 0.21160 0.00248 ( 1)
 622 F   0.78617 0.00479 0.20742 0.00162 ( 1)
 623 F   0.73751 0.03108 0.22090 0.01051 ( 1)
 624 G   0.75995 0.01738 0.21680 0.00588 ( 1)
 625 E   0.74354 0.01717 0.23349 0.00581 ( 1)
 626 P   0.77969 0.00742 0.21038 0.00251 ( 1)
 627 T   0.39556 0.35667 0.12720 0.12058 ( 1)
 628 L   0.09577 0.65537 0.02730 0.22156 ( 2)
 629 P   0.56407 0.19693 0.17243 0.06657 ( 1)
 630 A   0.36207 0.38997 0.11612 0.13183 ( 2)
 631 C   0.77327 0.01012 0.21319 0.00342 ( 1)
 632 L   0.72677 0.04110 0.21824 0.01390 ( 1)
 633 L   0.73577 0.03243 0.22084 0.01096 ( 1)
 634 R   0.77408 0.00911 0.21373 0.00308 ( 1)
 635 Q   0.74491 0.02668 0.21939 0.00902 ( 1)
 636 A   0.71808 0.06842 0.19037 0.02313 ( 1)
 637 I   0.71208 0.07214 0.19140 0.02439 ( 1)
 638 F   0.73751 0.03108 0.22090 0.01051 ( 1)
 639 A   0.78439 0.00573 0.20795 0.00194 ( 1)
 640 L   0.73018 0.03524 0.22267 0.01191 ( 1)
 641 G   0.72157 0.04271 0.22128 0.01444 ( 1)
 642 F   0.78099 0.00968 0.20606 0.00327 ( 1)
 643 T   0.70764 0.07675 0.18966 0.02595 ( 1)
 644 I   0.75230 0.03874 0.19587 0.01310 ( 1)
 645 F   0.78628 0.00469 0.20745 0.00158 ( 1)
 646 L   0.73507 0.03235 0.22164 0.01094 ( 1)
 647 S   0.77787 0.00754 0.21204 0.00255 ( 1)
 648 C   0.77461 0.00884 0.21356 0.00299 ( 1)
 649 L   0.51604 0.24593 0.15489 0.08314 ( 1)
 650 T   0.67102 0.08459 0.21579 0.02860 ( 1)
 651 V   0.73022 0.03642 0.22104 0.01231 ( 1)
 652 R   0.77381 0.00937 0.21365 0.00317 ( 1)
 653 S   0.74479 0.01004 0.24178 0.00339 ( 1)
 654 F   0.78646 0.00452 0.20750 0.00153 ( 1)
 655 Q   0.68612 0.07686 0.21104 0.02598 ( 1)
 656 L   0.69617 0.05690 0.22770 0.01924 ( 1)
 657 V   0.72808 0.06155 0.18956 0.02081 ( 1)
 658 I   0.78953 0.00369 0.20553 0.00125 ( 1)
 659 I   0.78901 0.00418 0.20540 0.00141 ( 1)
 660 F   0.78646 0.00452 0.20750 0.00153 ( 1)
 661 K   0.76563 0.01321 0.21669 0.00447 ( 1)
 662 F   0.73751 0.03108 0.22090 0.01051 ( 1)
 663 S   0.77739 0.00800 0.21191 0.00270 ( 1)
 664 T   0.41133 0.35754 0.11025 0.12087 ( 1)
 665 K   0.75494 0.01381 0.22657 0.00467 ( 1)
 666 V   0.05726 0.69085 0.01835 0.23355 ( 2)
 667 P   0.75026 0.01524 0.22935 0.00515 ( 1)
 668 T   0.08530 0.66310 0.02743 0.22417 ( 2)
 669 F   0.78646 0.00452 0.20750 0.00153 ( 1)
 670 Y   0.30193 0.45915 0.08370 0.15522 ( 2)
 671 H   0.11060 0.64216 0.03015 0.21709 ( 2)
 672 T   0.43088 0.33996 0.11423 0.11493 ( 1)
 673 W   0.73827 0.03054 0.22087 0.01032 ( 1)
 674 V   0.78476 0.00561 0.20774 0.00190 ( 1)
 675 Q   0.67797 0.07885 0.21652 0.02666 ( 1)
 676 N   0.78172 0.00604 0.21020 0.00204 ( 1)
 677 H   0.77647 0.00980 0.21041 0.00331 ( 1)
 678 G   0.72016 0.04408 0.22085 0.01490 ( 1)
 679 A   0.73750 0.02908 0.22359 0.00983 ( 1)
 680 A   0.03897 0.71031 0.01059 0.24013 ( 2)
 681 L   0.73596 0.03224 0.22089 0.01090 ( 1)
 682 F   0.73751 0.03108 0.22090 0.01051 ( 1)
 683 I   0.50494 0.26460 0.14101 0.08945 ( 1)
 684 M   0.27333 0.48873 0.07272 0.16522 ( 2)
 685 I   0.78926 0.00395 0.20546 0.00133 ( 1)
 686 S   0.71730 0.06633 0.19396 0.02242 ( 1)
 687 S   0.65497 0.09893 0.21265 0.03344 ( 1)
 688 M   0.00353 0.74392 0.00106 0.25149 ( 2)
 689 A   0.04420 0.70556 0.01172 0.23852 ( 2)
 690 Q   0.74750 0.02418 0.22015 0.00817 ( 1)
 691 L   0.73340 0.03473 0.22012 0.01174 ( 1)
 692 L   0.73724 0.03875 0.21091 0.01310 ( 1)
 693 I   0.78953 0.00369 0.20553 0.00125 ( 1)
 694 C   0.71945 0.04454 0.22095 0.01506 ( 1)
 695 L   0.65293 0.09978 0.21356 0.03373 ( 1)
 696 T   0.73238 0.03317 0.22325 0.01121 ( 1)
 697 W   0.73827 0.03054 0.22087 0.01032 ( 1)
 698 L   0.73094 0.03712 0.21939 0.01255 ( 1)
 699 A   0.23528 0.52241 0.06570 0.17661 ( 2)
 700 V   0.67364 0.10332 0.18812 0.03493 ( 1)
 701 W   0.73827 0.03054 0.22087 0.01032 ( 1)
 702 T   0.78087 0.00735 0.20929 0.00249 ( 1)
 703 P   0.66691 0.08844 0.21476 0.02990 ( 1)
 704 L   0.73596 0.03224 0.22089 0.01090 ( 1)
 705 P   0.77962 0.00748 0.21037 0.00253 ( 1)
 706 T   0.63570 0.12744 0.19378 0.04308 ( 1)
 707 R   0.74633 0.03062 0.21271 0.01035 ( 1)
 708 E   0.69728 0.06252 0.21906 0.02114 ( 1)
 709 Y   0.77147 0.01095 0.21387 0.00370 ( 1)
 710 Q   0.14938 0.60283 0.04400 0.20379 ( 2)
 711 R   0.77411 0.00908 0.21374 0.00307 ( 1)
 712 F   0.78586 0.00508 0.20734 0.00172 ( 1)
 713 P   0.77969 0.00742 0.21038 0.00251 ( 1)
 714 Q   0.54117 0.22024 0.16413 0.07446 ( 1)
 715 L   0.73596 0.03224 0.22089 0.01090 ( 1)
 716 V   0.76837 0.01275 0.21457 0.00431 ( 1)
 717 V   0.38744 0.38075 0.10308 0.12872 ( 1)
 718 L   0.72468 0.04061 0.22099 0.01373 ( 1)
 719 E   0.65489 0.12085 0.18341 0.04085 ( 1)
 720 C   0.77461 0.00884 0.21356 0.00299 ( 1)
 721 T   0.66892 0.08667 0.21512 0.02930 ( 1)
 722 E   0.76941 0.01128 0.21549 0.00381 ( 1)
 723 T   0.00034 0.74703 0.00009 0.25254 ( 2)
 724 N   0.68582 0.09697 0.18442 0.03278 ( 1)
 725 S   0.76020 0.02435 0.20723 0.00823 ( 1)
 726 L   0.73596 0.03224 0.22089 0.01090 ( 1)
 727 G   0.77880 0.00714 0.21165 0.00241 ( 1)
 728 F   0.78646 0.00452 0.20750 0.00153 ( 1)
 729 M   0.20737 0.54605 0.06199 0.18460 ( 2)
 730 L   0.73578 0.03242 0.22084 0.01096 ( 1)
 731 A   0.78528 0.00488 0.20818 0.00165 ( 1)
 732 F   0.78371 0.00710 0.20679 0.00240 ( 1)
 733 G   0.00043 0.74694 0.00011 0.25251 ( 2)
 734 Y   0.77286 0.00963 0.21425 0.00326 ( 1)
 735 N   0.73048 0.03622 0.22106 0.01224 ( 1)
 736 G   0.70112 0.08096 0.19054 0.02737 ( 1)
 737 L   0.78053 0.00722 0.20982 0.00244 ( 1)
 738 L   0.78110 0.00669 0.20995 0.00226 ( 1)
 739 S   0.77275 0.01241 0.21065 0.00420 ( 1)
 740 V   0.05994 0.69089 0.01561 0.23356 ( 2)
 741 S   0.75420 0.01253 0.22904 0.00424 ( 1)
 742 A   0.78462 0.00551 0.20801 0.00186 ( 1)
 743 F   0.73751 0.03108 0.22090 0.01051 ( 1)
 744 A   0.78402 0.00608 0.20785 0.00205 ( 1)
 745 C   0.77365 0.00975 0.21330 0.00330 ( 1)
 746 S   0.71688 0.06672 0.19384 0.02256 ( 1)
 747 Y   0.77286 0.00963 0.21425 0.00326 ( 1)
 748 L   0.51618 0.24580 0.15493 0.08309 ( 1)
 749 G   0.77854 0.00738 0.21158 0.00250 ( 1)
 750 K   0.75494 0.01381 0.22657 0.00467 ( 1)
 751 D   0.78414 0.00524 0.20885 0.00177 ( 1)
 752 L   0.73493 0.03317 0.22068 0.01122 ( 1)
 753 P   0.66691 0.08844 0.21476 0.02990 ( 1)
 754 E   0.76941 0.01128 0.21549 0.00381 ( 1)
 755 N   0.78172 0.00604 0.21020 0.00204 ( 1)
 756 Y   0.75710 0.02468 0.20988 0.00834 ( 1)
 757 N   0.71583 0.06852 0.19249 0.02316 ( 1)
 758 E   0.76941 0.01128 0.21549 0.00381 ( 1)
 759 A   0.78494 0.00521 0.20809 0.00176 ( 1)
 760 K   0.68910 0.06937 0.21808 0.02345 ( 1)
 761 C   0.71899 0.04500 0.22081 0.01521 ( 1)
 762 V   0.78558 0.00483 0.20796 0.00163 ( 1)
 763 T   0.78084 0.00738 0.20928 0.00250 ( 1)
 764 F   0.78414 0.00671 0.20689 0.00227 ( 1)
 765 G   0.36254 0.40315 0.09803 0.13629 ( 2)
 766 L   0.73582 0.03238 0.22085 0.01095 ( 1)
 767 L   0.78174 0.00608 0.21013 0.00205 ( 1)
 768 L   0.72299 0.06447 0.19075 0.02179 ( 1)
 769 N   0.70282 0.08085 0.18899 0.02733 ( 1)
 770 F   0.78586 0.00508 0.20734 0.00172 ( 1)
 771 V   0.28922 0.47083 0.08077 0.15917 ( 2)
 772 S   0.77798 0.00744 0.21207 0.00251 ( 1)
 773 W   0.73827 0.03054 0.22087 0.01032 ( 1)
 774 I   0.78953 0.00369 0.20553 0.00125 ( 1)
 775 A   0.41651 0.35355 0.11042 0.11952 ( 1)
 776 F   0.73871 0.04962 0.19490 0.01677 ( 1)
 777 F   0.78615 0.00481 0.20742 0.00163 ( 1)
 778 T   0.78241 0.00590 0.20970 0.00199 ( 1)
 779 V   0.02592 0.72251 0.00732 0.24425 ( 2)
 780 A   0.78468 0.00546 0.20802 0.00184 ( 1)
 781 S   0.70992 0.07333 0.19196 0.02479 ( 1)
 782 V   0.73759 0.05019 0.19525 0.01697 ( 1)
 783 Y   0.67782 0.10035 0.18791 0.03392 ( 1)
 784 Q   0.24266 0.51770 0.06463 0.17501 ( 2)
 785 G   0.70803 0.07440 0.19242 0.02515 ( 1)
 786 K   0.76563 0.01321 0.21669 0.00447 ( 1)
 787 Y   0.77128 0.01114 0.21382 0.00377 ( 1)
 788 L   0.51601 0.24596 0.15488 0.08315 ( 1)
 789 P   0.71060 0.07163 0.19356 0.02421 ( 1)
 790 A   0.63650 0.13859 0.17806 0.04685 ( 1)
 791 V   0.69563 0.06066 0.22320 0.02051 ( 1)
 792 N   0.77522 0.01220 0.20846 0.00412 ( 1)
 793 V   0.31077 0.45331 0.08268 0.15325 ( 2)
 794 L   0.55584 0.22035 0.14932 0.07449 ( 1)
 795 A   0.75446 0.01256 0.22874 0.00425 ( 1)
 796 V   0.00147 0.74593 0.00042 0.25217 ( 2)
 797 L   0.54805 0.21483 0.16449 0.07262 ( 1)
 798 S   0.78024 0.00656 0.21098 0.00222 ( 1)
 799 S   0.78024 0.00656 0.21098 0.00222 ( 1)
 800 L   0.73591 0.03230 0.22088 0.01092 ( 1)
 801 S   0.71753 0.06610 0.19403 0.02235 ( 1)
 802 S   0.77848 0.00823 0.21050 0.00278 ( 1)
 803 G   0.77880 0.00714 0.21165 0.00241 ( 1)
 804 F   0.78646 0.00452 0.20750 0.00153 ( 1)
 805 S   0.64637 0.13300 0.17566 0.04496 ( 1)
 806 G   0.76538 0.01216 0.21834 0.00411 ( 1)
 807 Y   0.71203 0.05050 0.22040 0.01707 ( 1)
 808 F   0.75813 0.01105 0.22708 0.00374 ( 1)
 809 L   0.75580 0.01297 0.22685 0.00438 ( 1)
 810 P   0.77841 0.00714 0.21203 0.00241 ( 1)
 811 K   0.76414 0.01464 0.21627 0.00495 ( 1)
 812 C   0.77461 0.00884 0.21356 0.00299 ( 1)
 813 Y   0.74700 0.03431 0.20709 0.01160 ( 1)
 814 V   0.76680 0.01424 0.21414 0.00482 ( 1)
 815 I   0.78953 0.00369 0.20553 0.00125 ( 1)
 816 V   0.70794 0.07606 0.19029 0.02571 ( 1)
 817 C   0.69338 0.08628 0.19117 0.02917 ( 1)
 818 R   0.77179 0.01129 0.21310 0.00382 ( 1)
 819 P   0.34498 0.40650 0.11109 0.13742 ( 2)
 820 D   0.77512 0.01378 0.20645 0.00466 ( 1)
 821 L   0.77733 0.01026 0.20894 0.00347 ( 1)
 822 N   0.78099 0.00673 0.21001 0.00228 ( 1)
 823 S   0.71730 0.06633 0.19396 0.02242 ( 1)
 824 T   0.68025 0.07547 0.21876 0.02551 ( 1)
 825 E   0.76941 0.01128 0.21549 0.00381 ( 1)
 826 H   0.77964 0.00681 0.21125 0.00230 ( 1)
 827 F   0.78564 0.00529 0.20728 0.00179 ( 1)
 828 Q   0.74750 0.02418 0.22015 0.00817 ( 1)
 829 A   0.78521 0.00495 0.20816 0.00167 ( 1)
 830 S   0.77798 0.00744 0.21207 0.00251 ( 1)
 831 I   0.76050 0.00964 0.22661 0.00326 ( 1)
 832 Q   0.74750 0.02418 0.22015 0.00817 ( 1)
 833 D   0.73149 0.05507 0.19483 0.01862 ( 1)
 834 Y   0.77286 0.00963 0.21425 0.00326 ( 1)
 835 T   0.76504 0.01422 0.21593 0.00481 ( 1)
 836 R   0.76290 0.01470 0.21743 0.00497 ( 1)
 837 R   0.69157 0.08780 0.19095 0.02968 ( 1)
 838 W   0.01094 0.73685 0.00311 0.24910 ( 2)
 839 G   0.03449 0.71457 0.00937 0.24157 ( 2)
 840 S   0.67775 0.10276 0.18475 0.03474 ( 1)
 841 T   0.77929 0.00885 0.20886 0.00299 ( 1)


lnL = -10635.549728

