Supplemental results for CODEML (seqf: Human_TAS1R3_orthologues_DNA_aligned.txt  treef: TAS1R3_revised_tree_following_error_message.txt)


MLEs of dN/dS (w) for site classes (K=4)

site class             0        1       2a       2b
proportion       0.80396  0.15658  0.03303  0.00643
background w     0.10120  1.00000  0.10120  1.00000
foreground w     0.10120  1.00000  1.47918  1.47918

Naive Empirical Bayes (NEB) probabilities for 4 classes
(amino acids refer to 1st sequence: 1.Bushbaby)

   1 -   0.81500 0.14554 0.03348 0.00598 ( 1)
   2 -   0.81219 0.14835 0.03337 0.00609 ( 1)
   3 -   0.81526 0.14528 0.03349 0.00597 ( 1)
   4 -   0.81460 0.14594 0.03347 0.00600 ( 1)
   5 -   0.81240 0.14814 0.03338 0.00609 ( 1)
   6 -   0.80538 0.15516 0.03309 0.00637 ( 1)
   7 -   0.81545 0.14509 0.03350 0.00596 ( 1)
   8 -   0.81414 0.14639 0.03345 0.00601 ( 1)
   9 -   0.80852 0.15202 0.03322 0.00625 ( 1)
  10 -   0.34273 0.61781 0.01408 0.02538 ( 2)
  11 -   0.81360 0.14694 0.03343 0.00604 ( 1)
  12 -   0.81076 0.14978 0.03331 0.00615 ( 1)
  13 -   0.81076 0.14978 0.03331 0.00615 ( 1)
  14 -   0.80601 0.15453 0.03311 0.00635 ( 1)
  15 -   0.81414 0.14640 0.03345 0.00601 ( 1)
  16 -   0.81545 0.14509 0.03350 0.00596 ( 1)
  17 -   0.80560 0.15494 0.03310 0.00637 ( 1)
  18 -   0.81545 0.14509 0.03350 0.00596 ( 1)
  19 M   0.96206 0.00017 0.03776 0.00001 ( 1)
  20 P   0.86144 0.10007 0.03442 0.00407 ( 1)
  21 G   0.09673 0.86445 0.00381 0.03501 ( 2)
  22 P   0.25445 0.70624 0.01037 0.02894 ( 2)
  23 A   0.62320 0.33756 0.02541 0.01383 ( 1)
  24 V   0.96192 0.00033 0.03774 0.00001 ( 1)
  25 L   0.95793 0.00365 0.03827 0.00015 ( 1)
  26 G   0.96163 0.00045 0.03790 0.00002 ( 1)
  27 F   0.90318 0.05897 0.03547 0.00239 ( 1)
  28 S   0.96174 0.00032 0.03793 0.00001 ( 1)
  29 L   0.96184 0.00037 0.03777 0.00002 ( 1)
  30 A   0.67241 0.28895 0.02688 0.01176 ( 1)
  31 T   0.18655 0.77412 0.00761 0.03172 ( 2)
  32 L   0.65772 0.30415 0.02583 0.01230 ( 1)
  33 L   0.95629 0.00529 0.03821 0.00022 ( 1)
  34 G   0.07558 0.88561 0.00297 0.03583 ( 2)
  35 F   0.00200 0.95864 0.00008 0.03928 ( 2)
  36 G   0.85234 0.10946 0.03376 0.00444 ( 1)
  37 T   0.31126 0.65005 0.01232 0.02637 ( 2)
  38 G   0.96107 0.00083 0.03806 0.00003 ( 1)
  39 A   0.93595 0.02633 0.03666 0.00106 ( 1)
  40 P   0.92512 0.03562 0.03780 0.00146 ( 1)
  41 L   0.90162 0.05959 0.03636 0.00243 ( 1)
  42 C   0.96164 0.00038 0.03797 0.00002 ( 1)
  43 L   0.95823 0.00335 0.03828 0.00014 ( 1)
  44 S   0.89273 0.06797 0.03651 0.00279 ( 1)
  45 Q   0.60256 0.35886 0.02399 0.01458 ( 1)
  46 Q   0.94707 0.01374 0.03863 0.00056 ( 1)
  47 L   0.95288 0.00793 0.03886 0.00033 ( 1)
  48 R   0.83708 0.12462 0.03325 0.00506 ( 1)
  49 M   0.96206 0.00017 0.03776 0.00001 ( 1)
  50 P   0.02553 0.93547 0.00101 0.03798 ( 2)
  51 G   0.96107 0.00083 0.03806 0.00003 ( 1)
  52 N   0.95934 0.00286 0.03768 0.00012 ( 1)
  53 Y   0.96023 0.00169 0.03801 0.00007 ( 1)
  54 V   0.09455 0.86660 0.00373 0.03512 ( 2)
  55 L   0.95730 0.00428 0.03825 0.00017 ( 1)
  56 G   0.95967 0.00223 0.03801 0.00009 ( 1)
  57 G   0.96107 0.00083 0.03806 0.00003 ( 1)
  58 L   0.95991 0.00167 0.03835 0.00007 ( 1)
  59 F   0.96220 0.00013 0.03767 0.00001 ( 1)
  60 P   0.96206 0.00022 0.03771 0.00001 ( 1)
  61 L   0.94184 0.01972 0.03763 0.00080 ( 1)
  62 G   0.93337 0.02868 0.03678 0.00116 ( 1)
  63 A   0.66987 0.29184 0.02647 0.01183 ( 1)
  64 A   0.96202 0.00029 0.03768 0.00001 ( 1)
  65 E   0.89232 0.06960 0.03526 0.00282 ( 1)
  66 E   0.95602 0.00597 0.03777 0.00024 ( 1)
  67 A   0.89727 0.06354 0.03658 0.00260 ( 1)
  68 G   0.87260 0.08939 0.03439 0.00362 ( 1)
  69 L   0.92429 0.03788 0.03630 0.00153 ( 1)
  70 R   0.82398 0.13794 0.03250 0.00559 ( 1)
  71 T   0.88947 0.07252 0.03508 0.00294 ( 1)
  72 R   0.96044 0.00138 0.03812 0.00006 ( 1)
  73 T   0.64222 0.31847 0.02625 0.01306 ( 1)
  74 Q   0.82457 0.13713 0.03273 0.00557 ( 1)
  75 P   0.96207 0.00021 0.03771 0.00001 ( 1)
  76 S   0.90356 0.05844 0.03563 0.00237 ( 1)
  77 S   0.95886 0.00320 0.03781 0.00013 ( 1)
  78 P   0.92193 0.03889 0.03759 0.00159 ( 1)
  79 V   0.95537 0.00668 0.03768 0.00027 ( 1)
  80 C   0.96164 0.00038 0.03797 0.00002 ( 1)
  81 N   0.91949 0.04256 0.03622 0.00172 ( 1)
  82 -   0.80396 0.15658 0.03303 0.00643 ( 1)
  83 -   0.80396 0.15658 0.03303 0.00643 ( 1)
  84 -   0.80396 0.15658 0.03303 0.00643 ( 1)
  85 -   0.80396 0.15658 0.03303 0.00643 ( 1)
  86 -   0.80396 0.15658 0.03303 0.00643 ( 1)
  87 -   0.80396 0.15658 0.03303 0.00643 ( 1)
  88 -   0.80396 0.15658 0.03303 0.00643 ( 1)
  89 -   0.80396 0.15658 0.03303 0.00643 ( 1)
  90 -   0.80396 0.15658 0.03303 0.00643 ( 1)
  91 -   0.80396 0.15658 0.03303 0.00643 ( 1)
  92 R   0.96085 0.00095 0.03816 0.00004 ( 1)
  93 F   0.96212 0.00020 0.03767 0.00001 ( 1)
  94 S   0.95908 0.00298 0.03783 0.00012 ( 1)
  95 P   0.48872 0.47193 0.01999 0.01936 ( 1)
  96 L   0.17454 0.78669 0.00689 0.03188 ( 2)
  97 G   0.96162 0.00046 0.03790 0.00002 ( 1)
  98 L   0.95823 0.00335 0.03828 0.00014 ( 1)
  99 L   0.96179 0.00043 0.03777 0.00002 ( 1)
 100 W   0.95913 0.00243 0.03835 0.00010 ( 1)
 101 A   0.95378 0.00697 0.03896 0.00029 ( 1)
 102 L   0.95823 0.00335 0.03828 0.00014 ( 1)
 103 A   0.90047 0.06177 0.03527 0.00250 ( 1)
 104 M   0.95893 0.00330 0.03764 0.00013 ( 1)
 105 K   0.94731 0.01347 0.03868 0.00055 ( 1)
 106 M   0.96206 0.00017 0.03776 0.00001 ( 1)
 107 A   0.96176 0.00055 0.03767 0.00002 ( 1)
 108 V   0.96132 0.00073 0.03792 0.00003 ( 1)
 109 E   0.96146 0.00053 0.03799 0.00002 ( 1)
 110 E   0.96141 0.00058 0.03799 0.00002 ( 1)
 111 I   0.96223 0.00012 0.03764 0.00000 ( 1)
 112 N   0.96164 0.00037 0.03797 0.00002 ( 1)
 113 N   0.96144 0.00057 0.03796 0.00002 ( 1)
 114 G   0.03914 0.92188 0.00155 0.03743 ( 2)
 115 S   0.94720 0.01461 0.03759 0.00059 ( 1)
 116 T   0.56723 0.39358 0.02308 0.01611 ( 1)
 117 L   0.95823 0.00335 0.03828 0.00014 ( 1)
 118 L   0.95823 0.00335 0.03828 0.00014 ( 1)
 119 P   0.96164 0.00062 0.03771 0.00003 ( 1)
 120 G   0.96113 0.00077 0.03807 0.00003 ( 1)
 121 L   0.95823 0.00335 0.03828 0.00014 ( 1)
 122 Q   0.47806 0.48350 0.01886 0.01959 ( 2)
 123 L   0.95389 0.00769 0.03811 0.00031 ( 1)
 124 G   0.96163 0.00045 0.03790 0.00002 ( 1)
 125 Y   0.95348 0.00843 0.03775 0.00034 ( 1)
 126 D   0.96155 0.00066 0.03777 0.00003 ( 1)
 127 L   0.96184 0.00037 0.03777 0.00002 ( 1)
 128 F   0.95540 0.00550 0.03888 0.00023 ( 1)
 129 D   0.95902 0.00188 0.03902 0.00008 ( 1)
 130 T   0.96136 0.00056 0.03806 0.00002 ( 1)
 131 C   0.96164 0.00038 0.03797 0.00002 ( 1)
 132 S   0.95880 0.00303 0.03805 0.00012 ( 1)
 133 E   0.96146 0.00053 0.03799 0.00002 ( 1)
 134 P   0.62192 0.33884 0.02536 0.01388 ( 1)
 135 V   0.90047 0.06152 0.03552 0.00249 ( 1)
 136 V   0.96151 0.00054 0.03793 0.00002 ( 1)
 137 A   0.95971 0.00260 0.03759 0.00010 ( 1)
 138 M   0.96206 0.00017 0.03776 0.00001 ( 1)
 139 K   0.96088 0.00093 0.03815 0.00004 ( 1)
 140 P   0.96207 0.00021 0.03771 0.00001 ( 1)
 141 S   0.96104 0.00102 0.03790 0.00004 ( 1)
 142 L   0.96148 0.00074 0.03775 0.00003 ( 1)
 143 M   0.96027 0.00170 0.03796 0.00007 ( 1)
 144 F   0.96212 0.00020 0.03767 0.00001 ( 1)
 145 L   0.95823 0.00335 0.03828 0.00014 ( 1)
 146 A   0.96211 0.00020 0.03768 0.00001 ( 1)
 147 K   0.87400 0.08773 0.03470 0.00356 ( 1)
 148 A   0.00101 0.95961 0.00004 0.03935 ( 2)
 149 G   0.59335 0.36834 0.02338 0.01492 ( 1)
 150 S   0.96174 0.00032 0.03793 0.00001 ( 1)
 151 C   0.13001 0.83119 0.00513 0.03367 ( 2)
 152 S   0.25012 0.71129 0.00982 0.02877 ( 2)
 153 I   0.95859 0.00375 0.03750 0.00015 ( 1)
 154 A   0.96180 0.00051 0.03767 0.00002 ( 1)
 155 A   0.96212 0.00019 0.03768 0.00001 ( 1)
 156 Y   0.96132 0.00060 0.03806 0.00002 ( 1)
 157 C   0.96143 0.00058 0.03796 0.00002 ( 1)
 158 D   0.95788 0.00413 0.03782 0.00017 ( 1)
 159 Y   0.96108 0.00084 0.03805 0.00003 ( 1)
 160 A   0.94773 0.01417 0.03752 0.00057 ( 1)
 161 R   0.74479 0.21675 0.02966 0.00881 ( 1)
 162 Y   0.96137 0.00055 0.03806 0.00002 ( 1)
 163 Q   0.94003 0.02166 0.03743 0.00088 ( 1)
 164 P   0.96111 0.00117 0.03767 0.00005 ( 1)
 165 R   0.95347 0.00732 0.03891 0.00030 ( 1)
 166 V   0.96145 0.00060 0.03792 0.00002 ( 1)
 167 L   0.95768 0.00390 0.03826 0.00016 ( 1)
 168 A   0.95246 0.00836 0.03883 0.00034 ( 1)
 169 V   0.96192 0.00033 0.03774 0.00001 ( 1)
 170 I   0.96223 0.00012 0.03764 0.00000 ( 1)
 171 G   0.96099 0.00091 0.03806 0.00004 ( 1)
 172 P   0.96207 0.00021 0.03771 0.00001 ( 1)
 173 H   0.96190 0.00027 0.03781 0.00001 ( 1)
 174 S   0.96060 0.00123 0.03812 0.00005 ( 1)
 175 S   0.94813 0.01258 0.03878 0.00052 ( 1)
 176 E   0.96146 0.00053 0.03799 0.00002 ( 1)
 177 L   0.96171 0.00051 0.03776 0.00002 ( 1)
 178 A   0.96212 0.00019 0.03768 0.00001 ( 1)
 179 L   0.73707 0.22491 0.02893 0.00909 ( 1)
 180 I   0.95939 0.00286 0.03764 0.00012 ( 1)
 181 T   0.96162 0.00048 0.03788 0.00002 ( 1)
 182 G   0.96142 0.00066 0.03789 0.00003 ( 1)
 183 K   0.96088 0.00093 0.03815 0.00004 ( 1)
 184 F   0.96220 0.00013 0.03767 0.00001 ( 1)
 185 F   0.96208 0.00024 0.03767 0.00001 ( 1)
 186 G   0.84303 0.11891 0.03324 0.00482 ( 1)
 187 F   0.96220 0.00013 0.03767 0.00001 ( 1)
 188 F   0.96220 0.00013 0.03767 0.00001 ( 1)
 189 L   0.96184 0.00037 0.03777 0.00002 ( 1)
 190 M   0.96047 0.00176 0.03770 0.00007 ( 1)
 191 P   0.96187 0.00041 0.03770 0.00002 ( 1)
 192 Q   0.96019 0.00151 0.03823 0.00006 ( 1)
 193 V   0.96192 0.00033 0.03774 0.00001 ( 1)
 194 S   0.96174 0.00032 0.03793 0.00001 ( 1)
 195 Y   0.94222 0.01968 0.03730 0.00080 ( 1)
 196 G   0.95504 0.00576 0.03897 0.00024 ( 1)
 197 A   0.95461 0.00622 0.03892 0.00026 ( 1)
 198 S   0.95889 0.00317 0.03781 0.00013 ( 1)
 199 M   0.96206 0.00017 0.03776 0.00001 ( 1)
 200 D   0.95619 0.00579 0.03778 0.00023 ( 1)
 201 G   0.67883 0.28255 0.02712 0.01150 ( 1)
 202 L   0.96013 0.00145 0.03836 0.00006 ( 1)
 203 S   0.96141 0.00065 0.03791 0.00003 ( 1)
 204 I   0.93160 0.03067 0.03649 0.00124 ( 1)
 205 R   0.96060 0.00122 0.03813 0.00005 ( 1)
 206 E   0.96146 0.00053 0.03799 0.00002 ( 1)
 207 T   0.96183 0.00027 0.03789 0.00001 ( 1)
 208 F   0.96220 0.00013 0.03767 0.00001 ( 1)
 209 P   0.96207 0.00021 0.03771 0.00001 ( 1)
 210 S   0.96174 0.00032 0.03793 0.00001 ( 1)
 211 F   0.96220 0.00013 0.03767 0.00001 ( 1)
 212 F   0.96220 0.00013 0.03767 0.00001 ( 1)
 213 R   0.96156 0.00050 0.03793 0.00002 ( 1)
 214 T   0.95364 0.00846 0.03757 0.00034 ( 1)
 215 V   0.96144 0.00062 0.03792 0.00002 ( 1)
 216 P   0.96207 0.00021 0.03771 0.00001 ( 1)
 217 S   0.95997 0.00209 0.03786 0.00008 ( 1)
 218 D   0.96196 0.00025 0.03779 0.00001 ( 1)
 219 R   0.95481 0.00598 0.03897 0.00025 ( 1)
 220 T   0.87720 0.08477 0.03460 0.00343 ( 1)
 221 Q   0.96019 0.00151 0.03823 0.00006 ( 1)
 222 L   0.95823 0.00335 0.03828 0.00014 ( 1)
 223 L   0.00048 0.96055 0.00002 0.03896 ( 2)
 224 A   0.96167 0.00064 0.03766 0.00003 ( 1)
 225 V   0.04586 0.91535 0.00180 0.03699 ( 2)
 226 M   0.51733 0.44430 0.02038 0.01799 ( 1)
 227 K   0.94692 0.01505 0.03741 0.00061 ( 1)
 228 L   0.95823 0.00335 0.03828 0.00014 ( 1)
 229 L   0.95730 0.00428 0.03825 0.00017 ( 1)
 230 Q   0.93889 0.02280 0.03738 0.00093 ( 1)
 231 E   0.46548 0.49602 0.01839 0.02010 ( 2)
 232 F   0.96029 0.00203 0.03760 0.00008 ( 1)
 233 S   0.91007 0.05196 0.03587 0.00210 ( 1)
 234 W   0.95913 0.00243 0.03835 0.00010 ( 1)
 235 N   0.96164 0.00037 0.03797 0.00002 ( 1)
 236 W   0.95913 0.00243 0.03835 0.00010 ( 1)
 237 V   0.96145 0.00060 0.03792 0.00002 ( 1)
 238 A   0.96202 0.00029 0.03768 0.00001 ( 1)
 239 A   0.96208 0.00023 0.03768 0.00001 ( 1)
 240 L   0.95821 0.00338 0.03828 0.00014 ( 1)
 241 G   0.96163 0.00045 0.03790 0.00002 ( 1)
 242 S   0.95696 0.00509 0.03774 0.00021 ( 1)
 243 D   0.96157 0.00063 0.03778 0.00003 ( 1)
 244 D   0.96150 0.00070 0.03778 0.00003 ( 1)
 245 E   0.96141 0.00058 0.03799 0.00002 ( 1)
 246 Y   0.93263 0.02927 0.03692 0.00119 ( 1)
 247 G   0.96163 0.00045 0.03790 0.00002 ( 1)
 248 R   0.96019 0.00163 0.03811 0.00007 ( 1)
 249 Q   0.95996 0.00175 0.03822 0.00007 ( 1)
 250 G   0.96163 0.00045 0.03790 0.00002 ( 1)
 251 L   0.95601 0.00557 0.03820 0.00023 ( 1)
 252 S   0.95852 0.00353 0.03780 0.00014 ( 1)
 253 I   0.96118 0.00117 0.03760 0.00005 ( 1)
 254 F   0.96220 0.00013 0.03767 0.00001 ( 1)
 255 S   0.95956 0.00227 0.03808 0.00009 ( 1)
 256 S   0.13269 0.82863 0.00520 0.03348 ( 2)
 257 M   0.92954 0.03202 0.03714 0.00130 ( 1)
 258 A   0.96189 0.00042 0.03767 0.00002 ( 1)
 259 S   0.48011 0.48148 0.01891 0.01949 ( 2)
 260 T   0.38511 0.57555 0.01573 0.02360 ( 2)
 261 Q   0.78882 0.17305 0.03112 0.00701 ( 1)
 262 G   0.89910 0.06291 0.03543 0.00255 ( 1)
 263 I   0.96223 0.00012 0.03764 0.00000 ( 1)
 264 C   0.96125 0.00076 0.03795 0.00003 ( 1)
 265 I   0.96214 0.00021 0.03764 0.00001 ( 1)
 266 A   0.94353 0.01855 0.03716 0.00075 ( 1)
 267 H   0.96177 0.00040 0.03781 0.00002 ( 1)
 268 E   0.96146 0.00053 0.03799 0.00002 ( 1)
 269 G   0.96163 0.00045 0.03790 0.00002 ( 1)
 270 L   0.95803 0.00355 0.03828 0.00014 ( 1)
 271 V   0.96145 0.00060 0.03792 0.00002 ( 1)
 272 P   0.96065 0.00142 0.03787 0.00006 ( 1)
 273 L   0.95766 0.00392 0.03826 0.00016 ( 1)
 274 S   0.92394 0.03830 0.03622 0.00155 ( 1)
 275 S   0.04443 0.91620 0.00181 0.03755 ( 2)
 276 A   0.96032 0.00199 0.03761 0.00008 ( 1)
 277 N   0.47218 0.48861 0.01921 0.02001 ( 2)
 278 D   0.00090 0.96022 0.00004 0.03884 ( 2)
 279 L   0.00008 0.96091 0.00000 0.03901 ( 2)
 280 V   0.00296 0.95803 0.00012 0.03889 ( 2)
 281 M   0.21486 0.74620 0.00858 0.03036 ( 2)
 282 R   0.95462 0.00728 0.03781 0.00030 ( 1)
 283 K   0.96095 0.00086 0.03816 0.00003 ( 1)
 284 V   0.96145 0.00060 0.03792 0.00002 ( 1)
 285 Q   0.96019 0.00151 0.03823 0.00006 ( 1)
 286 A   0.63805 0.32379 0.02506 0.01310 ( 1)
 287 L   0.14778 0.81353 0.00580 0.03289 ( 2)
 288 L   0.95823 0.00335 0.03828 0.00014 ( 1)
 289 H   0.95789 0.00428 0.03766 0.00017 ( 1)
 290 Q   0.96019 0.00151 0.03823 0.00006 ( 1)
 291 I   0.92157 0.04045 0.03635 0.00164 ( 1)
 292 N   0.96164 0.00037 0.03797 0.00002 ( 1)
 293 Q   0.96007 0.00164 0.03823 0.00007 ( 1)
 294 S   0.95858 0.00348 0.03780 0.00014 ( 1)
 295 N   0.92318 0.03884 0.03641 0.00157 ( 1)
 296 V   0.92232 0.03969 0.03638 0.00161 ( 1)
 297 Q   0.96019 0.00151 0.03823 0.00006 ( 1)
 298 V   0.96145 0.00060 0.03792 0.00002 ( 1)
 299 V   0.96145 0.00060 0.03792 0.00002 ( 1)
 300 V   0.94105 0.02052 0.03760 0.00083 ( 1)
 301 L   0.95729 0.00429 0.03825 0.00017 ( 1)
 302 F   0.96207 0.00025 0.03767 0.00001 ( 1)
 303 A   0.96204 0.00027 0.03768 0.00001 ( 1)
 304 S   0.96134 0.00071 0.03791 0.00003 ( 1)
 305 A   0.91440 0.04761 0.03607 0.00193 ( 1)
 306 H   0.43933 0.52227 0.01727 0.02113 ( 2)
 307 A   0.96125 0.00106 0.03765 0.00004 ( 1)
 308 A   0.96212 0.00019 0.03768 0.00001 ( 1)
 309 H   0.45677 0.50485 0.01796 0.02043 ( 2)
 310 L   0.00019 0.96097 0.00001 0.03883 ( 2)
 311 L   0.95794 0.00427 0.03762 0.00017 ( 1)
 312 F   0.96220 0.00013 0.03767 0.00001 ( 1)
 313 S   0.11588 0.84529 0.00458 0.03425 ( 2)
 314 Y   0.94249 0.01942 0.03731 0.00079 ( 1)
 315 S   0.95876 0.00329 0.03781 0.00013 ( 1)
 316 I   0.96223 0.00012 0.03764 0.00000 ( 1)
 317 R   0.89275 0.06925 0.03520 0.00280 ( 1)
 318 F   0.01170 0.94939 0.00046 0.03845 ( 2)
 319 N   0.41009 0.55124 0.01629 0.02238 ( 2)
 320 L   0.96184 0.00037 0.03777 0.00002 ( 1)
 321 S   0.61411 0.34742 0.02437 0.01410 ( 1)
 322 P   0.93820 0.02405 0.03678 0.00097 ( 1)
 323 K   0.96095 0.00086 0.03816 0.00003 ( 1)
 324 V   0.96145 0.00060 0.03792 0.00002 ( 1)
 325 W   0.95913 0.00243 0.03835 0.00010 ( 1)
 326 V   0.96131 0.00074 0.03792 0.00003 ( 1)
 327 A   0.96212 0.00019 0.03768 0.00001 ( 1)
 328 S   0.96152 0.00054 0.03792 0.00002 ( 1)
 329 E   0.96146 0.00053 0.03799 0.00002 ( 1)
 330 A   0.96212 0.00019 0.03768 0.00001 ( 1)
 331 W   0.95913 0.00243 0.03835 0.00010 ( 1)
 332 L   0.95793 0.00365 0.03827 0.00015 ( 1)
 333 T   0.96182 0.00028 0.03789 0.00001 ( 1)
 334 S   0.90910 0.05168 0.03710 0.00212 ( 1)
 335 D   0.92293 0.03923 0.03625 0.00159 ( 1)
 336 L   0.59592 0.36541 0.02381 0.01487 ( 1)
 337 V   0.95842 0.00382 0.03760 0.00015 ( 1)
 338 M   0.96206 0.00017 0.03776 0.00001 ( 1)
 339 E   0.86858 0.09324 0.03440 0.00378 ( 1)
 340 L   0.95821 0.00337 0.03828 0.00014 ( 1)
 341 P   0.95997 0.00230 0.03763 0.00009 ( 1)
 342 G   0.96163 0.00045 0.03790 0.00002 ( 1)
 343 M   0.96055 0.00168 0.03770 0.00007 ( 1)
 344 T   0.96037 0.00194 0.03761 0.00008 ( 1)
 345 Q   0.94812 0.01358 0.03775 0.00055 ( 1)
 346 M   0.90391 0.05826 0.03548 0.00236 ( 1)
 347 G   0.96148 0.00061 0.03789 0.00002 ( 1)
 348 T   0.96137 0.00054 0.03806 0.00002 ( 1)
 349 V   0.96145 0.00060 0.03792 0.00002 ( 1)
 350 L   0.93948 0.02133 0.03831 0.00087 ( 1)
 351 G   0.96163 0.00045 0.03790 0.00002 ( 1)
 352 F   0.96152 0.00080 0.03765 0.00003 ( 1)
 353 L   0.94745 0.01475 0.03720 0.00060 ( 1)
 354 H   0.94806 0.01364 0.03775 0.00055 ( 1)
 355 Q   0.81582 0.14585 0.03240 0.00592 ( 1)
 356 G   0.79308 0.16769 0.03236 0.00687 ( 1)
 357 D   0.03649 0.92472 0.00143 0.03737 ( 2)
 358 L   0.03543 0.92554 0.00141 0.03761 ( 2)
 359 L   0.95805 0.00353 0.03828 0.00014 ( 1)
 360 P   0.92570 0.03644 0.03639 0.00147 ( 1)
 361 N   0.00802 0.95303 0.00032 0.03863 ( 2)
 362 F   0.96220 0.00013 0.03767 0.00001 ( 1)
 363 S   0.60167 0.36019 0.02358 0.01456 ( 1)
 364 Q   0.33891 0.62231 0.01349 0.02529 ( 2)
 365 Y   0.96025 0.00167 0.03801 0.00007 ( 1)
 366 V   0.96145 0.00060 0.03792 0.00002 ( 1)
 367 K   0.95282 0.00898 0.03783 0.00036 ( 1)
 368 N   0.95485 0.00707 0.03780 0.00029 ( 1)
 369 R   0.59103 0.37074 0.02323 0.01500 ( 1)
 370 L   0.92971 0.03185 0.03714 0.00130 ( 1)
 371 H   0.13883 0.82249 0.00544 0.03324 ( 2)
 372 L   0.95823 0.00335 0.03828 0.00014 ( 1)
 373 A   0.96202 0.00029 0.03768 0.00001 ( 1)
 374 A   0.63345 0.00315 0.36322 0.00019 ( 1)
 375 N   0.93417 0.02800 0.03669 0.00113 ( 1)
 376 P   0.95222 0.00981 0.03757 0.00040 ( 1)
 377 A   0.30399 0.65752 0.01191 0.02657 ( 2)
 378 F   0.96220 0.00013 0.03767 0.00001 ( 1)
 379 C   0.95951 0.00251 0.03789 0.00010 ( 1)
 380 A   0.94019 0.02122 0.03773 0.00086 ( 1)
 381 S   0.09772 0.86355 0.00383 0.03491 ( 2)
 382 L   0.95823 0.00335 0.03828 0.00014 ( 1)
 383 K   0.14047 0.82075 0.00554 0.03324 ( 2)
 384 A   0.01018 0.95088 0.00040 0.03854 ( 2)
 385 E   0.44997 0.51139 0.01787 0.02076 ( 2)
 386 Q   0.95213 0.00985 0.03762 0.00040 ( 1)
 387 P   0.89740 0.06426 0.03573 0.00261 ( 1)
 388 G   0.92536 0.03543 0.03776 0.00145 ( 1)
 389 L   0.95766 0.00392 0.03826 0.00016 ( 1)
 390 E   0.96146 0.00053 0.03799 0.00002 ( 1)
 391 E   0.96142 0.00058 0.03799 0.00002 ( 1)
 392 H   0.95752 0.00468 0.03761 0.00019 ( 1)
 393 V   0.96145 0.00060 0.03792 0.00002 ( 1)
 394 V   0.96131 0.00074 0.03792 0.00003 ( 1)
 395 G   0.96153 0.00055 0.03789 0.00002 ( 1)
 396 P   0.87082 0.09081 0.03467 0.00369 ( 1)
 397 R   0.96156 0.00050 0.03793 0.00002 ( 1)
 398 C   0.96164 0.00038 0.03797 0.00002 ( 1)
 399 P   0.96052 0.00155 0.03786 0.00006 ( 1)
 400 Q   0.96019 0.00151 0.03823 0.00006 ( 1)
 401 C   0.92506 0.03576 0.03772 0.00147 ( 1)
 402 D   0.96196 0.00025 0.03779 0.00001 ( 1)
 403 H   0.00041 0.96065 0.00002 0.03893 ( 2)
 404 I   0.94931 0.01302 0.03714 0.00053 ( 1)
 405 T   0.94283 0.01907 0.03733 0.00077 ( 1)
 406 L   0.95803 0.00355 0.03828 0.00014 ( 1)
 407 Q   0.95918 0.00252 0.03819 0.00010 ( 1)
 408 N   0.96144 0.00057 0.03796 0.00002 ( 1)
 409 V   0.95357 0.00848 0.03761 0.00034 ( 1)
 410 S   0.38450 0.57697 0.01516 0.02337 ( 2)
 411 A   0.91025 0.05050 0.03718 0.00207 ( 1)
 412 G   0.51563 0.44586 0.02042 0.01809 ( 1)
 413 L   0.93637 0.02431 0.03832 0.00100 ( 1)
 414 L   0.00000 0.96064 0.00000 0.03936 ( 2)
 415 H   0.90187 0.06024 0.03545 0.00244 ( 1)
 416 H   0.95928 0.00289 0.03771 0.00012 ( 1)
 417 R   0.81026 0.15133 0.03226 0.00615 ( 1)
 418 P   0.49269 0.46879 0.01951 0.01901 ( 1)
 419 F   0.96212 0.00020 0.03767 0.00001 ( 1)
 420 A   0.27965 0.68102 0.01141 0.02791 ( 2)
 421 A   0.95931 0.00294 0.03763 0.00012 ( 1)
 422 Y   0.96108 0.00084 0.03805 0.00003 ( 1)
 423 A   0.72248 0.23824 0.02951 0.00977 ( 1)
 424 A   0.95196 0.00887 0.03881 0.00036 ( 1)
 425 V   0.96145 0.00060 0.03792 0.00002 ( 1)
 426 Y   0.95904 0.00172 0.03917 0.00007 ( 1)
 427 S   0.95668 0.00537 0.03773 0.00022 ( 1)
 428 V   0.96145 0.00060 0.03792 0.00002 ( 1)
 429 A   0.96208 0.00023 0.03768 0.00001 ( 1)
 430 Q   0.95999 0.00172 0.03822 0.00007 ( 1)
 431 A   0.96212 0.00019 0.03768 0.00001 ( 1)
 432 L   0.95754 0.00404 0.03826 0.00016 ( 1)
 433 H   0.96190 0.00027 0.03781 0.00001 ( 1)
 434 N   0.96162 0.00040 0.03797 0.00002 ( 1)
 435 T   0.93393 0.02686 0.03811 0.00110 ( 1)
 436 L   0.95654 0.00427 0.03901 0.00018 ( 1)
 437 Q   0.03257 0.92840 0.00130 0.03773 ( 2)
 438 C   0.96164 0.00038 0.03797 0.00002 ( 1)
 439 S   0.68411 0.27763 0.02701 0.01125 ( 1)
 440 S   0.92649 0.03578 0.03629 0.00145 ( 1)
 441 S   0.95553 0.00518 0.03908 0.00021 ( 1)
 442 G   0.96163 0.00045 0.03790 0.00002 ( 1)
 443 C   0.96164 0.00038 0.03797 0.00002 ( 1)
 444 P   0.96192 0.00036 0.03771 0.00001 ( 1)
 445 A   0.00131 0.95978 0.00005 0.03886 ( 2)
 446 R   0.10319 0.85784 0.00411 0.03486 ( 2)
 447 E   0.92900 0.03317 0.03649 0.00134 ( 1)
 448 P   0.96204 0.00024 0.03771 0.00001 ( 1)
 449 V   0.96145 0.00060 0.03792 0.00002 ( 1)
 450 R   0.35766 0.60363 0.01420 0.02451 ( 2)
 451 -   0.80396 0.15658 0.03303 0.00643 ( 1)
 452 -   0.80396 0.15658 0.03303 0.00643 ( 1)
 453 -   0.80396 0.15658 0.03303 0.00643 ( 1)
 454 -   0.80396 0.15658 0.03303 0.00643 ( 1)
 455 -   0.80396 0.15658 0.03303 0.00643 ( 1)
 456 -   0.80396 0.15658 0.03303 0.00643 ( 1)
 457 P   0.95795 0.00433 0.03755 0.00017 ( 1)
 458 W   0.95913 0.00243 0.03835 0.00010 ( 1)
 459 Q   0.79980 0.16178 0.03185 0.00657 ( 1)
 460 L   0.50417 0.45753 0.01980 0.01851 ( 1)
 461 L   0.92892 0.03263 0.03711 0.00133 ( 1)
 462 E   0.07433 0.88679 0.00294 0.03594 ( 2)
 463 N   0.95328 0.00873 0.03764 0.00035 ( 1)
 464 M   0.74168 0.22030 0.02911 0.00891 ( 1)
 465 Y   0.85375 0.10807 0.03380 0.00438 ( 1)
 466 N   0.95732 0.00470 0.03780 0.00019 ( 1)
 467 M   0.95551 0.00607 0.03817 0.00025 ( 1)
 468 S   0.95825 0.00384 0.03775 0.00016 ( 1)
 469 F   0.96220 0.00013 0.03767 0.00001 ( 1)
 470 -   0.80396 0.15658 0.03303 0.00643 ( 1)
 471 R   0.05860 0.90257 0.00230 0.03652 ( 2)
 472 A   0.00019 0.94396 0.00011 0.05574 ( 2)
 473 G   0.04994 0.91119 0.00197 0.03690 ( 2)
 474 G   0.95390 0.00799 0.03778 0.00032 ( 1)
 475 L   0.91703 0.04452 0.03664 0.00181 ( 1)
 476 E   0.00066 0.94208 0.00039 0.05688 ( 2)
 477 L   0.89047 0.07106 0.03558 0.00289 ( 1)
 478 R   0.93259 0.02921 0.03702 0.00119 ( 1)
 479 F   0.95492 0.00740 0.03739 0.00030 ( 1)
 480 D   0.92177 0.04038 0.03621 0.00163 ( 1)
 481 A   0.01684 0.94425 0.00066 0.03825 ( 2)
 482 G   0.49471 0.46687 0.01951 0.01891 ( 1)
 483 G   0.95938 0.00134 0.03923 0.00005 ( 1)
 484 N   0.96144 0.00057 0.03796 0.00002 ( 1)
 485 V   0.96139 0.00066 0.03792 0.00003 ( 1)
 486 N   0.95965 0.00255 0.03769 0.00010 ( 1)
 487 L   0.68516 0.27675 0.02689 0.01119 ( 1)
 488 K   0.95474 0.00724 0.03772 0.00029 ( 1)
 489 Y   0.06130 0.89978 0.00243 0.03649 ( 2)
 490 D   0.92332 0.03884 0.03627 0.00157 ( 1)
 491 L   0.93147 0.03009 0.03721 0.00122 ( 1)
 492 K   0.95199 0.00981 0.03780 0.00040 ( 1)
 493 L   0.67157 0.28981 0.02683 0.01179 ( 1)
 494 W   0.71057 0.25082 0.02841 0.01021 ( 1)
 495 V   0.95492 0.00712 0.03767 0.00029 ( 1)
 496 W   0.95913 0.00243 0.03835 0.00010 ( 1)
 497 R   0.00958 0.95138 0.00038 0.03866 ( 2)
 498 D   0.10004 0.86115 0.00394 0.03487 ( 2)
 499 P   0.00168 0.95892 0.00007 0.03933 ( 2)
 500 T   0.68451 0.27725 0.02700 0.01123 ( 1)
 501 P   0.96190 0.00038 0.03770 0.00002 ( 1)
 502 E   0.00316 0.95782 0.00013 0.03889 ( 2)
 503 L   0.96156 0.00065 0.03776 0.00003 ( 1)
 504 R   0.61532 0.34647 0.02419 0.01402 ( 1)
 505 T   0.00077 0.96035 0.00003 0.03885 ( 2)
 506 V   0.96145 0.00060 0.03792 0.00002 ( 1)
 507 G   0.96163 0.00045 0.03790 0.00002 ( 1)
 508 T   0.00428 0.95671 0.00017 0.03885 ( 2)
 509 F   0.96220 0.00013 0.03767 0.00001 ( 1)
 510 N   0.95511 0.00690 0.03771 0.00028 ( 1)
 511 G   0.86564 0.09634 0.03411 0.00390 ( 1)
 512 S   0.11978 0.84141 0.00472 0.03408 ( 2)
 513 L   0.95844 0.00377 0.03764 0.00015 ( 1)
 514 W   0.02535 0.93565 0.00101 0.03799 ( 2)
 515 -   0.80396 0.15658 0.03303 0.00643 ( 1)
 516 L   0.00983 0.95078 0.00040 0.03899 ( 2)
 517 Q   0.88141 0.08050 0.03482 0.00326 ( 1)
 518 R   0.89234 0.06965 0.03520 0.00282 ( 1)
 519 S   0.00089 0.96001 0.00004 0.03906 ( 2)
 520 K   0.95247 0.00933 0.03782 0.00038 ( 1)
 521 I   0.96106 0.00129 0.03760 0.00005 ( 1)
 522 C   0.00091 0.96016 0.00004 0.03889 ( 2)
 523 W   0.95913 0.00243 0.03835 0.00010 ( 1)
 524 H   0.96155 0.00063 0.03780 0.00003 ( 1)
 525 T   0.94276 0.01914 0.03732 0.00078 ( 1)
 526 H   0.02320 0.93742 0.00095 0.03842 ( 2)
 527 S   0.00600 0.95513 0.00024 0.03864 ( 2)
 528 N   0.96109 0.00092 0.03795 0.00004 ( 1)
 529 R   0.80662 0.15497 0.03212 0.00630 ( 1)
 530 V   0.00002 0.96096 0.00000 0.03902 ( 2)
 531 P   0.96061 0.00167 0.03765 0.00007 ( 1)
 532 V   0.89903 0.06296 0.03546 0.00255 ( 1)
 533 S   0.95764 0.00441 0.03777 0.00018 ( 1)
 534 Q   0.74218 0.21945 0.02946 0.00891 ( 1)
 535 C   0.96164 0.00038 0.03797 0.00002 ( 1)
 536 S   0.95216 0.00966 0.03779 0.00039 ( 1)
 537 Q   0.36470 0.59660 0.01448 0.02422 ( 2)
 538 Q   0.79428 0.16729 0.03163 0.00680 ( 1)
 539 C   0.96116 0.00085 0.03795 0.00003 ( 1)
 540 Q   0.37933 0.58192 0.01510 0.02365 ( 2)
 541 E   0.94516 0.01682 0.03734 0.00068 ( 1)
 542 G   0.96112 0.00096 0.03788 0.00004 ( 1)
 543 Q   0.95885 0.00285 0.03818 0.00012 ( 1)
 544 V   0.96082 0.00123 0.03790 0.00005 ( 1)
 545 R   0.96100 0.00105 0.03790 0.00004 ( 1)
 546 R   0.95333 0.00849 0.03784 0.00034 ( 1)
 547 V   0.96143 0.00082 0.03772 0.00003 ( 1)
 548 K   0.95332 0.00849 0.03785 0.00034 ( 1)
 549 G   0.96081 0.00110 0.03805 0.00004 ( 1)
 550 F   0.96102 0.00130 0.03763 0.00005 ( 1)
 551 H   0.91182 0.05030 0.03584 0.00204 ( 1)
 552 S   0.95823 0.00382 0.03779 0.00015 ( 1)
 553 C   0.89540 0.06655 0.03535 0.00270 ( 1)
 554 C   0.89540 0.06655 0.03535 0.00270 ( 1)
 555 Y   0.95452 0.00740 0.03779 0.00030 ( 1)
 556 D   0.96196 0.00025 0.03779 0.00001 ( 1)
 557 C   0.95785 0.00298 0.03905 0.00012 ( 1)
 558 V   0.96063 0.00142 0.03789 0.00006 ( 1)
 559 D   0.96196 0.00025 0.03779 0.00001 ( 1)
 560 C   0.96160 0.00042 0.03797 0.00002 ( 1)
 561 K   0.48743 0.47410 0.01926 0.01922 ( 1)
 562 P   0.85929 0.10271 0.03385 0.00416 ( 1)
 563 G   0.96163 0.00045 0.03790 0.00002 ( 1)
 564 S   0.96157 0.00049 0.03792 0.00002 ( 1)
 565 Y   0.96137 0.00055 0.03806 0.00002 ( 1)
 566 Q   0.72540 0.23621 0.02879 0.00959 ( 1)
 567 -   0.80396 0.15658 0.03303 0.00643 ( 1)
 568 H   0.00731 0.95332 0.00030 0.03907 ( 2)
 569 S   0.59588 0.36577 0.02353 0.01482 ( 1)
 570 P   0.11040 0.85022 0.00451 0.03486 ( 2)
 571 -   0.80396 0.15658 0.03303 0.00643 ( 1)
 572 -   0.80396 0.15658 0.03303 0.00643 ( 1)
 573 E   0.16724 0.79407 0.00657 0.03212 ( 2)
 574 D   0.95774 0.00446 0.03762 0.00018 ( 1)
 575 P   0.00017 0.96092 0.00001 0.03890 ( 2)
 576 T   0.00207 0.95907 0.00008 0.03877 ( 2)
 577 C   0.91156 0.05040 0.03599 0.00204 ( 1)
 578 T   0.68710 0.27472 0.02707 0.01112 ( 1)
 579 P   0.00000 0.96066 0.00000 0.03934 ( 2)
 580 C   0.76707 0.19372 0.03127 0.00794 ( 1)
 581 R   0.00000 0.96108 0.00000 0.03892 ( 2)
 582 K   0.00725 0.95370 0.00029 0.03876 ( 2)
 583 D   0.51337 0.44742 0.02089 0.01832 ( 1)
 584 Q   0.47814 0.48338 0.01889 0.01959 ( 2)
 585 W   0.89873 0.06278 0.03593 0.00255 ( 1)
 586 S   0.96172 0.00034 0.03793 0.00001 ( 1)
 587 P   0.96159 0.00048 0.03790 0.00002 ( 1)
 588 Q   0.53095 0.43062 0.02098 0.01745 ( 1)
 589 R   0.95937 0.00129 0.03928 0.00005 ( 1)
 590 S   0.96174 0.00032 0.03793 0.00001 ( 1)
 591 R   0.31157 0.64907 0.01274 0.02662 ( 2)
 592 K   0.51311 0.44849 0.02024 0.01817 ( 1)
 593 C   0.96164 0.00038 0.03797 0.00002 ( 1)
 594 F   0.96220 0.00013 0.03767 0.00001 ( 1)
 595 S   0.01265 0.94843 0.00050 0.03843 ( 2)
 596 R   0.96108 0.00097 0.03791 0.00004 ( 1)
 597 R   0.94726 0.01453 0.03762 0.00059 ( 1)
 598 H   0.00771 0.95292 0.00031 0.03906 ( 2)
 599 T   0.65531 0.30624 0.02601 0.01243 ( 1)
 600 F   0.96073 0.00159 0.03762 0.00006 ( 1)
 601 L   0.91584 0.04571 0.03659 0.00186 ( 1)
 602 A   0.17027 0.79036 0.00696 0.03241 ( 2)
 603 W   0.51602 0.44522 0.02063 0.01812 ( 1)
 604 G   0.95558 0.00649 0.03766 0.00026 ( 1)
 605 D   0.38917 0.57226 0.01538 0.02319 ( 2)
 606 P   0.88984 0.07216 0.03507 0.00292 ( 1)
 607 T   0.78860 0.17219 0.03215 0.00706 ( 1)
 608 V   0.95457 0.00747 0.03765 0.00030 ( 1)
 609 L   0.95783 0.00375 0.03827 0.00015 ( 1)
 610 V   0.00225 0.95866 0.00009 0.03901 ( 2)
 611 L   0.70110 0.26030 0.02801 0.01059 ( 1)
 612 L   0.91688 0.04528 0.03600 0.00183 ( 1)
 613 L   0.79511 0.16635 0.03177 0.00677 ( 1)
 614 L   0.88252 0.07901 0.03526 0.00321 ( 1)
 615 L   0.91246 0.04909 0.03646 0.00200 ( 1)
 616 G   0.32659 0.63482 0.01288 0.02571 ( 2)
 617 L   0.95604 0.00554 0.03820 0.00023 ( 1)
 618 V   0.93419 0.02789 0.03680 0.00113 ( 1)
 619 L   0.95823 0.00335 0.03828 0.00014 ( 1)
 620 A   0.95494 0.00713 0.03763 0.00029 ( 1)
 621 L   0.94929 0.01152 0.03871 0.00047 ( 1)
 622 V   0.96145 0.00060 0.03792 0.00002 ( 1)
 623 L   0.88252 0.07901 0.03526 0.00321 ( 1)
 624 A   0.93266 0.02816 0.03802 0.00115 ( 1)
 625 A   0.31642 0.64428 0.01290 0.02640 ( 2)
 626 L   0.91021 0.05100 0.03671 0.00208 ( 1)
 627 G   0.96089 0.00101 0.03806 0.00004 ( 1)
 628 L   0.63245 0.32890 0.02527 0.01338 ( 1)
 629 F   0.94049 0.02181 0.03682 0.00088 ( 1)
 630 V   0.00127 0.94999 0.00041 0.04833 ( 2)
 631 H   0.53483 0.42687 0.02103 0.01727 ( 1)
 632 H   0.95364 0.00726 0.03881 0.00030 ( 1)
 633 R   0.12206 0.83903 0.00485 0.03406 ( 2)
 634 N   0.64676 0.31509 0.02540 0.01275 ( 1)
 635 S   0.91170 0.05031 0.03595 0.00204 ( 1)
 636 P   0.93657 0.02417 0.03826 0.00099 ( 1)
 637 L   0.84197 0.11953 0.03364 0.00486 ( 1)
 638 V   0.47335 0.48738 0.01930 0.01997 ( 2)
 639 Q   0.78181 0.17976 0.03113 0.00731 ( 1)
 640 A   0.96212 0.00019 0.03768 0.00001 ( 1)
 641 S   0.91169 0.05009 0.03618 0.00203 ( 1)
 642 G   0.70662 0.25513 0.02792 0.01034 ( 1)
 643 G   0.82998 0.13181 0.03287 0.00535 ( 1)
 644 L   0.00583 0.95533 0.00023 0.03862 ( 2)
 645 L   0.88252 0.07901 0.03526 0.00321 ( 1)
 646 A   0.95344 0.00886 0.03734 0.00036 ( 1)
 647 C   0.89284 0.06911 0.03525 0.00280 ( 1)
 648 F   0.54647 0.41433 0.02224 0.01697 ( 1)
 649 G   0.51487 0.44675 0.02029 0.01809 ( 1)
 650 L   0.82542 0.13607 0.03298 0.00554 ( 1)
 651 A   0.54106 0.42057 0.02134 0.01704 ( 1)
 652 C   0.95172 0.01028 0.03758 0.00042 ( 1)
 653 L   0.89373 0.06781 0.03571 0.00276 ( 1)
 654 G   0.88537 0.07664 0.03489 0.00310 ( 1)
 655 L   0.93533 0.02623 0.03737 0.00107 ( 1)
 656 V   0.95742 0.00483 0.03756 0.00020 ( 1)
 657 C   0.96164 0.00038 0.03797 0.00002 ( 1)
 658 L   0.90419 0.05730 0.03618 0.00233 ( 1)
 659 S   0.85692 0.10504 0.03379 0.00425 ( 1)
 660 G   0.55318 0.40860 0.02170 0.01652 ( 1)
 661 L   0.91042 0.05173 0.03575 0.00209 ( 1)
 662 L   0.83778 0.12371 0.03347 0.00503 ( 1)
 663 F   0.94770 0.01460 0.03711 0.00059 ( 1)
 664 P   0.85297 0.10784 0.03478 0.00442 ( 1)
 665 G   0.96144 0.00064 0.03789 0.00003 ( 1)
 666 R   0.71099 0.25052 0.02831 0.01018 ( 1)
 667 P   0.96121 0.00107 0.03768 0.00004 ( 1)
 668 S   0.91402 0.04800 0.03604 0.00194 ( 1)
 669 P   0.95587 0.00495 0.03897 0.00020 ( 1)
 670 A   0.90145 0.06079 0.03531 0.00246 ( 1)
 671 S   0.44902 0.51160 0.01838 0.02099 ( 2)
 672 C   0.96149 0.00052 0.03796 0.00002 ( 1)
 673 L   0.64468 0.31668 0.02576 0.01289 ( 1)
 674 A   0.96056 0.00174 0.03762 0.00007 ( 1)
 675 Q   0.94024 0.02145 0.03744 0.00087 ( 1)
 676 Q   0.94408 0.01762 0.03759 0.00072 ( 1)
 677 P   0.95445 0.00782 0.03741 0.00032 ( 1)
 678 L   0.30770 0.65323 0.01241 0.02667 ( 2)
 679 C   0.82567 0.13625 0.03256 0.00552 ( 1)
 680 H   0.64090 0.32092 0.02519 0.01298 ( 1)
 681 L   0.96142 0.00080 0.03775 0.00003 ( 1)
 682 P   0.95104 0.01103 0.03749 0.00045 ( 1)
 683 L   0.96130 0.00091 0.03775 0.00004 ( 1)
 684 T   0.95952 0.00240 0.03799 0.00010 ( 1)
 685 G   0.96112 0.00096 0.03788 0.00004 ( 1)
 686 C   0.96116 0.00085 0.03795 0.00003 ( 1)
 687 L   0.95604 0.00554 0.03820 0.00023 ( 1)
 688 S   0.96132 0.00074 0.03791 0.00003 ( 1)
 689 T   0.88853 0.07219 0.03632 0.00296 ( 1)
 690 L   0.94765 0.01455 0.03721 0.00059 ( 1)
 691 F   0.92596 0.03632 0.03625 0.00147 ( 1)
 692 L   0.95604 0.00554 0.03820 0.00023 ( 1)
 693 Q   0.95887 0.00284 0.03818 0.00012 ( 1)
 694 A   0.95886 0.00324 0.03777 0.00013 ( 1)
 695 A   0.96178 0.00053 0.03767 0.00002 ( 1)
 696 E   0.94933 0.01265 0.03751 0.00051 ( 1)
 697 T   0.79385 0.16829 0.03106 0.00680 ( 1)
 698 F   0.96181 0.00051 0.03766 0.00002 ( 1)
 699 V   0.85163 0.11031 0.03359 0.00447 ( 1)
 700 E   0.96075 0.00124 0.03796 0.00005 ( 1)
 701 S   0.94366 0.01704 0.03860 0.00070 ( 1)
 702 E   0.95702 0.00382 0.03900 0.00016 ( 1)
 703 L   0.95354 0.00804 0.03810 0.00033 ( 1)
 704 P   0.95215 0.00868 0.03882 0.00036 ( 1)
 705 P   0.00899 0.95191 0.00036 0.03873 ( 2)
 706 S   0.91669 0.04533 0.03615 0.00184 ( 1)
 707 W   0.93361 0.02793 0.03733 0.00114 ( 1)
 708 A   0.29163 0.66903 0.01191 0.02743 ( 2)
 709 D   0.93363 0.02854 0.03667 0.00115 ( 1)
 710 R   0.91377 0.04801 0.03627 0.00195 ( 1)
 711 L   0.92928 0.03228 0.03713 0.00131 ( 1)
 712 H   0.10786 0.85281 0.00440 0.03494 ( 2)
 713 S   0.95776 0.00432 0.03775 0.00017 ( 1)
 714 R   0.90912 0.05284 0.03590 0.00214 ( 1)
 715 L   0.95823 0.00335 0.03828 0.00014 ( 1)
 716 R   0.93885 0.02295 0.03727 0.00093 ( 1)
 717 G   0.96081 0.00110 0.03805 0.00004 ( 1)
 718 P   0.96008 0.00219 0.03763 0.00009 ( 1)
 719 C   0.74500 0.21640 0.02979 0.00881 ( 1)
 720 A   0.96212 0.00019 0.03768 0.00001 ( 1)
 721 W   0.95913 0.00243 0.03835 0.00010 ( 1)
 722 M   0.92519 0.03636 0.03696 0.00148 ( 1)
 723 V   0.57842 0.38324 0.02282 0.01552 ( 1)
 724 V   0.96145 0.00060 0.03792 0.00002 ( 1)
 725 V   0.92797 0.03359 0.03707 0.00137 ( 1)
 726 L   0.95729 0.00429 0.03825 0.00017 ( 1)
 727 A   0.96026 0.00205 0.03761 0.00008 ( 1)
 728 L   0.22784 0.73356 0.00894 0.02966 ( 2)
 729 L   0.95823 0.00335 0.03828 0.00014 ( 1)
 730 V   0.96127 0.00078 0.03792 0.00003 ( 1)
 731 E   0.96146 0.00053 0.03799 0.00002 ( 1)
 732 A   0.95576 0.00648 0.03749 0.00026 ( 1)
 733 A   0.94934 0.01141 0.03878 0.00047 ( 1)
 734 L   0.95823 0.00335 0.03828 0.00014 ( 1)
 735 C   0.96093 0.00109 0.03794 0.00004 ( 1)
 736 A   0.56912 0.39256 0.02242 0.01589 ( 1)
 737 W   0.95913 0.00243 0.03835 0.00010 ( 1)
 738 Y   0.96137 0.00055 0.03806 0.00002 ( 1)
 739 L   0.95823 0.00335 0.03828 0.00014 ( 1)
 740 I   0.00537 0.95570 0.00021 0.03871 ( 2)
 741 A   0.96202 0.00029 0.03768 0.00001 ( 1)
 742 F   0.96218 0.00014 0.03767 0.00001 ( 1)
 743 R   0.94961 0.01246 0.03743 0.00050 ( 1)
 744 P   0.95028 0.01178 0.03746 0.00048 ( 1)
 745 E   0.96146 0.00053 0.03799 0.00002 ( 1)
 746 V   0.96122 0.00083 0.03791 0.00003 ( 1)
 747 V   0.96145 0.00060 0.03792 0.00002 ( 1)
 748 M   0.48888 0.47260 0.01935 0.01917 ( 1)
 749 D   0.96196 0.00025 0.03779 0.00001 ( 1)
 750 W   0.95913 0.00243 0.03835 0.00010 ( 1)
 751 H   0.52639 0.43530 0.02069 0.01761 ( 1)
 752 V   0.88884 0.07332 0.03488 0.00296 ( 1)
 753 L   0.95801 0.00357 0.03827 0.00015 ( 1)
 754 P   0.96207 0.00021 0.03771 0.00001 ( 1)
 755 T   0.91902 0.04286 0.03638 0.00174 ( 1)
 756 K   0.95644 0.00554 0.03779 0.00022 ( 1)
 757 A   0.95568 0.00642 0.03764 0.00026 ( 1)
 758 L   0.95803 0.00355 0.03828 0.00014 ( 1)
 759 V   0.94448 0.01756 0.03725 0.00071 ( 1)
 760 H   0.96190 0.00027 0.03781 0.00001 ( 1)
 761 C   0.96119 0.00083 0.03795 0.00003 ( 1)
 762 R   0.95692 0.00513 0.03774 0.00021 ( 1)
 763 V   0.00042 0.96018 0.00002 0.03938 ( 2)
 764 H   0.95219 0.00985 0.03756 0.00040 ( 1)
 765 S   0.96174 0.00032 0.03793 0.00001 ( 1)
 766 W   0.95913 0.00243 0.03835 0.00010 ( 1)
 767 A   0.95776 0.00448 0.03757 0.00018 ( 1)
 768 G   0.92954 0.03249 0.03666 0.00132 ( 1)
 769 L   0.94973 0.01258 0.03719 0.00051 ( 1)
 770 G   0.96163 0.00045 0.03790 0.00002 ( 1)
 771 L   0.95717 0.00352 0.03918 0.00014 ( 1)
 772 V   0.95321 0.00888 0.03755 0.00036 ( 1)
 773 H   0.96156 0.00062 0.03780 0.00002 ( 1)
 774 T   0.94219 0.02010 0.03690 0.00081 ( 1)
 775 L   0.68624 0.27557 0.02703 0.01116 ( 1)
 776 N   0.95637 0.00447 0.03899 0.00018 ( 1)
 777 A   0.96207 0.00024 0.03768 0.00001 ( 1)
 778 I   0.04627 0.91480 0.00183 0.03710 ( 2)
 779 L   0.95823 0.00335 0.03828 0.00014 ( 1)
 780 A   0.96147 0.00084 0.03766 0.00003 ( 1)
 781 S   0.95830 0.00260 0.03899 0.00011 ( 1)
 782 L   0.96092 0.00129 0.03773 0.00005 ( 1)
 783 C   0.95782 0.00419 0.03782 0.00017 ( 1)
 784 F   0.96217 0.00015 0.03767 0.00001 ( 1)
 785 L   0.95719 0.00438 0.03824 0.00018 ( 1)
 786 G   0.96144 0.00064 0.03789 0.00003 ( 1)
 787 T   0.96046 0.00033 0.03919 0.00001 ( 1)
 788 F   0.96220 0.00013 0.03767 0.00001 ( 1)
 789 L   0.95823 0.00335 0.03828 0.00014 ( 1)
 790 V   0.96122 0.00083 0.03791 0.00003 ( 1)
 791 R   0.74318 0.21845 0.02950 0.00887 ( 1)
 792 S   0.96174 0.00032 0.03793 0.00001 ( 1)
 793 Q   0.18906 0.77203 0.00753 0.03138 ( 2)
 794 P   0.96065 0.00142 0.03787 0.00006 ( 1)
 795 G   0.88162 0.08038 0.03474 0.00326 ( 1)
 796 R   0.63228 0.00329 0.36423 0.00020 ( 1)
 797 Y   0.96137 0.00055 0.03806 0.00002 ( 1)
 798 S   0.95784 0.00417 0.03782 0.00017 ( 1)
 799 R   0.76023 0.20052 0.03103 0.00822 ( 1)
 800 A   0.96212 0.00019 0.03768 0.00001 ( 1)
 801 R   0.93815 0.02263 0.03829 0.00093 ( 1)
 802 G   0.96163 0.00045 0.03790 0.00002 ( 1)
 803 L   0.95684 0.00537 0.03757 0.00022 ( 1)
 804 T   0.96183 0.00027 0.03789 0.00001 ( 1)
 805 F   0.94403 0.01686 0.03841 0.00069 ( 1)
 806 A   0.96212 0.00019 0.03768 0.00001 ( 1)
 807 T   0.56951 0.39227 0.02235 0.01586 ( 1)
 808 L   0.95823 0.00335 0.03828 0.00014 ( 1)
 809 A   0.96202 0.00029 0.03768 0.00001 ( 1)
 810 Y   0.96075 0.00117 0.03803 0.00005 ( 1)
 811 L   0.95968 0.00264 0.03758 0.00011 ( 1)
 812 I   0.96223 0.00012 0.03764 0.00000 ( 1)
 813 T   0.95911 0.00299 0.03778 0.00012 ( 1)
 814 W   0.95913 0.00243 0.03835 0.00010 ( 1)
 815 V   0.96192 0.00033 0.03774 0.00001 ( 1)
 816 S   0.96174 0.00032 0.03793 0.00001 ( 1)
 817 F   0.96068 0.00022 0.03909 0.00001 ( 1)
 818 V   0.96145 0.00060 0.03792 0.00002 ( 1)
 819 P   0.96183 0.00045 0.03770 0.00002 ( 1)
 820 L   0.96184 0.00037 0.03777 0.00002 ( 1)
 821 L   0.95823 0.00335 0.03828 0.00014 ( 1)
 822 A   0.96212 0.00019 0.03768 0.00001 ( 1)
 823 N   0.95520 0.00617 0.03837 0.00025 ( 1)
 824 V   0.94297 0.01906 0.03719 0.00077 ( 1)
 825 Q   0.94684 0.01486 0.03770 0.00060 ( 1)
 826 V   0.96145 0.00060 0.03792 0.00002 ( 1)
 827 A   0.95812 0.00412 0.03759 0.00017 ( 1)
 828 H   0.50507 0.45662 0.01983 0.01847 ( 1)
 829 Q   0.93647 0.02530 0.03720 0.00103 ( 1)
 830 P   0.96148 0.00080 0.03769 0.00003 ( 1)
 831 A   0.96206 0.00025 0.03768 0.00001 ( 1)
 832 V   0.90124 0.06075 0.03555 0.00246 ( 1)
 833 Q   0.96019 0.00151 0.03823 0.00006 ( 1)
 834 M   0.96206 0.00017 0.03776 0.00001 ( 1)
 835 G   0.95930 0.00278 0.03781 0.00011 ( 1)
 836 A   0.96211 0.00020 0.03768 0.00001 ( 1)
 837 V   0.90217 0.05997 0.03543 0.00243 ( 1)
 838 L   0.95951 0.00207 0.03833 0.00008 ( 1)
 839 F   0.95468 0.00752 0.03749 0.00030 ( 1)
 840 C   0.92239 0.03843 0.03761 0.00157 ( 1)
 841 A   0.91396 0.04824 0.03585 0.00195 ( 1)
 842 L   0.95823 0.00335 0.03828 0.00014 ( 1)
 843 G   0.96163 0.00045 0.03790 0.00002 ( 1)
 844 I   0.96194 0.00041 0.03763 0.00002 ( 1)
 845 L   0.95823 0.00335 0.03828 0.00014 ( 1)
 846 V   0.94183 0.01900 0.03840 0.00078 ( 1)
 847 A   0.96212 0.00019 0.03768 0.00001 ( 1)
 848 F   0.93849 0.02380 0.03675 0.00096 ( 1)
 849 H   0.96190 0.00027 0.03781 0.00001 ( 1)
 850 L   0.95791 0.00367 0.03827 0.00015 ( 1)
 851 P   0.96201 0.00027 0.03771 0.00001 ( 1)
 852 K   0.94607 0.01572 0.03758 0.00064 ( 1)
 853 C   0.95383 0.00699 0.03889 0.00029 ( 1)
 854 Y   0.96137 0.00055 0.03806 0.00002 ( 1)
 855 L   0.95793 0.00365 0.03827 0.00015 ( 1)
 856 L   0.96108 0.00114 0.03774 0.00005 ( 1)
 857 V   0.03891 0.92226 0.00153 0.03730 ( 2)
 858 R   0.26915 0.69183 0.01079 0.02822 ( 2)
