Supplemental results for CODEML (seqf: Human_TAS1R1_breaks2_2nd_attempt.txt  treef: TAS1R1_revised_tree_following_error_message.txt)


MLEs of dN/dS (w) for site classes (K=4)

site class             0        1       2a       2b
proportion       0.66942  0.20424  0.09680  0.02953
background w     0.09760  1.00000  0.09760  1.00000
foreground w     0.09760  1.00000  1.00000  1.00000

Naive Empirical Bayes (NEB) probabilities for 4 classes
(amino acids refer to 1st sequence: 1.Tarsier)

   1 M   0.89123 0.00677 0.10103 0.00098 ( 1)
   2 F   0.59371 0.28845 0.07613 0.04171 ( 1)
   3 H   0.41366 0.47092 0.04733 0.06810 ( 2)
   4 H   0.00030 0.87337 0.00004 0.12629 ( 2)
   5 V   0.00001 0.87366 0.00000 0.12633 ( 2)
   6 A   0.55431 0.32667 0.07179 0.04724 ( 1)
   7 H   0.00506 0.86873 0.00059 0.12562 ( 2)
   8 L   0.84634 0.03949 0.10846 0.00571 ( 1)
   9 V   0.37440 0.50541 0.04711 0.07308 ( 2)
  10 G   0.80501 0.08891 0.09322 0.01286 ( 1)
  11 L   0.84037 0.04538 0.10769 0.00656 ( 1)
  12 Q   0.83929 0.04181 0.11285 0.00605 ( 1)
  13 L   0.83358 0.05052 0.10859 0.00731 ( 1)
  14 S   0.04332 0.83138 0.00508 0.12022 ( 2)
  15 I   0.52381 0.35779 0.06666 0.05174 ( 1)
  16 S   0.43172 0.04885 0.51237 0.00706 ( 3)
  17 C   0.78147 0.11064 0.09189 0.01600 ( 1)
  18 C   0.88238 0.01211 0.10376 0.00175 ( 1)
  19 W   0.60176 0.28074 0.07691 0.04060 ( 1)
  20 A   0.87187 0.01585 0.10999 0.00229 ( 1)
  21 F   0.70733 0.18154 0.08488 0.02625 ( 1)
  22 S   0.41092 0.47345 0.04716 0.06846 ( 2)
  23 C   0.88266 0.01184 0.10379 0.00171 ( 1)
  24 H   0.87969 0.01440 0.10382 0.00208 ( 1)
  25 N   0.06524 0.78136 0.04041 0.11299 ( 2)
  26 T   0.01246 0.86146 0.00151 0.12457 ( 2)
  27 E   0.74153 0.14843 0.08858 0.02146 ( 1)
  28 F   0.02966 0.84467 0.00353 0.12214 ( 2)
  29 S   0.82595 0.05733 0.10843 0.00829 ( 1)
  30 P   0.85548 0.03818 0.10083 0.00552 ( 1)
  31 D   0.43986 0.03562 0.51937 0.00515 ( 3)
  32 F   0.89271 0.00611 0.10030 0.00088 ( 1)
  33 S   0.80788 0.08665 0.09294 0.01253 ( 1)
  34 L   0.88789 0.00919 0.10159 0.00133 ( 1)
  35 P   0.69779 0.18530 0.09011 0.02680 ( 1)
  36 G   0.86445 0.02428 0.10776 0.00351 ( 1)
  37 N   0.61302 0.26933 0.07870 0.03895 ( 1)
  38 Y   0.88140 0.01259 0.10420 0.00182 ( 1)
  39 L   0.88767 0.00938 0.10159 0.00136 ( 1)
  40 L   0.84343 0.04111 0.10952 0.00594 ( 1)
  41 A   0.36023 0.51579 0.04939 0.07459 ( 2)
  42 G   0.88556 0.01039 0.10254 0.00150 ( 1)
  43 F   0.16294 0.71307 0.02088 0.10311 ( 2)
  44 F   0.89265 0.00616 0.10029 0.00089 ( 1)
  45 P   0.52900 0.35113 0.06909 0.05077 ( 1)
  46 L   0.88877 0.00834 0.10169 0.00121 ( 1)
  47 H   0.84234 0.04237 0.10916 0.00613 ( 1)
  48 G   0.10913 0.76594 0.01417 0.11076 ( 2)
  49 D   0.24498 0.63169 0.03199 0.09134 ( 2)
  50 C   0.09612 0.67610 0.13001 0.09777 ( 2)
  51 L   0.58784 0.29427 0.07533 0.04255 ( 1)
  52 Q   0.85664 0.03111 0.10774 0.00450 ( 1)
  53 V   0.87994 0.01340 0.10471 0.00194 ( 1)
  54 R   0.84177 0.03768 0.11511 0.00545 ( 1)
  55 H   0.32401 0.39307 0.22608 0.05684 ( 2)
  56 R   0.78435 0.09510 0.10680 0.01375 ( 1)
  57 P   0.87217 0.01464 0.11107 0.00212 ( 1)
  58 E   0.87745 0.01550 0.10481 0.00224 ( 1)
  59 V   0.87917 0.01416 0.10462 0.00205 ( 1)
  60 T   0.73918 0.15413 0.08440 0.02229 ( 1)
  61 L   0.85322 0.03271 0.10934 0.00473 ( 1)
  62 C   0.81921 0.06402 0.10751 0.00926 ( 1)
  63 D   0.88851 0.00935 0.10079 0.00135 ( 1)
  64 R   0.86334 0.02766 0.10501 0.00400 ( 1)
  65 T   0.00031 0.87336 0.00004 0.12629 ( 2)
  66 C   0.03238 0.84201 0.00385 0.12176 ( 2)
  67 G   0.05374 0.82130 0.00620 0.11876 ( 2)
  68 F   0.89057 0.00818 0.10006 0.00118 ( 1)
  69 N   0.85598 0.03808 0.10043 0.00551 ( 1)
  70 G   0.24225 0.63737 0.02822 0.09217 ( 2)
  71 H   0.87650 0.01749 0.10349 0.00253 ( 1)
  72 G   0.75583 0.13686 0.08752 0.01979 ( 1)
  73 Y   0.34486 0.53675 0.04077 0.07762 ( 2)
  74 H   0.31724 0.56450 0.03663 0.08163 ( 2)
  75 L   0.79692 0.09719 0.09183 0.01405 ( 1)
  76 F   0.83362 0.06353 0.09366 0.00919 ( 1)
  77 Q   0.18061 0.69603 0.02272 0.10065 ( 2)
  78 A   0.21736 0.45707 0.25948 0.06609 ( 2)
  79 M   0.35358 0.52974 0.04008 0.07660 ( 2)
  80 R   0.65845 0.22668 0.08209 0.03278 ( 1)
  81 L   0.60645 0.28091 0.07202 0.04062 ( 1)
  82 S   0.00038 0.87329 0.00004 0.12628 ( 2)
  83 I   0.15346 0.72247 0.01960 0.10447 ( 2)
  84 E   0.15856 0.71859 0.01894 0.10391 ( 2)
  85 A   0.68402 0.20465 0.08174 0.02959 ( 1)
  86 I   0.84388 0.04225 0.10776 0.00611 ( 1)
  87 N   0.88628 0.01062 0.10156 0.00154 ( 1)
  88 N   0.88628 0.01062 0.10156 0.00154 ( 1)
  89 S   0.88278 0.01280 0.10258 0.00185 ( 1)
  90 T   0.86818 0.02384 0.10453 0.00345 ( 1)
  91 V   0.41534 0.46985 0.04687 0.06794 ( 2)
  92 L   0.83812 0.04760 0.10741 0.00688 ( 1)
  93 L   0.83789 0.04782 0.10738 0.00691 ( 1)
  94 P   0.88727 0.00939 0.10199 0.00136 ( 1)
  95 N   0.69928 0.18552 0.08837 0.02683 ( 1)
  96 V   0.08540 0.79038 0.00993 0.11429 ( 2)
  97 T   0.81774 0.07766 0.09337 0.01123 ( 1)
  98 L   0.46962 0.40692 0.06461 0.05884 ( 1)
  99 G   0.87315 0.01798 0.10627 0.00260 ( 1)
 100 Y   0.16002 0.71585 0.02062 0.10351 ( 2)
 101 E   0.00275 0.87097 0.00033 0.12595 ( 2)
 102 L   0.84460 0.04121 0.10824 0.00596 ( 1)
 103 Y   0.06959 0.80552 0.00841 0.11648 ( 2)
 104 D   0.85754 0.03465 0.10280 0.00501 ( 1)
 105 V   0.87527 0.01798 0.10416 0.00260 ( 1)
 106 C   0.87715 0.01720 0.10316 0.00249 ( 1)
 107 S   0.84454 0.04368 0.10546 0.00632 ( 1)
 108 E   0.76355 0.12767 0.09031 0.01846 ( 1)
 109 S   0.82316 0.06009 0.10806 0.00869 ( 1)
 110 A   0.88955 0.00879 0.10039 0.00127 ( 1)
 111 N   0.84329 0.04166 0.10903 0.00602 ( 1)
 112 V   0.87527 0.01798 0.10416 0.00260 ( 1)
 113 Y   0.82031 0.06219 0.10851 0.00899 ( 1)
 114 A   0.88848 0.00984 0.10027 0.00142 ( 1)
 115 T   0.86835 0.02368 0.10455 0.00342 ( 1)
 116 L   0.83812 0.04760 0.10741 0.00688 ( 1)
 117 S   0.07410 0.80011 0.01009 0.11570 ( 2)
 118 V   0.73553 0.15459 0.08753 0.02235 ( 1)
 119 L   0.88638 0.01067 0.10141 0.00154 ( 1)
 120 S   0.87748 0.01339 0.10720 0.00194 ( 1)
 121 L   0.11761 0.75848 0.01423 0.10968 ( 2)
 122 P   0.37019 0.50571 0.05097 0.07313 ( 2)
 123 G   0.87088 0.02021 0.10599 0.00292 ( 1)
 124 T   0.06368 0.81038 0.00876 0.11718 ( 2)
 125 R   0.00000 0.87366 0.00000 0.12633 ( 2)
 126 H   0.88434 0.01183 0.10212 0.00171 ( 1)
 127 I   0.84131 0.04478 0.10743 0.00648 ( 1)
 128 D   0.26659 0.61293 0.03185 0.08863 ( 2)
 129 I   0.80697 0.09007 0.08993 0.01303 ( 1)
 130 Q   0.81279 0.07286 0.10382 0.01054 ( 1)
 131 G   0.39251 0.48332 0.05427 0.06989 ( 2)
 132 D   0.76477 0.12910 0.08747 0.01867 ( 1)
 133 F   0.09232 0.68609 0.12237 0.09921 ( 2)
 134 L   0.88638 0.01067 0.10141 0.00154 ( 1)
 135 H   0.00401 0.86976 0.00046 0.12577 ( 2)
 136 Y   0.81945 0.06304 0.10840 0.00912 ( 1)
 137 S   0.02923 0.82057 0.03155 0.11866 ( 2)
 138 P   0.87072 0.02336 0.10254 0.00338 ( 1)
 139 K   0.70375 0.18451 0.08506 0.02668 ( 1)
 140 I   0.62684 0.25633 0.07977 0.03707 ( 1)
 141 V   0.65520 0.23215 0.07908 0.03357 ( 1)
 142 A   0.86263 0.02756 0.10583 0.00399 ( 1)
 143 V   0.87542 0.01782 0.10418 0.00258 ( 1)
 144 I   0.47110 0.40970 0.05996 0.05924 ( 1)
 145 G   0.72460 0.16356 0.08819 0.02365 ( 1)
 146 P   0.56505 0.31590 0.07337 0.04568 ( 1)
 147 D   0.31353 0.38481 0.24601 0.05564 ( 2)
 148 S   0.00022 0.87345 0.00003 0.12630 ( 2)
 149 T   0.80533 0.08843 0.09346 0.01279 ( 1)
 150 D   0.07640 0.79927 0.00875 0.11558 ( 2)
 151 H   0.00010 0.87357 0.00001 0.12632 ( 2)
 152 A   0.33408 0.19447 0.44334 0.02812 ( 3)
 153 A   0.66922 0.22301 0.07552 0.03225 ( 1)
 154 T   0.56859 0.32018 0.06492 0.04630 ( 1)
 155 T   0.06871 0.80573 0.00904 0.11651 ( 2)
 156 A   0.86210 0.02547 0.10874 0.00368 ( 1)
 157 A   0.79435 0.10132 0.08968 0.01465 ( 1)
 158 L   0.83444 0.05113 0.10704 0.00739 ( 1)
 159 L   0.84195 0.04381 0.10790 0.00634 ( 1)
 160 S   0.78706 0.10678 0.09072 0.01544 ( 1)
 161 P   0.82349 0.06024 0.10755 0.00871 ( 1)
 162 F   0.34148 0.53964 0.04084 0.07803 ( 2)
 163 L   0.83475 0.04968 0.10839 0.00718 ( 1)
 164 V   0.30816 0.57239 0.03668 0.08277 ( 2)
 165 P   0.88699 0.00965 0.10196 0.00140 ( 1)
 166 L   0.14085 0.73511 0.01774 0.10630 ( 2)
 167 I   0.89420 0.00590 0.09905 0.00085 ( 1)
 168 S   0.88779 0.00863 0.10233 0.00125 ( 1)
 169 Y   0.85432 0.03713 0.10319 0.00537 ( 1)
 170 E   0.00283 0.87088 0.00035 0.12593 ( 2)
 171 A   0.89196 0.00645 0.10066 0.00093 ( 1)
 172 S   0.88779 0.00863 0.10233 0.00125 ( 1)
 173 S   0.88717 0.00923 0.10227 0.00133 ( 1)
 174 T   0.00026 0.87316 0.00032 0.12626 ( 2)
 175 T   0.01986 0.85398 0.00266 0.12349 ( 2)
 176 L   0.87496 0.01214 0.11115 0.00175 ( 1)
 177 S   0.31646 0.38017 0.24839 0.05497 ( 2)
 178 V   0.00040 0.87309 0.00026 0.12625 ( 2)
 179 K   0.87473 0.01716 0.10563 0.00248 ( 1)
 180 R   0.19410 0.68294 0.02420 0.09876 ( 2)
 181 Q   0.34042 0.16504 0.47067 0.02387 ( 3)
 182 Y   0.82641 0.05615 0.10932 0.00812 ( 1)
 183 P   0.88828 0.00840 0.10210 0.00121 ( 1)
 184 S   0.83349 0.04988 0.10941 0.00721 ( 1)
 185 F   0.87667 0.01214 0.10944 0.00176 ( 1)
 186 L   0.84460 0.04121 0.10824 0.00596 ( 1)
 187 R   0.88139 0.01199 0.10488 0.00173 ( 1)
 188 T   0.88976 0.00756 0.10159 0.00109 ( 1)
 189 I   0.45283 0.02593 0.51748 0.00375 ( 3)
 190 P   0.88828 0.00840 0.10210 0.00121 ( 1)
 191 S   0.27304 0.60488 0.03461 0.08747 ( 2)
 192 D   0.89060 0.00730 0.10105 0.00105 ( 1)
 193 R   0.28140 0.59813 0.03399 0.08649 ( 2)
 194 H   0.05498 0.82002 0.00641 0.11858 ( 2)
 195 Q   0.85664 0.03111 0.10774 0.00450 ( 1)
 196 V   0.87917 0.01416 0.10462 0.00205 ( 1)
 197 E   0.87826 0.01470 0.10491 0.00213 ( 1)
 198 V   0.46654 0.41952 0.05327 0.06066 ( 1)
 199 M   0.82568 0.07052 0.09360 0.01020 ( 1)
 200 V   0.87917 0.01416 0.10462 0.00205 ( 1)
 201 L   0.58020 0.30180 0.07436 0.04364 ( 1)
 202 L   0.84460 0.04121 0.10824 0.00596 ( 1)
 203 L   0.84409 0.04134 0.10859 0.00598 ( 1)
 204 Q   0.01414 0.85966 0.00190 0.12431 ( 2)
 205 R   0.24190 0.63666 0.02938 0.09206 ( 2)
 206 F   0.89284 0.00598 0.10032 0.00087 ( 1)
 207 R   0.00031 0.87305 0.00039 0.12625 ( 2)
 208 W   0.84700 0.03910 0.10825 0.00565 ( 1)
 209 V   0.39016 0.49430 0.04406 0.07148 ( 2)
 210 W   0.84700 0.03910 0.10825 0.00565 ( 1)
 211 I   0.89523 0.00490 0.09917 0.00071 ( 1)
 212 S   0.83260 0.04997 0.11020 0.00723 ( 1)
 213 L   0.84460 0.04121 0.10824 0.00596 ( 1)
 214 V   0.18288 0.52578 0.21531 0.07603 ( 2)
 215 G   0.88661 0.00937 0.10266 0.00135 ( 1)
 216 S   0.88270 0.00903 0.10696 0.00131 ( 1)
 217 Y   0.00099 0.87269 0.00013 0.12619 ( 2)
 218 G   0.70491 0.17928 0.08989 0.02592 ( 1)
 219 D   0.89101 0.00692 0.10107 0.00100 ( 1)
 220 Y   0.85432 0.03713 0.10319 0.00537 ( 1)
 221 G   0.87338 0.01776 0.10629 0.00257 ( 1)
 222 Q   0.67314 0.21462 0.08120 0.03104 ( 1)
 223 Q   0.08601 0.70046 0.11224 0.10129 ( 2)
 224 G   0.37708 0.09893 0.50968 0.01431 ( 3)
 225 V   0.87694 0.01631 0.10439 0.00236 ( 1)
 226 Q   0.64350 0.24074 0.08095 0.03481 ( 1)
 227 A   0.56648 0.31422 0.07386 0.04544 ( 1)
 228 L   0.84628 0.03955 0.10845 0.00572 ( 1)
 229 E   0.06510 0.11637 0.80170 0.01683 ( 3)
 230 N   0.00688 0.86697 0.00078 0.12537 ( 2)
 231 Q   0.36596 0.13773 0.47639 0.01992 ( 3)
 232 A   0.89196 0.00645 0.10066 0.00093 ( 1)
 233 T   0.87572 0.01903 0.10251 0.00275 ( 1)
 234 D   0.00109 0.87260 0.00013 0.12618 ( 2)
 235 Q   0.62325 0.25595 0.08379 0.03701 ( 1)
 236 G   0.30514 0.57290 0.03912 0.08284 ( 2)
 237 I   0.84930 0.04947 0.09408 0.00715 ( 1)
 238 C   0.88294 0.01157 0.10382 0.00167 ( 1)
 239 I   0.84972 0.03682 0.10814 0.00532 ( 1)
 240 A   0.84482 0.04519 0.10345 0.00653 ( 1)
 241 F   0.89284 0.00598 0.10032 0.00087 ( 1)
 242 K   0.87473 0.01716 0.10563 0.00248 ( 1)
 243 D   0.82506 0.07107 0.09359 0.01028 ( 1)
 244 I   0.06947 0.09803 0.81833 0.01418 ( 3)
 245 V   0.75605 0.13522 0.08918 0.01955 ( 1)
 246 P   0.88612 0.01051 0.10186 0.00152 ( 1)
 247 L   0.82856 0.06845 0.09309 0.00990 ( 1)
 248 S   0.52622 0.35648 0.06575 0.05155 ( 1)
 249 A   0.89196 0.00645 0.10066 0.00093 ( 1)
 250 R   0.00015 0.87339 0.00016 0.12630 ( 2)
 251 V   0.87445 0.01877 0.10406 0.00271 ( 1)
 252 G   0.85831 0.02781 0.10986 0.00402 ( 1)
 253 D   0.84763 0.03805 0.10882 0.00550 ( 1)
 254 E   0.31089 0.56959 0.03715 0.08237 ( 2)
 255 R   0.69341 0.19460 0.08385 0.02814 ( 1)
 256 M   0.89123 0.00677 0.10103 0.00098 ( 1)
 257 Q   0.64420 0.24006 0.08102 0.03471 ( 1)
 258 G   0.00344 0.87028 0.00044 0.12585 ( 2)
 259 M   0.05869 0.76326 0.06768 0.11037 ( 2)
 260 M   0.89123 0.00677 0.10103 0.00098 ( 1)
 261 N   0.00046 0.87279 0.00054 0.12621 ( 2)
 262 R   0.06808 0.80731 0.00787 0.11674 ( 2)
 263 L   0.84460 0.04121 0.10824 0.00596 ( 1)
 264 A   0.83455 0.06226 0.09418 0.00900 ( 1)
 265 R   0.01869 0.85529 0.00235 0.12368 ( 2)
 266 A   0.89062 0.00775 0.10051 0.00112 ( 1)
 267 G   0.00344 0.87029 0.00042 0.12585 ( 2)
 268 T   0.82043 0.07524 0.09345 0.01088 ( 1)
 269 T   0.74119 0.14385 0.09416 0.02080 ( 1)
 270 V   0.88497 0.00840 0.10541 0.00122 ( 1)
 271 V   0.87917 0.01416 0.10462 0.00205 ( 1)
 272 V   0.27915 0.59810 0.03626 0.08649 ( 2)
 273 V   0.84610 0.04418 0.10333 0.00639 ( 1)
 274 F   0.88129 0.01504 0.10149 0.00217 ( 1)
 275 S   0.88590 0.00975 0.10294 0.00141 ( 1)
 276 S   0.00447 0.86925 0.00058 0.12570 ( 2)
 277 R   0.08305 0.71528 0.09823 0.10343 ( 2)
 278 R   0.00020 0.87326 0.00026 0.12628 ( 2)
 279 L   0.07307 0.80109 0.00999 0.11584 ( 2)
 280 A   0.89196 0.00645 0.10066 0.00093 ( 1)
 281 R   0.72515 0.16306 0.08821 0.02358 ( 1)
 282 V   0.87917 0.01416 0.10462 0.00205 ( 1)
 283 F   0.88619 0.01027 0.10206 0.00148 ( 1)
 284 F   0.88995 0.00876 0.10002 0.00127 ( 1)
 285 E   0.87826 0.01470 0.10491 0.00213 ( 1)
 286 S   0.88134 0.01419 0.10242 0.00205 ( 1)
 287 V   0.87917 0.01416 0.10462 0.00205 ( 1)
 288 V   0.87917 0.01416 0.10462 0.00205 ( 1)
 289 L   0.84396 0.04184 0.10815 0.00605 ( 1)
 290 A   0.83326 0.06279 0.09487 0.00908 ( 1)
 291 N   0.81959 0.07555 0.09394 0.01092 ( 1)
 292 L   0.58819 0.29393 0.07538 0.04250 ( 1)
 293 T   0.83843 0.05073 0.10350 0.00734 ( 1)
 294 G   0.88661 0.00937 0.10266 0.00135 ( 1)
 295 K   0.87473 0.01716 0.10563 0.00248 ( 1)
 296 V   0.87917 0.01416 0.10462 0.00205 ( 1)
 297 W   0.84700 0.03910 0.10825 0.00565 ( 1)
 298 I   0.40644 0.47912 0.04516 0.06928 ( 2)
 299 A   0.89196 0.00645 0.10066 0.00093 ( 1)
 300 S   0.77040 0.10715 0.10695 0.01549 ( 1)
 301 E   0.81206 0.06891 0.10906 0.00997 ( 1)
 302 D   0.43484 0.45089 0.04907 0.06520 ( 2)
 303 W   0.84700 0.03910 0.10825 0.00565 ( 1)
 304 A   0.82377 0.07274 0.09296 0.01052 ( 1)
 305 I   0.82716 0.07047 0.09218 0.01019 ( 1)
 306 S   0.88590 0.00975 0.10294 0.00141 ( 1)
 307 R   0.03766 0.83638 0.00502 0.12094 ( 2)
 308 H   0.79949 0.09452 0.09232 0.01367 ( 1)
 309 I   0.89523 0.00490 0.09917 0.00071 ( 1)
 310 T   0.56697 0.31382 0.07384 0.04538 ( 1)
 311 G   0.24131 0.63717 0.02938 0.09214 ( 2)
 312 V   0.87379 0.01642 0.10742 0.00237 ( 1)
 313 P   0.86940 0.01679 0.11138 0.00243 ( 1)
 314 G   0.87173 0.01937 0.10609 0.00280 ( 1)
 315 I   0.89523 0.00490 0.09917 0.00071 ( 1)
 316 Q   0.16438 0.71199 0.02068 0.10296 ( 2)
 317 G   0.36768 0.51511 0.04272 0.07449 ( 2)
 318 I   0.86807 0.02568 0.10254 0.00371 ( 1)
 319 G   0.86638 0.01965 0.11113 0.00284 ( 1)
 320 T   0.00020 0.87347 0.00003 0.12631 ( 2)
 321 V   0.87973 0.01361 0.10469 0.00197 ( 1)
 322 L   0.84460 0.04121 0.10824 0.00596 ( 1)
 323 G   0.85110 0.03492 0.10894 0.00505 ( 1)
 324 V   0.87885 0.01447 0.10458 0.00209 ( 1)
 325 A   0.89196 0.00645 0.10066 0.00093 ( 1)
 326 I   0.89523 0.00490 0.09917 0.00071 ( 1)
 327 Q   0.85664 0.03111 0.10774 0.00450 ( 1)
 328 L   0.02173 0.85231 0.00271 0.12325 ( 2)
 329 R   0.26382 0.61514 0.03209 0.08895 ( 2)
 330 L   0.00008 0.87358 0.00001 0.12632 ( 2)
 331 V   0.83101 0.06591 0.09355 0.00953 ( 1)
 332 P   0.84062 0.04333 0.10979 0.00627 ( 1)
 333 G   0.80620 0.08776 0.09335 0.01269 ( 1)
 334 L   0.84433 0.04147 0.10820 0.00600 ( 1)
 335 K   0.40612 0.08180 0.50025 0.01183 ( 3)
 336 E   0.71681 0.17262 0.08561 0.02496 ( 1)
 337 F   0.59560 0.28484 0.07837 0.04119 ( 1)
 338 E   0.80211 0.07877 0.10773 0.01139 ( 1)
 339 E   0.85728 0.03322 0.10469 0.00480 ( 1)
 340 A   0.89196 0.00645 0.10066 0.00093 ( 1)
 341 Y   0.81861 0.06386 0.10829 0.00923 ( 1)
 342 A   0.83498 0.06185 0.09423 0.00894 ( 1)
 343 Q   0.00064 0.87304 0.00008 0.12624 ( 2)
 344 A   0.30164 0.27939 0.37856 0.04040 ( 3)
 345 D   0.89101 0.00692 0.10107 0.00100 ( 1)
 346 K   0.87473 0.01716 0.10563 0.00248 ( 1)
 347 G   0.00293 0.86920 0.00217 0.12569 ( 2)
 348 A   0.82149 0.07026 0.09808 0.01016 ( 1)
 349 P   0.03032 0.84405 0.00358 0.12205 ( 2)
 350 L   0.11796 0.75808 0.01435 0.10962 ( 2)
 351 P   0.40949 0.46918 0.05348 0.06785 ( 2)
 352 C   0.88129 0.01318 0.10363 0.00191 ( 1)
 353 P   0.00630 0.86753 0.00072 0.12545 ( 2)
 354 T   0.02451 0.84952 0.00313 0.12284 ( 2)
 355 G   0.80549 0.08845 0.09327 0.01279 ( 1)
 356 A   0.78939 0.10387 0.09173 0.01502 ( 1)
 357 W   0.61872 0.26402 0.07907 0.03818 ( 1)
 358 C   0.88294 0.01157 0.10382 0.00167 ( 1)
 359 S   0.88779 0.00863 0.10233 0.00125 ( 1)
 360 S   0.88779 0.00863 0.10233 0.00125 ( 1)
 361 N   0.83873 0.04615 0.10844 0.00667 ( 1)
 362 Q   0.85664 0.03111 0.10774 0.00450 ( 1)
 363 L   0.40898 0.47547 0.04680 0.06875 ( 2)
 364 C   0.88129 0.01318 0.10363 0.00191 ( 1)
 365 R   0.79436 0.08516 0.10817 0.01231 ( 1)
 366 E   0.07353 0.79666 0.01461 0.11520 ( 2)
 367 C   0.88119 0.01328 0.10361 0.00192 ( 1)
 368 C   0.00015 0.87351 0.00002 0.12631 ( 2)
 369 A   0.59101 0.29044 0.07655 0.04200 ( 1)
 370 F   0.89284 0.00598 0.10032 0.00087 ( 1)
 371 T   0.00003 0.87361 0.00004 0.12633 ( 2)
 372 A   0.05479 0.81921 0.00754 0.11846 ( 2)
 373 H   0.88706 0.00918 0.10243 0.00133 ( 1)
 374 T   0.00002 0.87363 0.00002 0.12633 ( 2)
 375 T   0.82592 0.07029 0.09362 0.01016 ( 1)
 376 P   0.88780 0.00885 0.10207 0.00128 ( 1)
 377 T   0.01947 0.85459 0.00237 0.12358 ( 2)
 378 L   0.87788 0.01483 0.10515 0.00214 ( 1)
 379 G   0.00005 0.87355 0.00008 0.12632 ( 2)
 380 P   0.44541 0.44061 0.05026 0.06371 ( 1)
 381 F   0.83466 0.06252 0.09378 0.00904 ( 1)
 382 S   0.88590 0.00975 0.10294 0.00141 ( 1)
 383 M   0.89123 0.00677 0.10103 0.00098 ( 1)
 384 S   0.83710 0.04742 0.10862 0.00686 ( 1)
 385 S   0.52404 0.35573 0.06879 0.05144 ( 1)
 386 A   0.89196 0.00645 0.10066 0.00093 ( 1)
 387 Y   0.88140 0.01259 0.10420 0.00182 ( 1)
 388 N   0.88881 0.00816 0.10185 0.00118 ( 1)
 389 V   0.19725 0.67945 0.02505 0.09825 ( 2)
 390 Y   0.86747 0.01765 0.11233 0.00255 ( 1)
 391 Q   0.01491 0.85900 0.00187 0.12421 ( 2)
 392 A   0.82515 0.05496 0.11194 0.00795 ( 1)
 393 V   0.87917 0.01416 0.10462 0.00205 ( 1)
 394 Y   0.85525 0.03621 0.10330 0.00524 ( 1)
 395 T   0.01370 0.86012 0.00180 0.12438 ( 2)
 396 V   0.87917 0.01416 0.10462 0.00205 ( 1)
 397 A   0.89172 0.00668 0.10063 0.00097 ( 1)
 398 H   0.83915 0.04553 0.10874 0.00658 ( 1)
 399 G   0.88661 0.00937 0.10266 0.00135 ( 1)
 400 L   0.88912 0.00800 0.10173 0.00116 ( 1)
 401 H   0.88726 0.00899 0.10246 0.00130 ( 1)
 402 Q   0.85664 0.03111 0.10774 0.00450 ( 1)
 403 L   0.88912 0.00800 0.10173 0.00116 ( 1)
 404 L   0.84460 0.04121 0.10824 0.00596 ( 1)
 405 G   0.88661 0.00937 0.10266 0.00135 ( 1)
 406 C   0.85915 0.03295 0.10313 0.00476 ( 1)
 407 A   0.81509 0.07967 0.09372 0.01152 ( 1)
 408 S   0.83856 0.04488 0.11008 0.00649 ( 1)
 409 G   0.77519 0.10276 0.10719 0.01486 ( 1)
 410 A   0.74344 0.14890 0.08612 0.02153 ( 1)
 411 C   0.82624 0.05707 0.10844 0.00825 ( 1)
 412 S   0.88590 0.00975 0.10294 0.00141 ( 1)
 413 R   0.87212 0.01905 0.10607 0.00275 ( 1)
 414 S   0.40939 0.47458 0.04740 0.06863 ( 2)
 415 Q   0.00522 0.86262 0.00742 0.12474 ( 2)
 416 V   0.89225 0.00638 0.10044 0.00092 ( 1)
 417 Y   0.22998 0.43165 0.27595 0.06242 ( 2)
 418 P   0.88297 0.00881 0.10695 0.00127 ( 1)
 419 W   0.84700 0.03910 0.10825 0.00565 ( 1)
 420 Q   0.85664 0.03111 0.10774 0.00450 ( 1)
 421 L   0.83249 0.05160 0.10845 0.00746 ( 1)
 422 L   0.84103 0.04470 0.10781 0.00646 ( 1)
 423 E   0.75679 0.13350 0.09040 0.01930 ( 1)
 424 Q   0.85664 0.03111 0.10774 0.00450 ( 1)
 425 I   0.89523 0.00490 0.09917 0.00071 ( 1)
 426 H   0.00540 0.86840 0.00062 0.12557 ( 2)
 427 K   0.87418 0.01770 0.10556 0.00256 ( 1)
 428 A   0.76981 0.12108 0.09161 0.01751 ( 1)
 429 N   0.56200 0.31913 0.07272 0.04615 ( 1)
 430 F   0.89265 0.00616 0.10029 0.00089 ( 1)
 431 L   0.83249 0.05160 0.10845 0.00746 ( 1)
 432 L   0.75236 0.12442 0.10523 0.01799 ( 1)
 433 H   0.88479 0.01105 0.10256 0.00160 ( 1)
 434 E   0.00339 0.86705 0.00418 0.12538 ( 2)
 435 D   0.89101 0.00692 0.10107 0.00100 ( 1)
 436 T   0.84102 0.04321 0.10953 0.00625 ( 1)
 437 V   0.87917 0.01416 0.10462 0.00205 ( 1)
 438 T   0.00115 0.87253 0.00016 0.12617 ( 2)
 439 F   0.59316 0.28913 0.07590 0.04181 ( 1)
 440 N   0.12785 0.74753 0.01653 0.10810 ( 2)
 441 D   0.89101 0.00692 0.10107 0.00100 ( 1)
 442 N   0.85618 0.03111 0.10821 0.00450 ( 1)
 443 G   0.11958 0.75620 0.01487 0.10935 ( 2)
 444 D   0.26726 0.61229 0.03191 0.08854 ( 2)
 445 P   0.43365 0.04587 0.51385 0.00663 ( 3)
 446 L   0.34826 0.53435 0.04012 0.07727 ( 2)
 447 S   0.83596 0.04855 0.10847 0.00702 ( 1)
 448 G   0.79798 0.09583 0.09234 0.01386 ( 1)
 449 Y   0.81861 0.06386 0.10829 0.00923 ( 1)
 450 N   0.06448 0.74632 0.08128 0.10792 ( 2)
 451 I   0.84942 0.03679 0.10847 0.00532 ( 1)
 452 I   0.84972 0.03682 0.10814 0.00532 ( 1)
 453 A   0.83375 0.06304 0.09409 0.00912 ( 1)
 454 W   0.84700 0.03910 0.10825 0.00565 ( 1)
 455 D   0.89101 0.00692 0.10107 0.00100 ( 1)
 456 W   0.84700 0.03910 0.10825 0.00565 ( 1)
 457 I   0.01303 0.86081 0.00169 0.12448 ( 2)
 458 G   0.86728 0.02151 0.10810 0.00311 ( 1)
 459 F   0.42384 0.46081 0.04872 0.06663 ( 2)
 460 K   0.75785 0.13474 0.08792 0.01948 ( 1)
 461 W   0.84700 0.03910 0.10825 0.00565 ( 1)
 462 T   0.88976 0.00756 0.10159 0.00109 ( 1)
 463 F   0.89183 0.00696 0.10020 0.00101 ( 1)
 464 T   0.86565 0.02596 0.10463 0.00375 ( 1)
 465 V   0.23915 0.39391 0.30998 0.05696 ( 2)
 466 I   0.01950 0.85115 0.00627 0.12308 ( 2)
 467 G   0.87706 0.01654 0.10401 0.00239 ( 1)
 468 S   0.88533 0.01029 0.10289 0.00149 ( 1)
 469 S   0.88590 0.00975 0.10294 0.00141 ( 1)
 470 T   0.79239 0.08620 0.10895 0.01246 ( 1)
 471 A   0.12558 0.74993 0.01605 0.10844 ( 2)
 472 S   0.51231 0.36733 0.06725 0.05312 ( 1)
 473 P   0.76793 0.11038 0.10573 0.01596 ( 1)
 474 V   0.55415 0.32693 0.07164 0.04728 ( 1)
 475 R   0.00072 0.87291 0.00015 0.12623 ( 2)
 476 L   0.78928 0.09422 0.10287 0.01363 ( 1)
 477 D   0.80768 0.08781 0.09182 0.01270 ( 1)
 478 I   0.84766 0.03852 0.10825 0.00557 ( 1)
 479 N   0.83873 0.04615 0.10844 0.00667 ( 1)
 480 E   0.75692 0.13337 0.09042 0.01929 ( 1)
 481 T   0.88974 0.00757 0.10159 0.00110 ( 1)
 482 K   0.79295 0.08716 0.10729 0.01260 ( 1)
 483 I   0.88960 0.00517 0.10448 0.00075 ( 1)
 484 Q   0.85664 0.03111 0.10774 0.00450 ( 1)
 485 W   0.84700 0.03910 0.10825 0.00565 ( 1)
 486 H   0.78311 0.11045 0.09047 0.01597 ( 1)
 487 R   0.05068 0.76948 0.06857 0.11127 ( 2)
 488 K   0.87473 0.01716 0.10563 0.00248 ( 1)
 489 D   0.82976 0.06650 0.09412 0.00962 ( 1)
 490 N   0.88902 0.00795 0.10188 0.00115 ( 1)
 491 Q   0.85664 0.03111 0.10774 0.00450 ( 1)
 492 V   0.87885 0.01447 0.10458 0.00209 ( 1)
 493 P   0.83720 0.04670 0.10934 0.00675 ( 1)
 494 Q   0.26475 0.61443 0.03197 0.08885 ( 2)
 495 S   0.82595 0.05733 0.10843 0.00829 ( 1)
 496 V   0.87917 0.01416 0.10462 0.00205 ( 1)
 497 C   0.86746 0.02483 0.10413 0.00359 ( 1)
 498 S   0.88590 0.00975 0.10294 0.00141 ( 1)
 499 S   0.87645 0.01966 0.10105 0.00284 ( 1)
 500 D   0.88579 0.00726 0.10590 0.00105 ( 1)
 501 C   0.83082 0.05255 0.10904 0.00760 ( 1)
 502 L   0.83249 0.05160 0.10845 0.00746 ( 1)
 503 E   0.43498 0.44259 0.05842 0.06400 ( 2)
 504 G   0.86865 0.02239 0.10572 0.00324 ( 1)
 505 H   0.80766 0.08656 0.09326 0.01252 ( 1)
 506 Q   0.85664 0.03111 0.10774 0.00450 ( 1)
 507 R   0.04129 0.78797 0.05680 0.11394 ( 2)
 508 V   0.87917 0.01416 0.10462 0.00205 ( 1)
 509 V   0.84276 0.04219 0.10896 0.00610 ( 1)
 510 V   0.00022 0.87344 0.00003 0.12630 ( 2)
 511 G   0.52071 0.35913 0.06823 0.05193 ( 1)
 512 S   0.83617 0.06106 0.09395 0.00883 ( 1)
 513 H   0.14008 0.69231 0.06750 0.10011 ( 2)
 514 H   0.80992 0.08436 0.09352 0.01220 ( 1)
 515 C   0.82862 0.05472 0.10875 0.00791 ( 1)
 516 C   0.88294 0.01157 0.10382 0.00167 ( 1)
 517 F   0.85534 0.03077 0.10944 0.00445 ( 1)
 518 E   0.75907 0.13127 0.09067 0.01898 ( 1)
 519 C   0.82624 0.05707 0.10844 0.00825 ( 1)
 520 V   0.86442 0.02235 0.11000 0.00323 ( 1)
 521 P   0.88545 0.01116 0.10178 0.00161 ( 1)
 522 C   0.83169 0.05685 0.10324 0.00822 ( 1)
 523 E   0.23419 0.64453 0.02807 0.09320 ( 2)
 524 S   0.53457 0.34615 0.06923 0.05005 ( 1)
 525 G   0.87086 0.02023 0.10599 0.00292 ( 1)
 526 T   0.27699 0.60404 0.03163 0.08735 ( 2)
 527 F   0.49377 0.39380 0.05548 0.05695 ( 1)
 528 L   0.38204 0.50170 0.04371 0.07255 ( 2)
 529 N   0.44425 0.44106 0.05091 0.06378 ( 1)
 530 K   0.27872 0.60075 0.03366 0.08687 ( 2)
 531 S   0.82915 0.05527 0.10759 0.00799 ( 1)
 532 D   0.88851 0.00935 0.10079 0.00135 ( 1)
 533 L   0.78765 0.10671 0.09021 0.01543 ( 1)
 534 Y   0.74939 0.14153 0.08861 0.02047 ( 1)
 535 R   0.09262 0.78132 0.01307 0.11298 ( 2)
 536 C   0.87875 0.01565 0.10334 0.00226 ( 1)
 537 Q   0.85664 0.03111 0.10774 0.00450 ( 1)
 538 P   0.52742 0.35269 0.06888 0.05100 ( 1)
 539 C   0.82624 0.05707 0.10844 0.00825 ( 1)
 540 G   0.87173 0.01937 0.10609 0.00280 ( 1)
 541 K   0.80226 0.07792 0.10854 0.01127 ( 1)
 542 E   0.80211 0.07877 0.10773 0.01139 ( 1)
 543 E   0.87823 0.01473 0.10491 0.00213 ( 1)
 544 W   0.84700 0.03910 0.10825 0.00565 ( 1)
 545 A   0.77421 0.10452 0.10616 0.01511 ( 1)
 546 P   0.84107 0.04289 0.10985 0.00620 ( 1)
 547 E   0.04056 0.83400 0.00485 0.12060 ( 2)
 548 G   0.33429 0.54123 0.04622 0.07826 ( 2)
 549 S   0.88779 0.00863 0.10233 0.00125 ( 1)
 550 Q   0.85664 0.03111 0.10774 0.00450 ( 1)
 551 T   0.81197 0.08326 0.09273 0.01204 ( 1)
 552 C   0.88294 0.01157 0.10382 0.00167 ( 1)
 553 F   0.89210 0.00670 0.10023 0.00097 ( 1)
 554 P   0.44307 0.43381 0.06039 0.06273 ( 1)
 555 R   0.87565 0.01859 0.10307 0.00269 ( 1)
 556 T   0.84666 0.04264 0.10453 0.00617 ( 1)
 557 V   0.87676 0.01651 0.10434 0.00239 ( 1)
 558 V   0.76439 0.12638 0.09096 0.01827 ( 1)
 559 F   0.11537 0.64970 0.14098 0.09395 ( 2)
 560 L   0.84388 0.04184 0.10823 0.00605 ( 1)
 561 A   0.11287 0.76217 0.01474 0.11021 ( 2)
 562 W   0.14149 0.73416 0.01819 0.10616 ( 2)
 563 H   0.13159 0.74381 0.01705 0.10756 ( 2)
 564 E   0.87826 0.01470 0.10491 0.00213 ( 1)
 565 C   0.00629 0.86132 0.00784 0.12455 ( 2)
 566 I   0.82873 0.06793 0.09351 0.00982 ( 1)
 567 S   0.82595 0.05733 0.10843 0.00829 ( 1)
 568 W   0.84700 0.03910 0.10825 0.00565 ( 1)
 569 V   0.87917 0.01416 0.10462 0.00205 ( 1)
 570 L   0.84149 0.04422 0.10790 0.00639 ( 1)
 571 L   0.84428 0.04152 0.10820 0.00600 ( 1)
 572 A   0.35842 0.51759 0.04915 0.07485 ( 2)
 573 A   0.33591 0.17490 0.46390 0.02529 ( 3)
 574 N   0.86686 0.02060 0.10955 0.00298 ( 1)
 575 T   0.69310 0.19361 0.08529 0.02800 ( 1)
 576 L   0.13904 0.73605 0.01847 0.10644 ( 2)
 577 L   0.84308 0.04270 0.10804 0.00617 ( 1)
 578 L   0.84449 0.04131 0.10822 0.00597 ( 1)
 579 V   0.58824 0.29388 0.07538 0.04250 ( 1)
 580 V   0.58739 0.29472 0.07528 0.04262 ( 1)
 581 V   0.59917 0.28608 0.07339 0.04137 ( 1)
 582 V   0.10151 0.66799 0.13390 0.09659 ( 2)
 583 G   0.87262 0.01850 0.10620 0.00267 ( 1)
 584 T   0.53915 0.34129 0.07022 0.04935 ( 1)
 585 V   0.55581 0.32519 0.07198 0.04702 ( 1)
 586 G   0.87975 0.01138 0.10722 0.00165 ( 1)
 587 L   0.84460 0.04121 0.10824 0.00596 ( 1)
 588 F   0.84624 0.03974 0.10828 0.00575 ( 1)
 589 A   0.89152 0.00686 0.10063 0.00099 ( 1)
 590 W   0.84700 0.03910 0.10825 0.00565 ( 1)
 591 H   0.88729 0.00895 0.10246 0.00129 ( 1)
 592 Q   0.30232 0.57259 0.04228 0.08280 ( 2)
 593 D   0.89101 0.00692 0.10107 0.00100 ( 1)
 594 T   0.88897 0.00832 0.10150 0.00120 ( 1)
 595 P   0.83044 0.05339 0.10846 0.00772 ( 1)
 596 V   0.87917 0.01416 0.10462 0.00205 ( 1)
 597 V   0.87863 0.01469 0.10456 0.00212 ( 1)
 598 R   0.87212 0.01905 0.10607 0.00275 ( 1)
 599 S   0.75438 0.12309 0.10473 0.01780 ( 1)
 600 A   0.81531 0.06812 0.10672 0.00985 ( 1)
 601 G   0.87173 0.01937 0.10609 0.00280 ( 1)
 602 G   0.88661 0.00937 0.10266 0.00135 ( 1)
 603 W   0.00259 0.87112 0.00032 0.12597 ( 2)
 604 L   0.84460 0.04121 0.10824 0.00596 ( 1)
 605 C   0.88183 0.01168 0.10480 0.00169 ( 1)
 606 F   0.88129 0.01504 0.10149 0.00217 ( 1)
 607 L   0.87596 0.01861 0.10274 0.00269 ( 1)
 608 M   0.89123 0.00677 0.10103 0.00098 ( 1)
 609 L   0.84197 0.04380 0.10790 0.00633 ( 1)
 610 G   0.88556 0.01039 0.10254 0.00150 ( 1)
 611 S   0.88520 0.01043 0.10286 0.00151 ( 1)
 612 L   0.84460 0.04121 0.10824 0.00596 ( 1)
 613 A   0.78795 0.09087 0.10804 0.01314 ( 1)
 614 G   0.00740 0.86631 0.00101 0.12527 ( 2)
 615 A   0.50078 0.37882 0.06562 0.05478 ( 1)
 616 S   0.88318 0.01112 0.10409 0.00161 ( 1)
 617 C   0.00572 0.86808 0.00067 0.12553 ( 2)
 618 S   0.88779 0.00863 0.10233 0.00125 ( 1)
 619 L   0.81492 0.08024 0.09324 0.01160 ( 1)
 620 Y   0.81861 0.06386 0.10829 0.00923 ( 1)
 621 G   0.88636 0.00962 0.10263 0.00139 ( 1)
 622 F   0.89246 0.00632 0.10030 0.00091 ( 1)
 623 F   0.84624 0.03974 0.10828 0.00575 ( 1)
 624 G   0.86865 0.02239 0.10572 0.00324 ( 1)
 625 E   0.86750 0.02321 0.10594 0.00336 ( 1)
 626 P   0.88694 0.00970 0.10195 0.00140 ( 1)
 627 T   0.45404 0.42577 0.05862 0.06157 ( 1)
 628 L   0.11447 0.76096 0.01453 0.11004 ( 2)
 629 P   0.64644 0.24219 0.07635 0.03502 ( 1)
 630 A   0.27199 0.30169 0.38270 0.04363 ( 3)
 631 C   0.88129 0.01318 0.10363 0.00191 ( 1)
 632 L   0.83355 0.05201 0.10692 0.00752 ( 1)
 633 L   0.84436 0.04144 0.10821 0.00599 ( 1)
 634 R   0.88249 0.01191 0.10388 0.00172 ( 1)
 635 Q   0.85349 0.03421 0.10735 0.00495 ( 1)
 636 A   0.81248 0.08373 0.09169 0.01211 ( 1)
 637 I   0.80642 0.08852 0.09226 0.01280 ( 1)
 638 F   0.84624 0.03974 0.10828 0.00575 ( 1)
 639 A   0.89086 0.00752 0.10053 0.00109 ( 1)
 640 L   0.83916 0.04502 0.10932 0.00651 ( 1)
 641 G   0.82927 0.05423 0.10866 0.00784 ( 1)
 642 F   0.87667 0.01214 0.10944 0.00176 ( 1)
 643 T   0.80185 0.09385 0.09072 0.01357 ( 1)
 644 I   0.45388 0.02578 0.51661 0.00373 ( 3)
 645 F   0.89261 0.00620 0.10029 0.00090 ( 1)
 646 L   0.84438 0.04143 0.10821 0.00599 ( 1)
 647 S   0.88576 0.00988 0.10293 0.00143 ( 1)
 648 C   0.88294 0.01157 0.10382 0.00167 ( 1)
 649 L   0.58819 0.29393 0.07538 0.04250 ( 1)
 650 T   0.77274 0.10572 0.10625 0.01529 ( 1)
 651 V   0.83851 0.04638 0.10841 0.00671 ( 1)
 652 R   0.88216 0.01224 0.10384 0.00177 ( 1)
 653 S   0.87828 0.01416 0.10552 0.00205 ( 1)
 654 F   0.89284 0.00598 0.10032 0.00087 ( 1)
 655 Q   0.78448 0.09470 0.10713 0.01369 ( 1)
 656 L   0.80988 0.07393 0.10551 0.01069 ( 1)
 657 V   0.82182 0.07506 0.09226 0.01085 ( 1)
 658 I   0.89523 0.00490 0.09917 0.00071 ( 1)
 659 I   0.89458 0.00552 0.09910 0.00080 ( 1)
 660 F   0.89284 0.00598 0.10032 0.00087 ( 1)
 661 K   0.87473 0.01716 0.10563 0.00248 ( 1)
 662 F   0.84624 0.03974 0.10828 0.00575 ( 1)
 663 S   0.88516 0.01047 0.10286 0.00151 ( 1)
 664 T   0.31354 0.28021 0.36573 0.04052 ( 3)
 665 K   0.87339 0.01847 0.10547 0.00267 ( 1)
 666 V   0.06888 0.80490 0.00983 0.11639 ( 2)
 667 P   0.87356 0.02059 0.10287 0.00298 ( 1)
 668 T   0.10140 0.77067 0.01649 0.11144 ( 2)
 669 F   0.89284 0.00598 0.10032 0.00087 ( 1)
 670 Y   0.06518 0.10059 0.81968 0.01455 ( 3)
 671 H   0.13308 0.74224 0.01735 0.10733 ( 2)
 672 T   0.48977 0.39748 0.05527 0.05748 ( 1)
 673 W   0.84700 0.03910 0.10825 0.00565 ( 1)
 674 V   0.89123 0.00737 0.10033 0.00107 ( 1)
 675 Q   0.78032 0.09883 0.10656 0.01429 ( 1)
 676 N   0.88902 0.00795 0.10188 0.00115 ( 1)
 677 H   0.88315 0.01261 0.10241 0.00182 ( 1)
 678 G   0.82756 0.05592 0.10843 0.00809 ( 1)
 679 A   0.84752 0.03733 0.10976 0.00540 ( 1)
 680 A   0.04782 0.82705 0.00554 0.11959 ( 2)
 681 L   0.84460 0.04121 0.10824 0.00596 ( 1)
 682 F   0.84624 0.03974 0.10828 0.00575 ( 1)
 683 I   0.57041 0.31601 0.06788 0.04570 ( 1)
 684 M   0.23267 0.41015 0.29786 0.05931 ( 2)
 685 I   0.89486 0.00522 0.09916 0.00076 ( 1)
 686 S   0.81271 0.08178 0.09368 0.01183 ( 1)
 687 S   0.75438 0.12309 0.10473 0.01780 ( 1)
 688 M   0.00448 0.86930 0.00051 0.12570 ( 2)
 689 A   0.05429 0.82083 0.00618 0.11870 ( 2)
 690 Q   0.85664 0.03111 0.10774 0.00450 ( 1)
 691 L   0.84151 0.04425 0.10784 0.00640 ( 1)
 692 L   0.83633 0.04781 0.10895 0.00691 ( 1)
 693 I   0.89523 0.00490 0.09917 0.00071 ( 1)
 694 C   0.82680 0.05651 0.10851 0.00817 ( 1)
 695 L   0.75236 0.12442 0.10523 0.01799 ( 1)
 696 T   0.84223 0.04254 0.10909 0.00615 ( 1)
 697 W   0.84700 0.03910 0.10825 0.00565 ( 1)
 698 L   0.83742 0.04704 0.10874 0.00680 ( 1)
 699 A   0.27259 0.60712 0.03249 0.08779 ( 2)
 700 V   0.76474 0.12603 0.09100 0.01822 ( 1)
 701 W   0.84700 0.03910 0.10825 0.00565 ( 1)
 702 T   0.88765 0.00961 0.10135 0.00139 ( 1)
 703 P   0.76793 0.11038 0.10573 0.01596 ( 1)
 704 L   0.84460 0.04121 0.10824 0.00596 ( 1)
 705 P   0.88686 0.00979 0.10194 0.00142 ( 1)
 706 T   0.73066 0.16059 0.08553 0.02322 ( 1)
 707 R   0.84427 0.03771 0.11256 0.00545 ( 1)
 708 E   0.80211 0.07877 0.10773 0.01139 ( 1)
 709 Y   0.87970 0.01424 0.10400 0.00206 ( 1)
 710 Q   0.15681 0.63201 0.11978 0.09139 ( 2)
 711 R   0.88253 0.01187 0.10388 0.00172 ( 1)
 712 F   0.89210 0.00670 0.10023 0.00097 ( 1)
 713 P   0.88694 0.00970 0.10195 0.00140 ( 1)
 714 Q   0.61707 0.26636 0.07805 0.03852 ( 1)
 715 L   0.84460 0.04121 0.10824 0.00596 ( 1)
 716 V   0.87676 0.01651 0.10434 0.00239 ( 1)
 717 V   0.44169 0.44404 0.05007 0.06421 ( 2)
 718 L   0.83249 0.05160 0.10845 0.00746 ( 1)
 719 E   0.74326 0.14674 0.08879 0.02122 ( 1)
 720 C   0.88294 0.01157 0.10382 0.00167 ( 1)
 721 T   0.77024 0.10821 0.10590 0.01565 ( 1)
 722 E   0.87826 0.01470 0.10491 0.00213 ( 1)
 723 T   0.00047 0.87297 0.00033 0.12623 ( 2)
 724 N   0.77309 0.11416 0.09624 0.01651 ( 1)
 725 S   0.85193 0.02943 0.11438 0.00426 ( 1)
 726 L   0.84460 0.04121 0.10824 0.00596 ( 1)
 727 G   0.88661 0.00937 0.10266 0.00135 ( 1)
 728 F   0.89284 0.00598 0.10032 0.00087 ( 1)
 729 M   0.23830 0.64003 0.02912 0.09255 ( 2)
 730 L   0.84437 0.04143 0.10821 0.00599 ( 1)
 731 A   0.89196 0.00645 0.10066 0.00093 ( 1)
 732 F   0.88810 0.00914 0.10145 0.00132 ( 1)
 733 G   0.00059 0.87308 0.00007 0.12625 ( 2)
 734 Y   0.88140 0.01259 0.10420 0.00182 ( 1)
 735 N   0.83873 0.04615 0.10844 0.00667 ( 1)
 736 G   0.79452 0.09914 0.09200 0.01434 ( 1)
 737 L   0.88763 0.00945 0.10155 0.00137 ( 1)
 738 L   0.88832 0.00877 0.10163 0.00127 ( 1)
 739 S   0.87514 0.01579 0.10679 0.00228 ( 1)
 740 V   0.07301 0.80272 0.00820 0.11608 ( 2)
 741 S   0.87718 0.01697 0.10340 0.00245 ( 1)
 742 A   0.89115 0.00724 0.10057 0.00105 ( 1)
 743 F   0.84624 0.03974 0.10828 0.00575 ( 1)
 744 A   0.89041 0.00796 0.10048 0.00115 ( 1)
 745 C   0.88176 0.01272 0.10368 0.00184 ( 1)
 746 S   0.81223 0.08225 0.09362 0.01189 ( 1)
 747 Y   0.88140 0.01259 0.10420 0.00182 ( 1)
 748 L   0.58834 0.29378 0.07540 0.04248 ( 1)
 749 G   0.88441 0.00963 0.10458 0.00139 ( 1)
 750 K   0.87339 0.01847 0.10547 0.00267 ( 1)
 751 D   0.89101 0.00692 0.10107 0.00100 ( 1)
 752 L   0.84341 0.04236 0.10811 0.00613 ( 1)
 753 P   0.76793 0.11038 0.10573 0.01596 ( 1)
 754 E   0.87826 0.01470 0.10491 0.00213 ( 1)
 755 N   0.88902 0.00795 0.10188 0.00115 ( 1)
 756 Y   0.85447 0.03047 0.11066 0.00441 ( 1)
 757 N   0.81066 0.08426 0.09289 0.01218 ( 1)
 758 E   0.87826 0.01470 0.10491 0.00213 ( 1)
 759 A   0.89152 0.00686 0.10063 0.00099 ( 1)
 760 K   0.79295 0.08716 0.10729 0.01260 ( 1)
 761 C   0.82624 0.05707 0.10844 0.00825 ( 1)
 762 V   0.89225 0.00638 0.10044 0.00092 ( 1)
 763 T   0.88762 0.00964 0.10135 0.00139 ( 1)
 764 F   0.88995 0.00876 0.10002 0.00127 ( 1)
 765 G   0.28171 0.31670 0.35580 0.04580 ( 3)
 766 L   0.84443 0.04137 0.10822 0.00598 ( 1)
 767 L   0.88912 0.00800 0.10173 0.00116 ( 1)
 768 L   0.81671 0.07876 0.09315 0.01139 ( 1)
 769 N   0.79572 0.09881 0.09118 0.01429 ( 1)
 770 F   0.89210 0.00670 0.10023 0.00097 ( 1)
 771 V   0.33267 0.54844 0.03959 0.07931 ( 2)
 772 S   0.88590 0.00975 0.10294 0.00141 ( 1)
 773 W   0.84700 0.03910 0.10825 0.00565 ( 1)
 774 I   0.89523 0.00490 0.09917 0.00071 ( 1)
 775 A   0.47428 0.41253 0.05354 0.05965 ( 1)
 776 F   0.83570 0.06151 0.09390 0.00889 ( 1)
 777 F   0.89244 0.00635 0.10029 0.00092 ( 1)
 778 T   0.88752 0.00771 0.10366 0.00112 ( 1)
 779 V   0.03210 0.84227 0.00383 0.12180 ( 2)
 780 A   0.89121 0.00718 0.10057 0.00104 ( 1)
 781 S   0.80421 0.09007 0.09270 0.01302 ( 1)
 782 V   0.83488 0.06215 0.09399 0.00899 ( 1)
 783 Y   0.76646 0.12114 0.09488 0.01752 ( 1)
 784 Q   0.28311 0.59582 0.03492 0.08616 ( 2)
 785 G   0.80250 0.09133 0.09296 0.01321 ( 1)
 786 K   0.87473 0.01716 0.10563 0.00248 ( 1)
 787 Y   0.87946 0.01448 0.10397 0.00209 ( 1)
 788 L   0.58815 0.29397 0.07537 0.04251 ( 1)
 789 P   0.80431 0.08821 0.09473 0.01276 ( 1)
 790 A   0.72112 0.16601 0.08886 0.02401 ( 1)
 791 V   0.81156 0.08248 0.09403 0.01193 ( 1)
 792 N   0.87228 0.01528 0.11024 0.00221 ( 1)
 793 V   0.25785 0.38300 0.30377 0.05538 ( 2)
 794 L   0.62926 0.25505 0.07881 0.03688 ( 1)
 795 A   0.87868 0.01707 0.10179 0.00247 ( 1)
 796 V   0.00198 0.87172 0.00025 0.12605 ( 2)
 797 L   0.62362 0.25647 0.08282 0.03709 ( 1)
 798 S   0.88779 0.00863 0.10233 0.00125 ( 1)
 799 S   0.88779 0.00863 0.10233 0.00125 ( 1)
 800 L   0.84453 0.04127 0.10823 0.00597 ( 1)
 801 S   0.43548 0.04370 0.51451 0.00632 ( 3)
 802 S   0.88562 0.01075 0.10208 0.00155 ( 1)
 803 G   0.88661 0.00937 0.10266 0.00135 ( 1)
 804 F   0.89284 0.00598 0.10032 0.00087 ( 1)
 805 S   0.72819 0.15669 0.09246 0.02266 ( 1)
 806 G   0.87891 0.01603 0.10274 0.00232 ( 1)
 807 Y   0.81861 0.06386 0.10829 0.00923 ( 1)
 808 F   0.88129 0.01504 0.10149 0.00217 ( 1)
 809 L   0.87740 0.01750 0.10258 0.00253 ( 1)
 810 P   0.88504 0.00939 0.10421 0.00136 ( 1)
 811 K   0.87290 0.01895 0.10541 0.00274 ( 1)
 812 C   0.88294 0.01157 0.10382 0.00167 ( 1)
 813 Y   0.84289 0.04189 0.10917 0.00606 ( 1)
 814 V   0.87486 0.01838 0.10411 0.00266 ( 1)
 815 I   0.89523 0.00490 0.09917 0.00071 ( 1)
 816 V   0.80170 0.09308 0.09176 0.01346 ( 1)
 817 C   0.78643 0.10579 0.09247 0.01530 ( 1)
 818 R   0.87968 0.01466 0.10354 0.00212 ( 1)
 819 P   0.26304 0.31839 0.37252 0.04604 ( 3)
 820 D   0.87556 0.01739 0.10453 0.00251 ( 1)
 821 L   0.88363 0.01315 0.10132 0.00190 ( 1)
 822 N   0.88812 0.00883 0.10177 0.00128 ( 1)
 823 S   0.81272 0.08176 0.09370 0.01182 ( 1)
 824 T   0.78374 0.09479 0.10776 0.01371 ( 1)
 825 E   0.87826 0.01470 0.10491 0.00213 ( 1)
 826 H   0.88729 0.00895 0.10246 0.00129 ( 1)
 827 F   0.89183 0.00696 0.10020 0.00101 ( 1)
 828 Q   0.85664 0.03111 0.10774 0.00450 ( 1)
 829 A   0.89187 0.00653 0.10065 0.00094 ( 1)
 830 S   0.88590 0.00975 0.10294 0.00141 ( 1)
 831 I   0.88434 0.01317 0.10059 0.00190 ( 1)
 832 Q   0.85664 0.03111 0.10774 0.00450 ( 1)
 833 D   0.82805 0.06816 0.09393 0.00986 ( 1)
 834 Y   0.88140 0.01259 0.10420 0.00182 ( 1)
 835 T   0.87375 0.01839 0.10520 0.00266 ( 1)
 836 R   0.87212 0.01905 0.10607 0.00275 ( 1)
 837 R   0.78449 0.10761 0.09234 0.01556 ( 1)
 838 W   0.01396 0.86000 0.00168 0.12436 ( 2)
 839 G   0.04264 0.83209 0.00494 0.12032 ( 2)
 840 S   0.42341 0.06903 0.49758 0.00998 ( 3)
 841 T   0.88573 0.01148 0.10113 0.00166 ( 1)


lnL = -10653.177984

