Supplemental results for CODEML (seqf: Human_TAS1R3_orthologues_DNA_aligned.txt  treef: TAS1R3_revised_tree_following_error_message.txt)


MLEs of dN/dS (w) for site classes (K=4)

site class             0        1       2a       2b
proportion       0.83322  0.15704  0.00820  0.00154
background w     0.10129  1.00000  0.10129  1.00000
foreground w     0.10129  1.00000 16.83461 16.83461

Naive Empirical Bayes (NEB) probabilities for 4 classes
(amino acids refer to 1st sequence: 1.Bushbaby)

   1 -   0.84444 0.14582 0.00831 0.00143 ( 1)
   2 -   0.84159 0.14867 0.00828 0.00146 ( 1)
   3 -   0.84470 0.14556 0.00831 0.00143 ( 1)
   4 -   0.84403 0.14623 0.00830 0.00144 ( 1)
   5 -   0.84180 0.14846 0.00828 0.00146 ( 1)
   6 -   0.83466 0.15560 0.00821 0.00153 ( 1)
   7 -   0.84490 0.14536 0.00831 0.00143 ( 1)
   8 -   0.84358 0.14668 0.00830 0.00144 ( 1)
   9 -   0.83785 0.15241 0.00824 0.00150 ( 1)
  10 -   0.36116 0.62910 0.00355 0.00619 ( 2)
  11 -   0.84302 0.14724 0.00829 0.00145 ( 1)
  12 -   0.84012 0.15014 0.00826 0.00148 ( 1)
  13 -   0.84012 0.15014 0.00826 0.00148 ( 1)
  14 -   0.83530 0.15496 0.00822 0.00152 ( 1)
  15 -   0.84357 0.14669 0.00830 0.00144 ( 1)
  16 -   0.84490 0.14536 0.00831 0.00143 ( 1)
  17 -   0.83489 0.15537 0.00821 0.00153 ( 1)
  18 -   0.84490 0.14536 0.00831 0.00143 ( 1)
  19 M   0.99942 0.00017 0.00041 0.00000 ( 1)
  20 P   0.89808 0.09968 0.00198 0.00026 ( 1)
  21 G   0.10736 0.89047 0.00019 0.00198 ( 2)
  22 P   0.27380 0.72218 0.00108 0.00294 ( 2)
  23 A   0.65515 0.34330 0.00095 0.00061 ( 1)
  24 V   0.99869 0.00033 0.00098 0.00000 ( 1)
  25 L   0.99511 0.00365 0.00123 0.00001 ( 1)
  26 G   0.99888 0.00045 0.00068 0.00000 ( 1)
  27 F   0.92920 0.05982 0.01079 0.00019 ( 1)
  28 S   0.99935 0.00032 0.00033 0.00000 ( 1)
  29 L   0.99865 0.00037 0.00098 0.00000 ( 1)
  30 A   0.70469 0.29265 0.00158 0.00107 ( 1)
  31 T   0.19160 0.76877 0.02673 0.01290 ( 2)
  32 L   0.69434 0.30424 0.00068 0.00074 ( 1)
  33 L   0.99383 0.00531 0.00085 0.00001 ( 1)
  34 G   0.08119 0.91386 0.00131 0.00363 ( 2)
  35 F   0.00208 0.94793 0.00120 0.04879 ( 2)
  36 G   0.89036 0.10887 0.00059 0.00018 ( 1)
  37 T   0.33392 0.66460 0.00045 0.00103 ( 2)
  38 G   0.99853 0.00083 0.00064 0.00000 ( 1)
  39 A   0.97327 0.02599 0.00068 0.00005 ( 1)
  40 P   0.96195 0.03605 0.00191 0.00010 ( 1)
  41 L   0.93868 0.06013 0.00108 0.00011 ( 1)
  42 C   0.99931 0.00038 0.00031 0.00000 ( 1)
  43 L   0.99541 0.00335 0.00123 0.00001 ( 1)
  44 S   0.92982 0.06836 0.00168 0.00014 ( 1)
  45 Q   0.63344 0.36509 0.00093 0.00054 ( 1)
  46 Q   0.98543 0.01402 0.00054 0.00002 ( 1)
  47 L   0.99102 0.00799 0.00098 0.00002 ( 1)
  48 R   0.85849 0.12118 0.01976 0.00057 ( 1)
  49 M   0.99942 0.00017 0.00041 0.00000 ( 1)
  50 P   0.02716 0.95198 0.00357 0.01730 ( 2)
  51 G   0.99853 0.00083 0.00064 0.00000 ( 1)
  52 N   0.98736 0.00288 0.00975 0.00001 ( 1)
  53 Y   0.99757 0.00170 0.00073 0.00000 ( 1)
  54 V   0.10364 0.89404 0.00012 0.00220 ( 2)
  55 L   0.99250 0.00426 0.00322 0.00002 ( 1)
  56 G   0.99644 0.00223 0.00132 0.00000 ( 1)
  57 G   0.99853 0.00083 0.00064 0.00000 ( 1)
  58 L   0.99724 0.00167 0.00109 0.00000 ( 1)
  59 F   0.99944 0.00012 0.00043 0.00000 ( 1)
  60 P   0.99725 0.00022 0.00253 0.00000 ( 1)
  61 L   0.97884 0.01987 0.00125 0.00004 ( 1)
  62 G   0.96778 0.02872 0.00333 0.00017 ( 1)
  63 A   0.70424 0.28907 0.00460 0.00209 ( 1)
  64 A   0.99880 0.00028 0.00092 0.00000 ( 1)
  65 E   0.92983 0.06961 0.00047 0.00009 ( 1)
  66 E   0.99354 0.00595 0.00050 0.00001 ( 1)
  67 A   0.93496 0.06425 0.00068 0.00012 ( 1)
  68 G   0.91111 0.08660 0.00206 0.00023 ( 1)
  69 L   0.96155 0.03742 0.00094 0.00009 ( 1)
  70 R   0.86183 0.13732 0.00064 0.00021 ( 1)
  71 T   0.80524 0.06075 0.13284 0.00116 ( 1)
  72 R   0.99814 0.00138 0.00048 0.00000 ( 1)
  73 T   0.67134 0.32527 0.00162 0.00176 ( 1)
  74 Q   0.86194 0.13725 0.00064 0.00017 ( 1)
  75 P   0.99909 0.00021 0.00070 0.00000 ( 1)
  76 S   0.94130 0.05835 0.00031 0.00005 ( 1)
  77 S   0.99648 0.00319 0.00032 0.00000 ( 1)
  78 P   0.95983 0.03877 0.00133 0.00007 ( 1)
  79 V   0.99245 0.00659 0.00095 0.00001 ( 1)
  80 C   0.99931 0.00038 0.00031 0.00000 ( 1)
  81 N   0.90264 0.03937 0.05751 0.00048 ( 1)
  82 -   0.83322 0.15704 0.00820 0.00154 ( 1)
  83 -   0.83322 0.15704 0.00820 0.00154 ( 1)
  84 -   0.83322 0.15704 0.00820 0.00154 ( 1)
  85 -   0.83322 0.15704 0.00820 0.00154 ( 1)
  86 -   0.83322 0.15704 0.00820 0.00154 ( 1)
  87 -   0.83322 0.15704 0.00820 0.00154 ( 1)
  88 -   0.83322 0.15704 0.00820 0.00154 ( 1)
  89 -   0.83322 0.15704 0.00820 0.00154 ( 1)
  90 -   0.83322 0.15704 0.00820 0.00154 ( 1)
  91 -   0.83322 0.15704 0.00820 0.00154 ( 1)
  92 R   0.99873 0.00094 0.00033 0.00000 ( 1)
  93 F   0.99913 0.00020 0.00067 0.00000 ( 1)
  94 S   0.99531 0.00288 0.00180 0.00001 ( 1)
  95 P   0.51167 0.47379 0.01119 0.00336 ( 1)
  96 L   0.18920 0.80633 0.00051 0.00396 ( 2)
  97 G   0.99886 0.00046 0.00068 0.00000 ( 1)
  98 L   0.99541 0.00335 0.00123 0.00001 ( 1)
  99 L   0.99859 0.00043 0.00098 0.00000 ( 1)
 100 W   0.99728 0.00244 0.00027 0.00000 ( 1)
 101 A   0.99226 0.00693 0.00080 0.00001 ( 1)
 102 L   0.99541 0.00335 0.00123 0.00001 ( 1)
 103 A   0.93751 0.05966 0.00259 0.00024 ( 1)
 104 M   0.99573 0.00321 0.00105 0.00001 ( 1)
 105 K   0.98617 0.01355 0.00027 0.00001 ( 1)
 106 M   0.99942 0.00017 0.00041 0.00000 ( 1)
 107 A   0.99875 0.00054 0.00070 0.00000 ( 1)
 108 V   0.99666 0.00072 0.00261 0.00000 ( 1)
 109 E   0.99897 0.00053 0.00050 0.00000 ( 1)
 110 E   0.99891 0.00058 0.00050 0.00000 ( 1)
 111 I   0.99942 0.00012 0.00046 0.00000 ( 1)
 112 N   0.99934 0.00037 0.00029 0.00000 ( 1)
 113 N   0.99883 0.00056 0.00061 0.00000 ( 1)
 114 G   0.04283 0.95534 0.00004 0.00178 ( 2)
 115 S   0.98492 0.01467 0.00039 0.00002 ( 1)
 116 T   0.60046 0.39814 0.00056 0.00083 ( 1)
 117 L   0.99541 0.00335 0.00123 0.00001 ( 1)
 118 L   0.99541 0.00335 0.00123 0.00001 ( 1)
 119 P   0.99869 0.00061 0.00070 0.00000 ( 1)
 120 G   0.99859 0.00076 0.00064 0.00000 ( 1)
 121 L   0.99541 0.00335 0.00123 0.00001 ( 1)
 122 Q   0.47267 0.46781 0.05337 0.00616 ( 1)
 123 L   0.99103 0.00773 0.00123 0.00002 ( 1)
 124 G   0.99888 0.00045 0.00068 0.00000 ( 1)
 125 Y   0.99109 0.00829 0.00061 0.00001 ( 1)
 126 D   0.99879 0.00066 0.00055 0.00000 ( 1)
 127 L   0.99865 0.00037 0.00098 0.00000 ( 1)
 128 F   0.99393 0.00547 0.00060 0.00000 ( 1)
 129 D   0.99753 0.00190 0.00056 0.00000 ( 1)
 130 T   0.99691 0.00055 0.00253 0.00000 ( 1)
 131 C   0.99931 0.00038 0.00031 0.00000 ( 1)
 132 S   0.99562 0.00301 0.00136 0.00001 ( 1)
 133 E   0.99897 0.00053 0.00050 0.00000 ( 1)
 134 P   0.65328 0.34531 0.00078 0.00062 ( 1)
 135 V   0.93798 0.06100 0.00089 0.00013 ( 1)
 136 V   0.99851 0.00054 0.00096 0.00000 ( 1)
 137 A   0.99673 0.00256 0.00071 0.00001 ( 1)
 138 M   0.99942 0.00017 0.00041 0.00000 ( 1)
 139 K   0.99879 0.00093 0.00027 0.00000 ( 1)
 140 P   0.99909 0.00021 0.00070 0.00000 ( 1)
 141 S   0.99864 0.00103 0.00033 0.00000 ( 1)
 142 L   0.99749 0.00073 0.00178 0.00000 ( 1)
 143 M   0.99789 0.00169 0.00041 0.00000 ( 1)
 144 F   0.99913 0.00020 0.00067 0.00000 ( 1)
 145 L   0.99541 0.00335 0.00123 0.00001 ( 1)
 146 A   0.99716 0.00020 0.00264 0.00000 ( 1)
 147 K   0.91180 0.08790 0.00025 0.00006 ( 1)
 148 A   0.00110 0.99009 0.00001 0.00881 ( 2)
 149 G   0.62943 0.36921 0.00065 0.00072 ( 1)
 150 S   0.99935 0.00032 0.00033 0.00000 ( 1)
 151 C   0.14037 0.85827 0.00021 0.00115 ( 2)
 152 S   0.24619 0.69420 0.05579 0.00383 ( 2)
 153 I   0.99554 0.00381 0.00065 0.00000 ( 1)
 154 A   0.99848 0.00051 0.00100 0.00000 ( 1)
 155 A   0.99911 0.00019 0.00070 0.00000 ( 1)
 156 Y   0.99911 0.00060 0.00029 0.00000 ( 1)
 157 C   0.99882 0.00057 0.00060 0.00000 ( 1)
 158 D   0.99511 0.00406 0.00083 0.00001 ( 1)
 159 Y   0.99856 0.00083 0.00062 0.00000 ( 1)
 160 A   0.96454 0.01382 0.02156 0.00008 ( 1)
 161 R   0.78289 0.21567 0.00090 0.00054 ( 1)
 162 Y   0.99917 0.00055 0.00029 0.00000 ( 1)
 163 Q   0.97740 0.02132 0.00124 0.00004 ( 1)
 164 P   0.99698 0.00114 0.00187 0.00000 ( 1)
 165 R   0.99132 0.00734 0.00132 0.00001 ( 1)
 166 V   0.99845 0.00060 0.00095 0.00000 ( 1)
 167 L   0.99486 0.00390 0.00123 0.00001 ( 1)
 168 A   0.99026 0.00830 0.00143 0.00001 ( 1)
 169 V   0.99869 0.00033 0.00098 0.00000 ( 1)
 170 I   0.99942 0.00012 0.00046 0.00000 ( 1)
 171 G   0.99845 0.00090 0.00065 0.00000 ( 1)
 172 P   0.99909 0.00021 0.00070 0.00000 ( 1)
 173 H   0.99917 0.00027 0.00055 0.00000 ( 1)
 174 S   0.99793 0.00122 0.00084 0.00000 ( 1)
 175 S   0.98680 0.01282 0.00037 0.00001 ( 1)
 176 E   0.99897 0.00053 0.00050 0.00000 ( 1)
 177 L   0.99838 0.00050 0.00111 0.00000 ( 1)
 178 A   0.99911 0.00019 0.00070 0.00000 ( 1)
 179 L   0.76936 0.22671 0.00242 0.00152 ( 1)
 180 I   0.98566 0.00288 0.01144 0.00001 ( 1)
 181 T   0.99917 0.00048 0.00035 0.00000 ( 1)
 182 G   0.99604 0.00065 0.00330 0.00000 ( 1)
 183 K   0.99879 0.00093 0.00027 0.00000 ( 1)
 184 F   0.99944 0.00012 0.00043 0.00000 ( 1)
 185 F   0.99909 0.00024 0.00067 0.00000 ( 1)
 186 G   0.88169 0.11531 0.00273 0.00028 ( 1)
 187 F   0.99944 0.00012 0.00043 0.00000 ( 1)
 188 F   0.99944 0.00012 0.00043 0.00000 ( 1)
 189 L   0.99865 0.00037 0.00098 0.00000 ( 1)
 190 M   0.99784 0.00175 0.00041 0.00000 ( 1)
 191 P   0.99865 0.00041 0.00094 0.00000 ( 1)
 192 Q   0.99798 0.00152 0.00050 0.00000 ( 1)
 193 V   0.99869 0.00033 0.00098 0.00000 ( 1)
 194 S   0.99935 0.00032 0.00033 0.00000 ( 1)
 195 Y   0.97917 0.01987 0.00093 0.00002 ( 1)
 196 G   0.99291 0.00574 0.00133 0.00001 ( 1)
 197 A   0.99298 0.00628 0.00072 0.00001 ( 1)
 198 S   0.99652 0.00316 0.00032 0.00000 ( 1)
 199 M   0.99942 0.00017 0.00041 0.00000 ( 1)
 200 D   0.99348 0.00579 0.00073 0.00001 ( 1)
 201 G   0.66146 0.26593 0.06741 0.00521 ( 1)
 202 L   0.99746 0.00145 0.00109 0.00000 ( 1)
 203 S   0.99902 0.00065 0.00033 0.00000 ( 1)
 204 I   0.95861 0.03050 0.01080 0.00010 ( 1)
 205 R   0.99810 0.00122 0.00068 0.00000 ( 1)
 206 E   0.99897 0.00053 0.00050 0.00000 ( 1)
 207 T   0.99937 0.00027 0.00036 0.00000 ( 1)
 208 F   0.99944 0.00012 0.00043 0.00000 ( 1)
 209 P   0.99909 0.00021 0.00070 0.00000 ( 1)
 210 S   0.99935 0.00031 0.00034 0.00000 ( 1)
 211 F   0.99944 0.00012 0.00043 0.00000 ( 1)
 212 F   0.99944 0.00012 0.00043 0.00000 ( 1)
 213 R   0.99883 0.00049 0.00068 0.00000 ( 1)
 214 T   0.99028 0.00847 0.00123 0.00001 ( 1)
 215 V   0.99844 0.00061 0.00095 0.00000 ( 1)
 216 P   0.99909 0.00021 0.00070 0.00000 ( 1)
 217 S   0.99728 0.00210 0.00062 0.00000 ( 1)
 218 D   0.99921 0.00025 0.00055 0.00000 ( 1)
 219 R   0.99326 0.00604 0.00069 0.00001 ( 1)
 220 T   0.30628 0.02947 0.66330 0.00095 ( 3)
 221 Q   0.99798 0.00152 0.00050 0.00000 ( 1)
 222 L   0.99541 0.00335 0.00123 0.00001 ( 1)
 223 L   0.00050 0.96855 0.00099 0.02996 ( 2)
 224 A   0.99845 0.00063 0.00092 0.00000 ( 1)
 225 V   0.05130 0.94497 0.00022 0.00350 ( 2)
 226 M   0.53874 0.45289 0.00682 0.00155 ( 1)
 227 K   0.94513 0.01464 0.04014 0.00010 ( 1)
 228 L   0.99541 0.00335 0.00123 0.00001 ( 1)
 229 L   0.99250 0.00426 0.00322 0.00002 ( 1)
 230 Q   0.97635 0.02282 0.00079 0.00003 ( 1)
 231 E   0.49502 0.50390 0.00038 0.00070 ( 2)
 232 F   0.99754 0.00202 0.00044 0.00000 ( 1)
 233 S   0.93730 0.05294 0.00964 0.00012 ( 1)
 234 W   0.99728 0.00244 0.00027 0.00000 ( 1)
 235 N   0.99934 0.00037 0.00029 0.00000 ( 1)
 236 W   0.99728 0.00244 0.00027 0.00000 ( 1)
 237 V   0.99845 0.00060 0.00095 0.00000 ( 1)
 238 A   0.99880 0.00028 0.00092 0.00000 ( 1)
 239 A   0.99877 0.00022 0.00100 0.00000 ( 1)
 240 L   0.99539 0.00337 0.00123 0.00001 ( 1)
 241 G   0.99888 0.00045 0.00068 0.00000 ( 1)
 242 S   0.99415 0.00523 0.00062 0.00000 ( 1)
 243 D   0.99865 0.00063 0.00072 0.00000 ( 1)
 244 D   0.99858 0.00071 0.00072 0.00000 ( 1)
 245 E   0.99891 0.00058 0.00050 0.00000 ( 1)
 246 Y   0.96980 0.02915 0.00101 0.00004 ( 1)
 247 G   0.99888 0.00045 0.00068 0.00000 ( 1)
 248 R   0.99481 0.00161 0.00357 0.00001 ( 1)
 249 Q   0.99774 0.00176 0.00050 0.00000 ( 1)
 250 G   0.99888 0.00045 0.00068 0.00000 ( 1)
 251 L   0.99076 0.00558 0.00363 0.00003 ( 1)
 252 S   0.99614 0.00353 0.00032 0.00000 ( 1)
 253 I   0.99838 0.00116 0.00046 0.00000 ( 1)
 254 F   0.99944 0.00012 0.00043 0.00000 ( 1)
 255 S   0.99674 0.00228 0.00098 0.00000 ( 1)
 256 S   0.13992 0.85700 0.00119 0.00190 ( 2)
 257 M   0.90332 0.03022 0.06606 0.00040 ( 1)
 258 A   0.99888 0.00041 0.00070 0.00000 ( 1)
 259 S   0.50647 0.48102 0.01030 0.00221 ( 1)
 260 T   0.37593 0.54040 0.07116 0.01251 ( 2)
 261 Q   0.82599 0.17289 0.00085 0.00027 ( 1)
 262 G   0.93681 0.06225 0.00083 0.00010 ( 1)
 263 I   0.99942 0.00012 0.00046 0.00000 ( 1)
 264 C   0.99892 0.00076 0.00031 0.00000 ( 1)
 265 I   0.99933 0.00021 0.00047 0.00000 ( 1)
 266 A   0.98037 0.01862 0.00097 0.00003 ( 1)
 267 H   0.99887 0.00040 0.00073 0.00000 ( 1)
 268 E   0.99897 0.00053 0.00050 0.00000 ( 1)
 269 G   0.99888 0.00045 0.00068 0.00000 ( 1)
 270 L   0.99470 0.00355 0.00174 0.00001 ( 1)
 271 V   0.99845 0.00059 0.00095 0.00000 ( 1)
 272 P   0.99788 0.00142 0.00070 0.00000 ( 1)
 273 L   0.99483 0.00392 0.00124 0.00001 ( 1)
 274 S   0.95905 0.03729 0.00357 0.00008 ( 1)
 275 S   0.04546 0.90202 0.01598 0.03653 ( 2)
 276 A   0.99734 0.00196 0.00070 0.00000 ( 1)
 277 N   0.48439 0.49424 0.01813 0.00323 ( 2)
 278 D   0.00096 0.99572 0.00001 0.00331 ( 2)
 279 L   0.00009 0.99671 0.00000 0.00321 ( 2)
 280 V   0.00288 0.88824 0.01988 0.08900 ( 2)
 281 M   0.22207 0.75361 0.01562 0.00871 ( 2)
 282 R   0.92664 0.00673 0.06654 0.00009 ( 1)
 283 K   0.99887 0.00086 0.00027 0.00000 ( 1)
 284 V   0.99845 0.00060 0.00095 0.00000 ( 1)
 285 Q   0.99798 0.00152 0.00050 0.00000 ( 1)
 286 A   0.64376 0.31005 0.04258 0.00362 ( 1)
 287 L   0.15574 0.82236 0.01147 0.01043 ( 2)
 288 L   0.99541 0.00335 0.00123 0.00001 ( 1)
 289 H   0.99517 0.00427 0.00055 0.00001 ( 1)
 290 Q   0.99798 0.00152 0.00050 0.00000 ( 1)
 291 I   0.94603 0.04068 0.01314 0.00015 ( 1)
 292 N   0.99934 0.00037 0.00029 0.00000 ( 1)
 293 Q   0.99785 0.00165 0.00050 0.00000 ( 1)
 294 S   0.99621 0.00347 0.00032 0.00000 ( 1)
 295 N   0.96103 0.03850 0.00043 0.00004 ( 1)
 296 V   0.95889 0.04009 0.00093 0.00009 ( 1)
 297 Q   0.99798 0.00152 0.00050 0.00000 ( 1)
 298 V   0.99845 0.00060 0.00095 0.00000 ( 1)
 299 V   0.99845 0.00060 0.00095 0.00000 ( 1)
 300 V   0.97808 0.02041 0.00145 0.00006 ( 1)
 301 L   0.99397 0.00429 0.00174 0.00001 ( 1)
 302 F   0.99908 0.00025 0.00067 0.00000 ( 1)
 303 A   0.99799 0.00026 0.00174 0.00000 ( 1)
 304 S   0.99862 0.00071 0.00067 0.00000 ( 1)
 305 A   0.95202 0.04704 0.00082 0.00012 ( 1)
 306 H   0.46505 0.53365 0.00044 0.00086 ( 2)
 307 A   0.99763 0.00106 0.00131 0.00000 ( 1)
 308 A   0.99911 0.00019 0.00070 0.00000 ( 1)
 309 H   0.49118 0.50705 0.00072 0.00105 ( 2)
 310 L   0.00015 0.73219 0.01062 0.25704 ( 2)
 311 L   0.99480 0.00419 0.00099 0.00001 ( 1)
 312 F   0.99944 0.00012 0.00043 0.00000 ( 1)
 313 S   0.12603 0.87156 0.00012 0.00229 ( 2)
 314 Y   0.98005 0.01932 0.00060 0.00002 ( 1)
 315 S   0.99639 0.00328 0.00032 0.00000 ( 1)
 316 I   0.99942 0.00012 0.00046 0.00000 ( 1)
 317 R   0.93065 0.06804 0.00116 0.00015 ( 1)
 318 F   0.01258 0.95585 0.00247 0.02909 ( 2)
 319 N   0.42644 0.54164 0.02638 0.00554 ( 2)
 320 L   0.99865 0.00037 0.00098 0.00000 ( 1)
 321 S   0.65023 0.34800 0.00107 0.00069 ( 1)
 322 P   0.97559 0.02368 0.00068 0.00004 ( 1)
 323 K   0.99887 0.00086 0.00027 0.00000 ( 1)
 324 V   0.99845 0.00060 0.00095 0.00000 ( 1)
 325 W   0.99728 0.00244 0.00027 0.00000 ( 1)
 326 V   0.99830 0.00074 0.00096 0.00000 ( 1)
 327 A   0.99911 0.00019 0.00070 0.00000 ( 1)
 328 S   0.99885 0.00053 0.00062 0.00000 ( 1)
 329 E   0.99897 0.00053 0.00050 0.00000 ( 1)
 330 A   0.99911 0.00019 0.00070 0.00000 ( 1)
 331 W   0.99728 0.00244 0.00027 0.00000 ( 1)
 332 L   0.99511 0.00365 0.00123 0.00001 ( 1)
 333 T   0.99936 0.00028 0.00036 0.00000 ( 1)
 334 S   0.94694 0.05203 0.00097 0.00006 ( 1)
 335 D   0.96028 0.03912 0.00054 0.00007 ( 1)
 336 L   0.63168 0.36429 0.00224 0.00179 ( 1)
 337 V   0.99524 0.00377 0.00098 0.00001 ( 1)
 338 M   0.99942 0.00017 0.00041 0.00000 ( 1)
 339 E   0.88317 0.09023 0.02601 0.00058 ( 1)
 340 L   0.99539 0.00337 0.00123 0.00001 ( 1)
 341 P   0.99703 0.00227 0.00070 0.00000 ( 1)
 342 G   0.99888 0.00045 0.00068 0.00000 ( 1)
 343 M   0.99792 0.00167 0.00041 0.00000 ( 1)
 344 T   0.98643 0.00193 0.01163 0.00001 ( 1)
 345 Q   0.98585 0.01364 0.00049 0.00001 ( 1)
 346 M   0.92943 0.05903 0.01136 0.00018 ( 1)
 347 G   0.99603 0.00060 0.00337 0.00000 ( 1)
 348 T   0.99894 0.00054 0.00052 0.00000 ( 1)
 349 V   0.99845 0.00060 0.00095 0.00000 ( 1)
 350 L   0.97738 0.02161 0.00098 0.00004 ( 1)
 351 G   0.99888 0.00045 0.00068 0.00000 ( 1)
 352 F   0.99875 0.00080 0.00045 0.00000 ( 1)
 353 L   0.98412 0.01461 0.00123 0.00003 ( 1)
 354 H   0.98521 0.01365 0.00112 0.00002 ( 1)
 355 Q   0.83887 0.14577 0.01480 0.00056 ( 1)
 356 G   0.82910 0.16952 0.00109 0.00029 ( 1)
 357 D   0.03924 0.93675 0.00566 0.01834 ( 2)
 358 L   0.03795 0.95766 0.00056 0.00382 ( 2)
 359 L   0.99522 0.00353 0.00124 0.00001 ( 1)
 360 P   0.96308 0.03617 0.00068 0.00008 ( 1)
 361 N   0.00875 0.97882 0.00068 0.01176 ( 2)
 362 F   0.99944 0.00012 0.00043 0.00000 ( 1)
 363 S   0.63880 0.36035 0.00042 0.00043 ( 1)
 364 Q   0.36401 0.63239 0.00089 0.00270 ( 2)
 365 Y   0.99803 0.00168 0.00029 0.00000 ( 1)
 366 V   0.99845 0.00060 0.00095 0.00000 ( 1)
 367 K   0.99075 0.00898 0.00027 0.00001 ( 1)
 368 N   0.92375 0.00647 0.06969 0.00010 ( 1)
 369 R   0.62700 0.37164 0.00064 0.00072 ( 1)
 370 L   0.96691 0.03182 0.00119 0.00007 ( 1)
 371 H   0.06926 0.38740 0.50645 0.03689 ( 3)
 372 L   0.99541 0.00335 0.00123 0.00001 ( 1)
 373 A   0.99880 0.00028 0.00092 0.00000 ( 1)
 374 A   0.99459 0.00470 0.00070 0.00001 ( 1)
 375 N   0.96221 0.02834 0.00938 0.00007 ( 1)
 376 P   0.98833 0.01001 0.00163 0.00002 ( 1)
 377 A   0.32500 0.67357 0.00024 0.00119 ( 2)
 378 F   0.99944 0.00012 0.00043 0.00000 ( 1)
 379 C   0.99683 0.00245 0.00072 0.00000 ( 1)
 380 A   0.97831 0.02096 0.00069 0.00004 ( 1)
 381 S   0.10705 0.89158 0.00009 0.00128 ( 2)
 382 L   0.99541 0.00335 0.00123 0.00001 ( 1)
 383 K   0.12102 0.68227 0.17721 0.01950 ( 2)
 384 A   0.01096 0.97455 0.00065 0.01385 ( 2)
 385 E   0.48242 0.51608 0.00055 0.00095 ( 2)
 386 Q   0.98942 0.00982 0.00074 0.00001 ( 1)
 387 P   0.93418 0.06375 0.00191 0.00016 ( 1)
 388 G   0.96358 0.03569 0.00067 0.00006 ( 1)
 389 L   0.99483 0.00392 0.00124 0.00001 ( 1)
 390 E   0.99897 0.00053 0.00050 0.00000 ( 1)
 391 E   0.99892 0.00057 0.00050 0.00000 ( 1)
 392 H   0.99462 0.00464 0.00073 0.00001 ( 1)
 393 V   0.99845 0.00060 0.00095 0.00000 ( 1)
 394 V   0.99830 0.00074 0.00096 0.00000 ( 1)
 395 G   0.99864 0.00055 0.00081 0.00000 ( 1)
 396 P   0.90628 0.09075 0.00232 0.00064 ( 1)
 397 R   0.99883 0.00049 0.00068 0.00000 ( 1)
 398 C   0.99931 0.00038 0.00031 0.00000 ( 1)
 399 P   0.99685 0.00155 0.00160 0.00000 ( 1)
 400 Q   0.99798 0.00152 0.00050 0.00000 ( 1)
 401 C   0.96330 0.03597 0.00070 0.00003 ( 1)
 402 D   0.99921 0.00025 0.00055 0.00000 ( 1)
 403 H   0.00045 0.99761 0.00000 0.00194 ( 2)
 404 I   0.98665 0.01288 0.00046 0.00002 ( 1)
 405 T   0.97971 0.01917 0.00109 0.00003 ( 1)
 406 L   0.99470 0.00355 0.00174 0.00001 ( 1)
 407 Q   0.99695 0.00255 0.00050 0.00000 ( 1)
 408 N   0.99883 0.00056 0.00061 0.00000 ( 1)
 409 V   0.99015 0.00839 0.00144 0.00002 ( 1)
 410 S   0.40882 0.58813 0.00086 0.00220 ( 2)
 411 A   0.94883 0.05021 0.00087 0.00009 ( 1)
 412 G   0.54799 0.44923 0.00143 0.00134 ( 1)
 413 L   0.97279 0.02457 0.00256 0.00008 ( 1)
 414 L   0.00000 0.96017 0.00000 0.03983 ( 2)
 415 H   0.93930 0.05905 0.00146 0.00019 ( 1)
 416 H   0.99657 0.00287 0.00055 0.00000 ( 1)
 417 R   0.84845 0.15043 0.00087 0.00025 ( 1)
 418 P   0.48008 0.43144 0.07730 0.01118 ( 1)
 419 F   0.99913 0.00020 0.00067 0.00000 ( 1)
 420 A   0.29726 0.68477 0.00896 0.00900 ( 2)
 421 A   0.99608 0.00288 0.00104 0.00001 ( 1)
 422 Y   0.99856 0.00083 0.00062 0.00000 ( 1)
 423 A   0.75802 0.24011 0.00137 0.00050 ( 1)
 424 A   0.99038 0.00884 0.00076 0.00001 ( 1)
 425 V   0.99845 0.00060 0.00095 0.00000 ( 1)
 426 Y   0.99797 0.00174 0.00029 0.00000 ( 1)
 427 S   0.99429 0.00538 0.00033 0.00000 ( 1)
 428 V   0.99845 0.00060 0.00095 0.00000 ( 1)
 429 A   0.99907 0.00023 0.00070 0.00000 ( 1)
 430 Q   0.99777 0.00173 0.00050 0.00000 ( 1)
 431 A   0.99911 0.00019 0.00070 0.00000 ( 1)
 432 L   0.99472 0.00405 0.00123 0.00001 ( 1)
 433 H   0.99917 0.00027 0.00055 0.00000 ( 1)
 434 N   0.99931 0.00040 0.00029 0.00000 ( 1)
 435 T   0.97031 0.02714 0.00240 0.00015 ( 1)
 436 L   0.99447 0.00429 0.00123 0.00001 ( 1)
 437 Q   0.03510 0.96385 0.00002 0.00104 ( 2)
 438 C   0.99931 0.00038 0.00031 0.00000 ( 1)
 439 S   0.71293 0.27938 0.00701 0.00068 ( 1)
 440 S   0.96388 0.03532 0.00073 0.00006 ( 1)
 441 S   0.99230 0.00526 0.00242 0.00003 ( 1)
 442 G   0.99888 0.00045 0.00068 0.00000 ( 1)
 443 C   0.99931 0.00038 0.00031 0.00000 ( 1)
 444 P   0.99872 0.00036 0.00093 0.00000 ( 1)
 445 A   0.00143 0.99663 0.00000 0.00194 ( 2)
 446 R   0.11299 0.88528 0.00013 0.00160 ( 2)
 447 E   0.96647 0.03285 0.00063 0.00005 ( 1)
 448 P   0.99907 0.00024 0.00070 0.00000 ( 1)
 449 V   0.99845 0.00060 0.00095 0.00000 ( 1)
 450 R   0.37605 0.61520 0.00646 0.00229 ( 2)
 451 -   0.83322 0.15704 0.00820 0.00154 ( 1)
 452 -   0.83322 0.15704 0.00820 0.00154 ( 1)
 453 -   0.83322 0.15704 0.00820 0.00154 ( 1)
 454 -   0.83322 0.15704 0.00820 0.00154 ( 1)
 455 -   0.83322 0.15704 0.00820 0.00154 ( 1)
 456 -   0.83322 0.15704 0.00820 0.00154 ( 1)
 457 P   0.99481 0.00427 0.00092 0.00001 ( 1)
 458 W   0.99728 0.00244 0.00027 0.00000 ( 1)
 459 Q   0.83572 0.16370 0.00042 0.00017 ( 1)
 460 L   0.53564 0.46278 0.00053 0.00105 ( 1)
 461 L   0.96616 0.03258 0.00119 0.00007 ( 1)
 462 E   0.08046 0.91836 0.00004 0.00114 ( 2)
 463 N   0.99097 0.00873 0.00029 0.00001 ( 1)
 464 M   0.77825 0.22117 0.00032 0.00026 ( 1)
 465 Y   0.89081 0.10886 0.00025 0.00008 ( 1)
 466 N   0.99501 0.00469 0.00029 0.00000 ( 1)
 467 M   0.99346 0.00612 0.00041 0.00001 ( 1)
 468 S   0.99568 0.00381 0.00051 0.00001 ( 1)
 469 F   0.99944 0.00012 0.00043 0.00000 ( 1)
 470 -   0.83322 0.15704 0.00820 0.00154 ( 1)
 471 R   0.06401 0.92284 0.00196 0.01118 ( 2)
 472 A   0.00022 0.99248 0.00000 0.00731 ( 2)
 473 G   0.05466 0.94146 0.00012 0.00377 ( 2)
 474 G   0.99123 0.00795 0.00081 0.00002 ( 1)
 475 L   0.95365 0.04457 0.00166 0.00011 ( 1)
 476 E   0.00073 0.98574 0.00005 0.01348 ( 2)
 477 L   0.92716 0.07154 0.00115 0.00016 ( 1)
 478 R   0.96991 0.02845 0.00159 0.00006 ( 1)
 479 F   0.99187 0.00748 0.00065 0.00001 ( 1)
 480 D   0.95924 0.04016 0.00054 0.00006 ( 1)
 481 A   0.01824 0.97447 0.00139 0.00590 ( 2)
 482 G   0.50680 0.44988 0.03949 0.00383 ( 1)
 483 G   0.99801 0.00134 0.00065 0.00000 ( 1)
 484 N   0.99883 0.00056 0.00061 0.00000 ( 1)
 485 V   0.99840 0.00065 0.00095 0.00000 ( 1)
 486 N   0.98768 0.00257 0.00975 0.00001 ( 1)
 487 L   0.68525 0.26098 0.05030 0.00346 ( 1)
 488 K   0.98253 0.00728 0.01017 0.00002 ( 1)
 489 Y   0.06589 0.93338 0.00002 0.00071 ( 2)
 490 D   0.96073 0.03869 0.00053 0.00006 ( 1)
 491 L   0.96874 0.03000 0.00119 0.00007 ( 1)
 492 K   0.98992 0.00981 0.00027 0.00001 ( 1)
 493 L   0.70594 0.29208 0.00123 0.00075 ( 1)
 494 W   0.74464 0.25502 0.00021 0.00014 ( 1)
 495 V   0.99199 0.00705 0.00094 0.00002 ( 1)
 496 W   0.99728 0.00244 0.00027 0.00000 ( 1)
 497 R   0.01046 0.98452 0.00013 0.00489 ( 2)
 498 D   0.10920 0.88301 0.00162 0.00616 ( 2)
 499 P   0.00181 0.99519 0.00000 0.00299 ( 2)
 500 T   0.72296 0.27545 0.00111 0.00048 ( 1)
 501 P   0.99869 0.00038 0.00093 0.00000 ( 1)
 502 E   0.00352 0.99363 0.00001 0.00284 ( 2)
 503 L   0.99660 0.00065 0.00276 0.00000 ( 1)
 504 R   0.64321 0.34650 0.00883 0.00146 ( 1)
 505 T   0.00083 0.99772 0.00000 0.00146 ( 2)
 506 V   0.99845 0.00060 0.00095 0.00000 ( 1)
 507 G   0.99888 0.00045 0.00068 0.00000 ( 1)
 508 T   0.00466 0.99400 0.00000 0.00134 ( 2)
 509 F   0.99944 0.00012 0.00043 0.00000 ( 1)
 510 N   0.99176 0.00675 0.00146 0.00002 ( 1)
 511 G   0.90512 0.09350 0.00116 0.00022 ( 1)
 512 S   0.13030 0.86733 0.00012 0.00225 ( 2)
 513 L   0.99333 0.00370 0.00295 0.00002 ( 1)
 514 W   0.02813 0.96985 0.00005 0.00197 ( 2)
 515 -   0.83322 0.15704 0.00820 0.00154 ( 1)
 516 L   0.01069 0.98636 0.00002 0.00292 ( 2)
 517 Q   0.91881 0.08038 0.00069 0.00012 ( 1)
 518 R   0.93059 0.06764 0.00163 0.00015 ( 1)
 519 S   0.00094 0.97780 0.00058 0.02068 ( 2)
 520 K   0.99039 0.00933 0.00027 0.00001 ( 1)
 521 I   0.99826 0.00127 0.00046 0.00000 ( 1)
 522 C   0.00100 0.99454 0.00000 0.00445 ( 2)
 523 W   0.99728 0.00244 0.00027 0.00000 ( 1)
 524 H   0.99882 0.00063 0.00055 0.00000 ( 1)
 525 T   0.97965 0.01900 0.00132 0.00003 ( 1)
 526 H   0.02468 0.93250 0.01032 0.03249 ( 2)
 527 S   0.00619 0.95096 0.01102 0.03183 ( 2)
 528 N   0.99878 0.00093 0.00029 0.00000 ( 1)
 529 R   0.83275 0.15710 0.00977 0.00039 ( 1)
 530 V   0.00002 0.99226 0.00001 0.00771 ( 2)
 531 P   0.99731 0.00164 0.00105 0.00000 ( 1)
 532 V   0.93677 0.06220 0.00089 0.00014 ( 1)
 533 S   0.99527 0.00439 0.00033 0.00000 ( 1)
 534 Q   0.77698 0.22240 0.00039 0.00023 ( 1)
 535 C   0.99931 0.00038 0.00031 0.00000 ( 1)
 536 S   0.99003 0.00964 0.00032 0.00001 ( 1)
 537 Q   0.38190 0.61215 0.00447 0.00148 ( 2)
 538 Q   0.83019 0.16923 0.00041 0.00017 ( 1)
 539 C   0.99883 0.00086 0.00031 0.00000 ( 1)
 540 Q   0.40552 0.58813 0.00256 0.00379 ( 2)
 541 E   0.98246 0.01676 0.00076 0.00002 ( 1)
 542 G   0.99837 0.00096 0.00068 0.00000 ( 1)
 543 Q   0.99662 0.00288 0.00050 0.00000 ( 1)
 544 V   0.99783 0.00122 0.00095 0.00000 ( 1)
 545 R   0.99827 0.00105 0.00068 0.00000 ( 1)
 546 R   0.98908 0.00842 0.00248 0.00003 ( 1)
 547 V   0.99783 0.00081 0.00135 0.00000 ( 1)
 548 K   0.99126 0.00847 0.00027 0.00001 ( 1)
 549 G   0.99796 0.00109 0.00095 0.00000 ( 1)
 550 F   0.99828 0.00128 0.00043 0.00000 ( 1)
 551 H   0.94913 0.05028 0.00052 0.00007 ( 1)
 552 S   0.99586 0.00380 0.00033 0.00000 ( 1)
 553 C   0.93282 0.06683 0.00029 0.00005 ( 1)
 554 C   0.93282 0.06683 0.00029 0.00005 ( 1)
 555 Y   0.99231 0.00740 0.00028 0.00001 ( 1)
 556 D   0.99921 0.00025 0.00055 0.00000 ( 1)
 557 C   0.99631 0.00304 0.00066 0.00000 ( 1)
 558 V   0.99762 0.00141 0.00097 0.00000 ( 1)
 559 D   0.99921 0.00025 0.00055 0.00000 ( 1)
 560 C   0.99927 0.00042 0.00031 0.00000 ( 1)
 561 K   0.51690 0.48264 0.00014 0.00032 ( 1)
 562 P   0.63954 0.07260 0.28414 0.00372 ( 1)
 563 G   0.99888 0.00045 0.00068 0.00000 ( 1)
 564 S   0.99889 0.00049 0.00062 0.00000 ( 1)
 565 Y   0.99917 0.00055 0.00029 0.00000 ( 1)
 566 Q   0.76074 0.23837 0.00058 0.00031 ( 1)
 567 -   0.83322 0.15704 0.00820 0.00154 ( 1)
 568 H   0.00792 0.99046 0.00000 0.00161 ( 2)
 569 S   0.62865 0.37080 0.00021 0.00035 ( 1)
 570 P   0.11820 0.87865 0.00033 0.00282 ( 2)
 571 -   0.83322 0.15704 0.00820 0.00154 ( 1)
 572 -   0.83322 0.15704 0.00820 0.00154 ( 1)
 573 E   0.17600 0.81051 0.00720 0.00629 ( 2)
 574 D   0.99500 0.00445 0.00055 0.00001 ( 1)
 575 P   0.00018 0.99664 0.00000 0.00318 ( 2)
 576 T   0.00225 0.99663 0.00000 0.00112 ( 2)
 577 C   0.94977 0.04960 0.00057 0.00005 ( 1)
 578 T   0.72458 0.27460 0.00049 0.00033 ( 1)
 579 P   0.00000 0.99750 0.00000 0.00250 ( 2)
 580 C   0.80446 0.19513 0.00025 0.00016 ( 1)
 581 R   0.00000 0.98063 0.00000 0.01937 ( 2)
 582 K   0.00778 0.98042 0.00048 0.01132 ( 2)
 583 D   0.54430 0.45494 0.00037 0.00040 ( 1)
 584 Q   0.49217 0.47769 0.02527 0.00487 ( 1)
 585 W   0.93627 0.06344 0.00026 0.00003 ( 1)
 586 S   0.99933 0.00034 0.00034 0.00000 ( 1)
 587 P   0.99883 0.00048 0.00070 0.00000 ( 1)
 588 Q   0.52115 0.40200 0.06816 0.00869 ( 1)
 589 R   0.99802 0.00129 0.00068 0.00000 ( 1)
 590 S   0.99935 0.00032 0.00033 0.00000 ( 1)
 591 R   0.06171 0.12405 0.74488 0.06935 ( 3)
 592 K   0.12778 0.10799 0.74531 0.01892 ( 3)
 593 C   0.99931 0.00038 0.00031 0.00000 ( 1)
 594 F   0.99944 0.00012 0.00043 0.00000 ( 1)
 595 S   0.01346 0.97395 0.00339 0.00920 ( 2)
 596 R   0.99007 0.00095 0.00897 0.00001 ( 1)
 597 R   0.98398 0.01421 0.00177 0.00004 ( 1)
 598 H   0.00816 0.96834 0.00115 0.02234 ( 2)
 599 T   0.53927 0.24017 0.20645 0.01411 ( 1)
 600 F   0.99799 0.00158 0.00043 0.00000 ( 1)
 601 L   0.95251 0.04568 0.00168 0.00012 ( 1)
 602 A   0.18119 0.81425 0.00042 0.00413 ( 2)
 603 W   0.54571 0.45389 0.00015 0.00024 ( 1)
 604 G   0.99279 0.00644 0.00076 0.00001 ( 1)
 605 D   0.41583 0.57991 0.00224 0.00202 ( 2)
 606 P   0.92739 0.07185 0.00065 0.00012 ( 1)
 607 T   0.74658 0.15814 0.09271 0.00257 ( 1)
 608 V   0.99165 0.00739 0.00094 0.00002 ( 1)
 609 L   0.99502 0.00375 0.00123 0.00001 ( 1)
 610 V   0.00239 0.98289 0.00020 0.01452 ( 2)
 611 L   0.73625 0.26226 0.00091 0.00058 ( 1)
 612 L   0.95234 0.04450 0.00287 0.00029 ( 1)
 613 L   0.83167 0.16645 0.00145 0.00043 ( 1)
 614 L   0.91948 0.07921 0.00113 0.00017 ( 1)
 615 L   0.94950 0.04922 0.00117 0.00011 ( 1)
 616 G   0.34887 0.64975 0.00024 0.00113 ( 2)
 617 L   0.99321 0.00555 0.00122 0.00001 ( 1)
 618 V   0.97096 0.02754 0.00143 0.00007 ( 1)
 619 L   0.99541 0.00335 0.00123 0.00001 ( 1)
 620 A   0.92732 0.00659 0.06601 0.00008 ( 1)
 621 L   0.98704 0.01160 0.00133 0.00003 ( 1)
 622 V   0.99845 0.00060 0.00095 0.00000 ( 1)
 623 L   0.91948 0.07921 0.00113 0.00017 ( 1)
 624 A   0.97132 0.02791 0.00073 0.00005 ( 1)
 625 A   0.33789 0.66066 0.00024 0.00121 ( 2)
 626 L   0.94741 0.05124 0.00123 0.00012 ( 1)
 627 G   0.99544 0.00100 0.00355 0.00001 ( 1)
 628 L   0.66344 0.33244 0.00202 0.00210 ( 1)
 629 F   0.97805 0.02135 0.00059 0.00002 ( 1)
 630 V   0.00140 0.99586 0.00000 0.00274 ( 2)
 631 H   0.56703 0.43178 0.00046 0.00073 ( 1)
 632 H   0.99203 0.00738 0.00058 0.00001 ( 1)
 633 R   0.13353 0.86453 0.00023 0.00171 ( 2)
 634 N   0.67194 0.32063 0.00663 0.00080 ( 1)
 635 S   0.94931 0.05033 0.00031 0.00004 ( 1)
 636 P   0.97366 0.02434 0.00193 0.00007 ( 1)
 637 L   0.87823 0.12042 0.00109 0.00026 ( 1)
 638 V   0.49950 0.49876 0.00054 0.00120 ( 1)
 639 Q   0.81729 0.18211 0.00041 0.00019 ( 1)
 640 A   0.99911 0.00019 0.00070 0.00000 ( 1)
 641 S   0.94856 0.05043 0.00093 0.00008 ( 1)
 642 G   0.73860 0.26013 0.00083 0.00044 ( 1)
 643 G   0.86713 0.13212 0.00056 0.00019 ( 1)
 644 L   0.00638 0.98817 0.00002 0.00543 ( 2)
 645 L   0.91948 0.07921 0.00113 0.00017 ( 1)
 646 A   0.99002 0.00889 0.00107 0.00002 ( 1)
 647 C   0.93021 0.06944 0.00029 0.00006 ( 1)
 648 F   0.57937 0.41995 0.00035 0.00032 ( 1)
 649 G   0.54592 0.45296 0.00037 0.00074 ( 1)
 650 L   0.86261 0.13603 0.00106 0.00030 ( 1)
 651 A   0.57528 0.42314 0.00062 0.00097 ( 1)
 652 C   0.98934 0.01035 0.00031 0.00001 ( 1)
 653 L   0.93070 0.06799 0.00116 0.00015 ( 1)
 654 G   0.92281 0.07644 0.00063 0.00013 ( 1)
 655 L   0.97261 0.02614 0.00120 0.00006 ( 1)
 656 V   0.99424 0.00476 0.00099 0.00001 ( 1)
 657 C   0.99931 0.00038 0.00031 0.00000 ( 1)
 658 L   0.94143 0.05752 0.00093 0.00012 ( 1)
 659 S   0.89281 0.10622 0.00084 0.00014 ( 1)
 660 G   0.59248 0.40488 0.00141 0.00123 ( 1)
 661 L   0.94785 0.05110 0.00093 0.00012 ( 1)
 662 L   0.87302 0.12358 0.00283 0.00058 ( 1)
 663 F   0.98511 0.01445 0.00043 0.00002 ( 1)
 664 P   0.89028 0.10832 0.00121 0.00019 ( 1)
 665 G   0.99867 0.00064 0.00069 0.00000 ( 1)
 666 R   0.74770 0.25110 0.00078 0.00042 ( 1)
 667 P   0.99763 0.00106 0.00131 0.00000 ( 1)
 668 S   0.95176 0.04789 0.00031 0.00004 ( 1)
 669 P   0.99428 0.00499 0.00073 0.00001 ( 1)
 670 A   0.93886 0.06017 0.00086 0.00011 ( 1)
 671 S   0.47482 0.52423 0.00024 0.00071 ( 2)
 672 C   0.99917 0.00052 0.00031 0.00000 ( 1)
 673 L   0.67778 0.32067 0.00084 0.00071 ( 1)
 674 A   0.99759 0.00171 0.00070 0.00000 ( 1)
 675 Q   0.97786 0.02163 0.00049 0.00002 ( 1)
 676 Q   0.98175 0.01774 0.00049 0.00002 ( 1)
 677 P   0.99096 0.00773 0.00130 0.00002 ( 1)
 678 L   0.32563 0.67107 0.00090 0.00240 ( 2)
 679 C   0.79481 0.12445 0.07820 0.00254 ( 1)
 680 H   0.67486 0.32430 0.00037 0.00047 ( 1)
 681 L   0.99823 0.00079 0.00098 0.00000 ( 1)
 682 P   0.98715 0.01114 0.00169 0.00003 ( 1)
 683 L   0.99811 0.00090 0.00098 0.00000 ( 1)
 684 T   0.99634 0.00240 0.00125 0.00000 ( 1)
 685 G   0.99837 0.00096 0.00068 0.00000 ( 1)
 686 C   0.99883 0.00086 0.00031 0.00000 ( 1)
 687 L   0.99321 0.00555 0.00122 0.00001 ( 1)
 688 S   0.99893 0.00074 0.00033 0.00000 ( 1)
 689 T   0.92587 0.07276 0.00126 0.00011 ( 1)
 690 L   0.98421 0.01444 0.00130 0.00004 ( 1)
 691 F   0.96325 0.03628 0.00042 0.00005 ( 1)
 692 L   0.99321 0.00555 0.00122 0.00001 ( 1)
 693 Q   0.99664 0.00287 0.00050 0.00000 ( 1)
 694 A   0.99541 0.00334 0.00125 0.00001 ( 1)
 695 A   0.99877 0.00053 0.00070 0.00000 ( 1)
 696 E   0.98683 0.01266 0.00050 0.00002 ( 1)
 697 T   0.82907 0.16878 0.00185 0.00030 ( 1)
 698 F   0.99906 0.00051 0.00044 0.00000 ( 1)
 699 V   0.88900 0.10991 0.00085 0.00024 ( 1)
 700 E   0.99825 0.00124 0.00050 0.00000 ( 1)
 701 S   0.98134 0.01710 0.00153 0.00003 ( 1)
 702 E   0.99560 0.00388 0.00052 0.00000 ( 1)
 703 L   0.99012 0.00809 0.00177 0.00002 ( 1)
 704 P   0.99041 0.00882 0.00076 0.00002 ( 1)
 705 P   0.00959 0.98788 0.00002 0.00252 ( 2)
 706 S   0.95433 0.04532 0.00031 0.00004 ( 1)
 707 W   0.97155 0.02817 0.00027 0.00002 ( 1)
 708 A   0.31098 0.68705 0.00053 0.00145 ( 2)
 709 D   0.97108 0.02835 0.00053 0.00004 ( 1)
 710 R   0.93828 0.04639 0.01489 0.00043 ( 1)
 711 L   0.96646 0.03228 0.00119 0.00007 ( 1)
 712 H   0.11125 0.86739 0.00942 0.01195 ( 2)
 713 S   0.98518 0.00435 0.01046 0.00001 ( 1)
 714 R   0.94716 0.05176 0.00098 0.00010 ( 1)
 715 L   0.99541 0.00335 0.00123 0.00001 ( 1)
 716 R   0.97594 0.02227 0.00175 0.00004 ( 1)
 717 G   0.99825 0.00109 0.00066 0.00000 ( 1)
 718 P   0.99714 0.00216 0.00070 0.00000 ( 1)
 719 C   0.75718 0.21044 0.03098 0.00140 ( 1)
 720 A   0.99911 0.00019 0.00070 0.00000 ( 1)
 721 W   0.99728 0.00244 0.00027 0.00000 ( 1)
 722 M   0.89801 0.03429 0.06723 0.00047 ( 1)
 723 V   0.60709 0.38617 0.00556 0.00117 ( 1)
 724 V   0.99845 0.00060 0.00095 0.00000 ( 1)
 725 V   0.89358 0.03128 0.07468 0.00047 ( 1)
 726 L   0.99397 0.00429 0.00174 0.00001 ( 1)
 727 A   0.99728 0.00202 0.00070 0.00000 ( 1)
 728 L   0.23940 0.72107 0.02606 0.01347 ( 2)
 729 L   0.99541 0.00335 0.00123 0.00001 ( 1)
 730 V   0.99825 0.00077 0.00098 0.00000 ( 1)
 731 E   0.99897 0.00053 0.00050 0.00000 ( 1)
 732 A   0.99228 0.00640 0.00131 0.00001 ( 1)
 733 A   0.98776 0.01142 0.00080 0.00002 ( 1)
 734 L   0.99541 0.00335 0.00123 0.00001 ( 1)
 735 C   0.99828 0.00109 0.00062 0.00000 ( 1)
 736 A   0.61002 0.38716 0.00172 0.00109 ( 1)
 737 W   0.99728 0.00244 0.00027 0.00000 ( 1)
 738 Y   0.99917 0.00055 0.00029 0.00000 ( 1)
 739 L   0.99541 0.00335 0.00123 0.00001 ( 1)
 740 I   0.00593 0.99098 0.00006 0.00303 ( 2)
 741 A   0.99880 0.00028 0.00092 0.00000 ( 1)
 742 F   0.99943 0.00014 0.00043 0.00000 ( 1)
 743 R   0.91382 0.01137 0.07467 0.00014 ( 1)
 744 P   0.98632 0.01167 0.00199 0.00003 ( 1)
 745 E   0.99897 0.00053 0.00050 0.00000 ( 1)
 746 V   0.99772 0.00082 0.00145 0.00000 ( 1)
 747 V   0.99845 0.00060 0.00095 0.00000 ( 1)
 748 M   0.49707 0.46560 0.03186 0.00546 ( 1)
 749 D   0.99921 0.00025 0.00055 0.00000 ( 1)
 750 W   0.99728 0.00244 0.00027 0.00000 ( 1)
 751 H   0.55938 0.43873 0.00074 0.00115 ( 1)
 752 V   0.92666 0.07225 0.00092 0.00017 ( 1)
 753 L   0.99468 0.00357 0.00174 0.00001 ( 1)
 754 P   0.99909 0.00021 0.00070 0.00000 ( 1)
 755 T   0.95585 0.04279 0.00130 0.00007 ( 1)
 756 K   0.98424 0.00557 0.01018 0.00001 ( 1)
 757 A   0.99194 0.00643 0.00161 0.00001 ( 1)
 758 L   0.99470 0.00355 0.00174 0.00001 ( 1)
 759 V   0.98063 0.01780 0.00153 0.00004 ( 1)
 760 H   0.99917 0.00027 0.00055 0.00000 ( 1)
 761 C   0.99885 0.00083 0.00031 0.00000 ( 1)
 762 R   0.99422 0.00509 0.00068 0.00001 ( 1)
 763 V   0.00046 0.99502 0.00001 0.00452 ( 2)
 764 H   0.98936 0.00980 0.00082 0.00002 ( 1)
 765 S   0.99935 0.00031 0.00034 0.00000 ( 1)
 766 W   0.99728 0.00244 0.00027 0.00000 ( 1)
 767 A   0.96775 0.00444 0.02779 0.00002 ( 1)
 768 G   0.95738 0.03233 0.01021 0.00009 ( 1)
 769 L   0.98595 0.01239 0.00163 0.00003 ( 1)
 770 G   0.99888 0.00045 0.00068 0.00000 ( 1)
 771 L   0.99523 0.00352 0.00124 0.00001 ( 1)
 772 V   0.99024 0.00880 0.00094 0.00002 ( 1)
 773 H   0.99883 0.00062 0.00055 0.00000 ( 1)
 774 T   0.96846 0.02006 0.01142 0.00006 ( 1)
 775 L   0.35186 0.13455 0.50993 0.00366 ( 3)
 776 N   0.99494 0.00448 0.00058 0.00000 ( 1)
 777 A   0.99906 0.00024 0.00070 0.00000 ( 1)
 778 I   0.04922 0.94288 0.00303 0.00486 ( 2)
 779 L   0.99541 0.00335 0.00123 0.00001 ( 1)
 780 A   0.99841 0.00082 0.00077 0.00000 ( 1)
 781 S   0.99691 0.00258 0.00051 0.00000 ( 1)
 782 L   0.99773 0.00128 0.00098 0.00000 ( 1)
 783 C   0.99550 0.00418 0.00031 0.00000 ( 1)
 784 F   0.99941 0.00015 0.00044 0.00000 ( 1)
 785 L   0.99436 0.00439 0.00124 0.00001 ( 1)
 786 G   0.99847 0.00064 0.00089 0.00000 ( 1)
 787 T   0.99931 0.00033 0.00036 0.00000 ( 1)
 788 F   0.99944 0.00012 0.00043 0.00000 ( 1)
 789 L   0.99541 0.00335 0.00123 0.00001 ( 1)
 790 V   0.99772 0.00082 0.00145 0.00000 ( 1)
 791 R   0.70917 0.20556 0.08241 0.00285 ( 1)
 792 S   0.99935 0.00032 0.00033 0.00000 ( 1)
 793 Q   0.20133 0.79367 0.00255 0.00245 ( 2)
 794 P   0.99756 0.00144 0.00100 0.00000 ( 1)
 795 G   0.91996 0.07775 0.00209 0.00021 ( 1)
 796 R   0.99438 0.00494 0.00068 0.00001 ( 1)
 797 Y   0.99917 0.00055 0.00029 0.00000 ( 1)
 798 S   0.99537 0.00413 0.00049 0.00000 ( 1)
 799 R   0.79663 0.20182 0.00119 0.00036 ( 1)
 800 A   0.99911 0.00019 0.00070 0.00000 ( 1)
 801 R   0.97582 0.02280 0.00134 0.00004 ( 1)
 802 G   0.99888 0.00045 0.00068 0.00000 ( 1)
 803 L   0.99198 0.00516 0.00283 0.00003 ( 1)
 804 T   0.99937 0.00027 0.00036 0.00000 ( 1)
 805 F   0.98245 0.01694 0.00060 0.00001 ( 1)
 806 A   0.99911 0.00019 0.00070 0.00000 ( 1)
 807 T   0.60180 0.39275 0.00429 0.00115 ( 1)
 808 L   0.99541 0.00335 0.00123 0.00001 ( 1)
 809 A   0.99880 0.00028 0.00092 0.00000 ( 1)
 810 Y   0.99853 0.00118 0.00029 0.00000 ( 1)
 811 L   0.99597 0.00255 0.00147 0.00001 ( 1)
 812 I   0.99942 0.00012 0.00046 0.00000 ( 1)
 813 T   0.99668 0.00296 0.00036 0.00000 ( 1)
 814 W   0.99728 0.00244 0.00027 0.00000 ( 1)
 815 V   0.99869 0.00033 0.00098 0.00000 ( 1)
 816 S   0.99935 0.00031 0.00034 0.00000 ( 1)
 817 F   0.99935 0.00022 0.00044 0.00000 ( 1)
 818 V   0.99845 0.00060 0.00095 0.00000 ( 1)
 819 P   0.99885 0.00045 0.00070 0.00000 ( 1)
 820 L   0.99865 0.00037 0.00098 0.00000 ( 1)
 821 L   0.99541 0.00335 0.00123 0.00001 ( 1)
 822 A   0.99911 0.00019 0.00070 0.00000 ( 1)
 823 N   0.99311 0.00629 0.00059 0.00000 ( 1)
 824 V   0.98001 0.01901 0.00094 0.00004 ( 1)
 825 Q   0.98455 0.01494 0.00049 0.00002 ( 1)
 826 V   0.99845 0.00060 0.00095 0.00000 ( 1)
 827 A   0.99519 0.00408 0.00072 0.00001 ( 1)
 828 H   0.54122 0.45642 0.00108 0.00128 ( 1)
 829 Q   0.97382 0.02505 0.00109 0.00005 ( 1)
 830 P   0.99792 0.00079 0.00128 0.00000 ( 1)
 831 A   0.99905 0.00025 0.00070 0.00000 ( 1)
 832 V   0.93893 0.06003 0.00091 0.00013 ( 1)
 833 Q   0.99798 0.00152 0.00050 0.00000 ( 1)
 834 M   0.99942 0.00017 0.00041 0.00000 ( 1)
 835 G   0.99620 0.00282 0.00097 0.00000 ( 1)
 836 A   0.99716 0.00020 0.00264 0.00000 ( 1)
 837 V   0.87627 0.05541 0.06754 0.00078 ( 1)
 838 L   0.99683 0.00207 0.00109 0.00001 ( 1)
 839 F   0.98073 0.00763 0.01161 0.00002 ( 1)
 840 C   0.96118 0.03810 0.00069 0.00003 ( 1)
 841 A   0.95144 0.04776 0.00069 0.00010 ( 1)
 842 L   0.99541 0.00335 0.00123 0.00001 ( 1)
 843 G   0.99888 0.00045 0.00068 0.00000 ( 1)
 844 I   0.99714 0.00040 0.00245 0.00000 ( 1)
 845 L   0.99541 0.00335 0.00123 0.00001 ( 1)
 846 V   0.93872 0.01869 0.04238 0.00021 ( 1)
 847 A   0.99911 0.00019 0.00070 0.00000 ( 1)
 848 F   0.97590 0.02364 0.00042 0.00003 ( 1)
 849 H   0.99917 0.00027 0.00055 0.00000 ( 1)
 850 L   0.99509 0.00368 0.00123 0.00001 ( 1)
 851 P   0.99903 0.00027 0.00070 0.00000 ( 1)
 852 K   0.98387 0.01570 0.00041 0.00001 ( 1)
 853 C   0.99252 0.00713 0.00034 0.00001 ( 1)
 854 Y   0.99917 0.00055 0.00029 0.00000 ( 1)
 855 L   0.99511 0.00365 0.00123 0.00001 ( 1)
 856 L   0.99692 0.00112 0.00196 0.00000 ( 1)
 857 V   0.04161 0.94574 0.00252 0.01014 ( 2)
 858 R   0.28203 0.69838 0.01325 0.00635 ( 2)
